site,abs_diffsel,positive_diffsel,negative_diffsel
602,41.1755191168,41.0216273421,-0.1538917747
600,19.3476660583,18.600982121,-0.746683937273
501,16.3717095179,16.3297387392,-0.0419707786791
636,15.2803303377,14.4731296335,-0.807200704144
637,13.109540126,11.7114433263,-1.39809679975
392,12.9504017115,2.02708472932,-10.9233169821
395,12.6574761055,6.19089708477,-6.4665790207
474,12.5468902737,2.57346288086,-9.97342739283
385,12.2201949138,3.54490754074,-8.67528737304
481,11.5326663832,5.281386483,-6.25127990016
391,11.2601165795,3.95112605919,-7.30899052029
479,11.0282952373,0.608571053161,-10.4197241842
451,10.899214774,0.544922218894,-10.3542925551
601,10.7707688778,5.92919266344,-4.84157621439
389,10.5351182965,1.98701871801,-8.54809957847
633,10.5147443804,8.20763951859,-2.30710486181
414,10.3480903609,1.32959789064,-9.01849247029
626,10.3296052303,9.22927138452,-1.10033384577
390,10.1760973038,3.07098699337,-7.10511031047
646,10.1044728631,8.59049924107,-1.51397362199
450,10.0239879125,2.84484860093,-7.17913931157
381,10.0184845607,0.993451166135,-9.02503339454
498,9.79227174603,6.50228699591,-3.28998475012
379,9.74488556261,3.56777746673,-6.17710809589
398,9.70854750488,3.62885466629,-6.0796928386
675,9.19371348091,4.17158384856,-5.02212963236
419,9.14159688262,1.14855691736,-7.99303996526
396,9.08997916537,1.90909423637,-7.180884929
464,9.0815091943,0.822869615481,-8.25863957882
583,9.0124902008,0.42004580888,-8.59244439192
621,9.0068548353,3.06393371774,-5.94292111756
432,9.00342248482,3.23365503381,-5.76976745101
337,8.96637668823,2.65997111691,-6.30640557131
630,8.91662175345,6.56934678245,-2.347274971
628,8.91479343325,7.432800624,-1.48199280925
623,8.85154190136,7.54902998273,-1.30251191863
401,8.82293060978,1.6224993606,-7.20043124918
393,8.81412618922,3.43516449472,-5.3789616945
473,8.74434113137,1.80008428269,-6.94425684867
397,8.69757395013,2.82884471654,-5.86872923358
470,8.62760961828,4.91313201049,-3.71447760779
287,8.50616277115,1.77303409653,-6.73312867462
453,8.4374426906,1.89742400591,-6.54001868469
422,8.39243936014,1.42747783886,-6.96496152128
625,8.38744371829,4.08216138194,-4.30528233635
613,8.31676336366,1.69999867277,-6.61676469089
437,8.25925166481,2.11304359834,-6.14620806647
460,8.15407117206,1.02993119197,-7.12413998009
634,8.13166843611,4.76172847337,-3.36993996275
463,8.12267917751,1.51297532911,-6.60970384839
688,8.11796437322,3.92972222857,-4.18824214464
681,8.08838924513,2.00873592365,-6.07965332148
328,8.0448314362,2.03046515787,-6.01436627834
400,8.0238972734,3.64065614051,-4.38324113289
480,8.02062035688,4.04919945897,-3.97142089791
394,7.9474938818,1.41872184812,-6.52877203368
465,7.93194220014,2.72984153649,-5.20210066365
340,7.88000051133,3.2433955255,-4.63660498583
684,7.86831299412,1.69924578243,-6.16906721169
334,7.85413864851,2.6183329122,-5.23580573631
268,7.813771928,2.52068306177,-5.29308886623
406,7.77494091232,2.40115583187,-5.37378508045
368,7.75014704744,1.69024083712,-6.05990621032
691,7.72809627728,1.29174608607,-6.43635019121
399,7.64891437632,1.81503010686,-5.83388426946
341,7.6418536881,1.70814383218,-5.93370985592
367,7.58568458027,1.38369220395,-6.20199237632
433,7.57521403074,2.93672022566,-4.63849380508
386,7.56565883006,3.2390889404,-4.32656988966
614,7.55344094142,1.14682686854,-6.40661407289
365,7.55340878582,2.98668944104,-4.56671934478
609,7.54386930128,4.08703839703,-3.45683090424
283,7.52627008125,3.54439805516,-3.98187202609
373,7.52018113338,2.76477266499,-4.75540846839
261,7.50680285514,2.16818512548,-5.33861772966
388,7.49815639071,3.0838664802,-4.41428991051
608,7.47751817621,3.05545270172,-4.42206547449
402,7.45776125726,3.150606308,-4.30715494926
333,7.44481315254,2.00288744907,-5.44192570347
421,7.43495804514,3.23285588695,-4.2021021582
683,7.43320180208,2.41148371992,-5.02171808217
349,7.40143808809,1.64225875895,-5.75917932914
663,7.39158752959,1.31865967941,-6.07292785018
618,7.34699175498,1.31737362921,-6.02961812577
423,7.29073698815,1.92823078069,-5.36250620746
680,7.28786805697,2.49733899533,-4.79052906164
420,7.26931943211,1.20356000283,-6.06575942928
673,7.26920103662,2.3025781694,-4.96662286722
417,7.25692710171,2.01169226995,-5.24523483176
382,7.24181213996,2.62182246552,-4.61998967444
589,7.24154437832,2.58734561754,-4.65419876078
472,7.24111615617,2.36093525432,-4.88018090185
431,7.23664380749,1.30764365759,-5.9290001499
376,7.19263546896,2.02347477254,-5.16916069642
654,7.14603542627,2.65297937609,-4.49305605018
466,7.08676336225,1.23861035469,-5.84815300756
378,7.08655517355,3.44000575912,-3.64654941444
454,7.07865952397,1.31554356537,-5.7631159586
232,7.00043074968,4.61682138814,-2.38360936154
387,6.91980505769,1.76404431582,-5.15576074188
579,6.90645262843,2.06007041022,-4.84638221821
687,6.89104052484,2.58765854396,-4.30338198088
363,6.87772218244,2.32926604714,-4.54845613529
325,6.86639102385,3.20837767028,-3.65801335357
424,6.86359430648,2.31357984068,-4.5500144658
478,6.85086132895,2.87358311031,-3.97727821864
279,6.84397288804,3.48794107638,-3.35603181166
617,6.71851824987,2.00267055518,-4.71584769469
471,6.71528415605,2.31450230318,-4.40078185287
502,6.71483115936,3.88135830024,-2.83347285911
404,6.71011982932,1.75974926875,-4.95037056057
430,6.70363527766,4.49129295873,-2.21234231893
345,6.70030537476,1.65290267166,-5.0474027031
482,6.68802029702,1.72356212208,-4.96445817494
653,6.67420945199,4.02042266463,-2.65378678736
248,6.66576548656,1.44644486875,-5.2193206178
456,6.64684650796,2.20980743467,-4.43703907329
314,6.64073298419,1.6742943343,-4.96643864989
682,6.60280137324,2.62891636278,-3.97388501046
468,6.59976074209,1.65097725846,-4.94878348362
452,6.59302365939,0.914209838591,-5.6788138208
503,6.58246089533,4.59483833456,-1.98762256077
329,6.56910984093,1.98314666191,-4.58596317902
685,6.53736007373,2.24379211342,-4.2935679603
429,6.53016061619,2.57337474279,-3.9567858734
318,6.52944730324,2.29031411157,-4.23913319168
207,6.50521210789,1.42497843056,-5.08023367733
263,6.50062982678,1.30670100464,-5.19392882214
408,6.48560309169,3.97539052147,-2.51021257021
289,6.4754540414,1.12035978443,-5.35509425697
477,6.44640493868,1.07770556044,-5.36869937824
441,6.43299163218,3.25944526821,-3.17354636397
344,6.42940839844,2.87803489936,-3.55137349909
659,6.41372754389,3.51291295011,-2.90081459378
629,6.40855195773,3.00929652489,-3.39925543283
523,6.4052632687,1.70342481336,-4.70183845534
356,6.3997579022,1.24036444442,-5.15939345778
467,6.39787604857,1.26069161022,-5.13718443835
272,6.38024579506,2.87237958614,-3.50786620891
418,6.37608360522,1.43459552307,-4.94148808215
226,6.37464387314,2.53649691868,-3.83814695446
276,6.37211221853,0.944631270712,-5.42748094782
651,6.3598674267,3.37453367058,-2.98533375612
656,6.35621561706,1.58841119621,-4.76780442084
184,6.31073604203,2.98215338901,-3.32858265302
259,6.2874342117,2.06013093338,-4.22730327832
375,6.28737374068,2.29704838974,-3.99032535094
449,6.28052877344,1.49785032757,-4.78267844587
296,6.25789372538,1.48483782474,-4.77305590064
648,6.2543882055,3.3034995028,-2.9508887027
384,6.23733040454,3.12582778983,-3.1115026147
260,6.20723774699,3.78063712737,-2.42660061962
63,6.1855187103,1.35778802237,-4.82773068792
310,6.18184877625,3.08495054486,-3.09689823139
353,6.17916629683,1.84295679334,-4.33620950348
243,6.16415874513,4.19876839449,-1.96539035064
558,6.15904978334,2.86596872947,-3.29308105387
455,6.15257113995,0.957935850839,-5.19463528911
596,6.13991177713,3.78926728962,-2.35064448751
48,6.12889305503,2.7901520817,-3.33874097334
142,6.11091975352,1.57964048056,-4.53127927296
362,6.09867843152,0.505337976003,-5.59334045551
76,6.09791775848,1.86486880697,-4.23304895151
179,6.08206138043,3.02979192428,-3.05226945614
674,6.07330524169,0.960904397551,-5.11240084414
265,6.06282004467,0.568419212529,-5.49440083214
323,6.05746338945,3.96340150079,-2.09406188866
616,6.03782494736,1.73598501132,-4.30183993604
383,6.01957037998,1.38231116903,-4.63725921095
234,6.01154892608,2.69416070893,-3.31738821715
619,5.99729468105,0.953021873849,-5.0442728072
499,5.99702726498,2.32623715705,-3.67079010793
210,5.9883107193,3.2604704686,-2.7278402507
347,5.98786871907,1.96046307879,-4.02740564028
426,5.97604274504,1.7333344862,-4.24270825884
493,5.95083332943,2.96961743804,-2.98121589139
435,5.94942566919,1.50472955749,-4.4446961117
411,5.92315278887,1.56448867328,-4.35866411559
647,5.91834575433,1.68862569514,-4.22972005919
476,5.91649822319,0.982744734266,-4.93375348893
374,5.90787396536,1.93042405522,-3.97744991014
354,5.88684418546,2.27095479566,-3.61588938979
679,5.8866157801,3.41576638428,-2.47084939581
262,5.88493143748,0.793780667383,-5.0911507701
622,5.88161016664,2.16630687281,-3.71530329383
425,5.87926326123,1.15303590257,-4.72622735866
339,5.85550572205,2.37479100489,-3.48071471716
330,5.85388869898,2.86118801592,-2.99270068306
457,5.84174681942,3.18571012212,-2.6560366973
447,5.84161122311,3.15453715114,-2.68707407197
157,5.82897577403,3.25351811044,-2.57545766359
269,5.82817485869,1.86615011823,-3.96202474046
562,5.80645173397,2.15710175029,-3.64934998368
366,5.79534700956,1.25103852962,-4.54430847994
304,5.76815846818,1.18331010624,-4.58484836195
270,5.76615667742,2.38156913667,-3.38458754074
298,5.76382199681,1.34287378837,-4.42094820844
440,5.76183730499,3.42686287528,-2.33497442972
610,5.74697683942,3.42726586905,-2.31971097038
513,5.74239012398,1.38458160073,-4.35780852326
649,5.71899714365,3.42906234553,-2.28993479812
657,5.71202674667,2.4404003425,-3.27162640417
143,5.69689363836,3.60322844511,-2.09366519325
223,5.68408919734,1.56162761842,-4.12246157892
403,5.67390440321,1.32537007718,-4.34853432603
230,5.66774728522,2.04850980166,-3.61923748355
428,5.64224347278,1.82234770964,-3.81989576314
413,5.62955481826,0.871602330494,-4.75795248777
469,5.61314105732,1.96453481945,-3.64860623787
201,5.59658174706,1.57238359889,-4.02419814816
98,5.5847147847,1.60611826845,-3.97859651624
627,5.58422144746,2.98955028388,-2.59467116358
180,5.58245590647,1.20879387858,-4.37366202789
645,5.5671571066,2.23034922263,-3.33680788397
605,5.56169979044,1.43346330329,-4.12823648716
660,5.55386850584,2.67674172485,-2.87712678099
640,5.55026062774,3.26977263044,-2.2804879973
578,5.5481475105,1.7853339799,-3.7628135306
350,5.54664417344,0.882650754966,-4.66399341847
140,5.52564111626,1.30879875708,-4.21684235918
132,5.51928228757,0.567134102932,-4.95214818463
351,5.51554731521,0.917739584028,-4.59780773119
671,5.50095882823,2.06233574032,-3.43862308791
372,5.49870164842,1.21460655351,-4.28409509492
664,5.49711136985,2.06577910552,-3.43133226434
343,5.49204685469,2.27338067198,-3.2186661827
228,5.49097151721,0.663895075188,-4.82707644202
652,5.4885776698,1.7319740086,-3.7566036612
436,5.48570324316,2.50773410281,-2.97796914034
689,5.48523875082,1.91581791582,-3.569420835
665,5.47808254896,1.73298208035,-3.74510046862
278,5.46803446393,1.53020073258,-3.93783373135
64,5.44716671912,0.790211830081,-4.65695488904
50,5.44317981817,0.888525114637,-4.55465470354
442,5.43750708068,2.85342331489,-2.58408376579
284,5.43559603817,1.74579627211,-3.68979976606
308,5.43053555451,0.737564383148,-4.69297117137
491,5.42617397736,1.70530657305,-3.72086740431
359,5.42489284137,1.99923010986,-3.42566273151
240,5.38969998738,2.96866690306,-2.42103308432
116,5.38323703519,1.22967700459,-4.1535600306
213,5.37983248169,0.379911641532,-4.99992084016
225,5.36753709592,1.36138059898,-4.00615649694
348,5.36501378616,1.45551885845,-3.90949492771
548,5.35285134712,2.59901231716,-2.75383902996
235,5.34927343952,2.22861381511,-3.12065962441
564,5.33106522416,1.38809438823,-3.94297083593
159,5.31211130679,1.24043437561,-4.07167693119
208,5.27690062885,2.73779419874,-2.53910643011
302,5.27613786286,1.95316401877,-3.32297384409
666,5.27586541162,3.09572443349,-2.18014097813
336,5.2627311656,0.724857470513,-4.53787369508
662,5.25170695648,1.6330012741,-3.61870568238
299,5.24234228593,0.53123529319,-4.71110699274
504,5.23741161437,0.108398918224,-5.12901269615
448,5.23706092531,1.18940065778,-4.04766026753
313,5.22641536144,2.46100957449,-2.76540578695
69,5.17899012153,0.969795659832,-4.2091944617
188,5.17441359916,1.00267619349,-4.17173740567
686,5.16701541603,1.77899921507,-3.38801620096
410,5.16576043413,0.605157444507,-4.56060298962
584,5.16562308637,2.2260809423,-2.93954214407
462,5.15515840031,1.35646901957,-3.79868938074
377,5.12587822797,1.45536808778,-3.6705101402
134,5.12254045098,2.55244494282,-2.57009550816
277,5.11975897481,2.33925299462,-2.78050598018
281,5.11819476587,1.85027255291,-3.26792221296
611,5.10921894471,2.38617862745,-2.72304031727
294,5.10376135851,1.01135864869,-4.09240270983
577,5.10301504636,0.955979129418,-4.14703591694
312,5.09014382256,2.4076411797,-2.68250264286
620,5.07485392903,1.78418941884,-3.29066451019
198,5.06980191533,1.84101480125,-3.22878711408
316,5.0670716032,2.46725008272,-2.59982152048
615,5.05732186877,1.74912348389,-3.30819838488
458,5.03159944142,3.28063977607,-1.75095966535
131,5.02283493344,2.46644348761,-2.55639144582
489,5.01793501105,2.03267609449,-2.98525891656
546,5.01660461497,1.50624576967,-3.5103588453
355,5.01200631663,2.01725108654,-2.99475523008
311,5.01067387789,1.46869170191,-3.54198217598
306,5.00329885168,2.54395249272,-2.45934635896
444,4.96110915889,1.03304918018,-3.9280599787
603,4.96044160562,2.66510306025,-2.29533854537
405,4.95653204071,1.76857075395,-3.18796128676
249,4.95612875569,0.975382605841,-3.98074614984
461,4.94270987521,1.84181727986,-3.10089259535
380,4.92196192836,0.782078981335,-4.13988294702
658,4.92100537028,1.41083141236,-3.51017395793
672,4.91458899093,1.91015066142,-3.00443832951
45,4.89887405977,1.41988598956,-3.47898807021
574,4.89383801895,2.93692037797,-1.95691764098
215,4.88520463382,0.731521131712,-4.15368350211
644,4.88377657181,2.10912091969,-2.77465565212
237,4.84852146697,1.7443333689,-3.10418809807
364,4.83625676476,0.486987358632,-4.34926940613
338,4.83469553075,2.47772069737,-2.35697483338
81,4.83136648887,2.67379549898,-2.1575709899
332,4.81901313215,1.84703551334,-2.9719776188
607,4.79189667498,1.01716426682,-3.77473240816
117,4.79057795898,2.89660829273,-1.89396966625
321,4.78075629415,0.471599952209,-4.30915634194
264,4.76758295834,2.44294189112,-2.32464106722
267,4.76686860703,0.583893801201,-4.18297480583
492,4.75232911082,2.37988491132,-2.37244419951
443,4.74131935858,0.725048175478,-4.0162711831
370,4.71828324461,1.84695251436,-2.87133073025
43,4.71530418209,2.58667214213,-2.12863203996
509,4.70659009185,1.89654031886,-2.81004977299
409,4.68345782554,1.40865497608,-3.27480284947
434,4.67422533448,2.20092829304,-2.47329704144
566,4.67289516371,0.55084031748,-4.12205484623
275,4.66924094601,1.13088259081,-3.5383583552
177,4.66802725892,2.33966685089,-2.32836040802
550,4.66193254505,1.30203219245,-3.35990035261
290,4.65128865175,1.51424769953,-3.13704095222
162,4.64755053162,1.12135987059,-3.52619066103
202,4.64610134708,1.58196224696,-3.06413910012
346,4.6409952006,2.85058340562,-1.79041179497
280,4.6373668684,0.676487643889,-3.96087922452
475,4.63732278131,1.3486844405,-3.28863834081
156,4.61757033766,1.78890449248,-2.82866584517
639,4.61492286422,3.29930753414,-1.31561533008
252,4.61397589227,1.18315052744,-3.43082536482
497,4.60706040481,2.1947369008,-2.41232350401
496,4.5921311317,1.20333751009,-3.38879362161
105,4.59056468429,0.46162124983,-4.12894343446
485,4.58979951123,1.50532549712,-3.08447401411
90,4.57836084109,2.74213725999,-1.8362235811
446,4.5734332957,1.44961856579,-3.12381472991
342,4.57002989955,1.7380060914,-2.83202380815
552,4.55682159709,2.71156195142,-1.84525964567
487,4.55451984507,2.51300048692,-2.04151935816
271,4.54937628556,0.641197321062,-3.9081789645
690,4.54826669131,1.79938371962,-2.74888297169
588,4.51752156104,2.05411650118,-2.46340505986
415,4.51391836963,1.34522451794,-3.1686938517
218,4.49806415728,3.0051761139,-1.49288804338
102,4.4964915505,2.62784291595,-1.86864863456
118,4.4825278064,2.16620808068,-2.31631972572
661,4.47549397004,1.35957441605,-3.11591955399
112,4.46315599881,1.44319291247,-3.01996308634
236,4.45135532664,2.64036757254,-1.8109877541
676,4.43961807772,1.83663007428,-2.60298800344
61,4.4389772966,1.38585876167,-3.05311853493
361,4.43475695019,2.41766137562,-2.01709557457
543,4.43085186125,1.16995445378,-3.26089740747
244,4.41365010285,2.59107658546,-1.8225735174
89,4.4073474322,3.11699724008,-1.29035019212
559,4.40148398958,2.36982022234,-2.03166376724
291,4.39200315787,2.73300638171,-1.65899677616
148,4.38615373671,2.93442952187,-1.45172421484
62,4.38487861909,2.13000688937,-2.25487172973
604,4.3806204496,2.87165194773,-1.50896850186
203,4.35012718963,0.646903965352,-3.70322322428
73,4.33845785788,2.50018211476,-1.83827574311
47,4.32903492674,2.01664666514,-2.31238826159
183,4.32135524983,1.44078067142,-2.88057457841
216,4.29279135579,0.825502683381,-3.46728867241
632,4.29032696494,0.642248749639,-3.6480782153
297,4.27461409166,1.46968680527,-2.80492728639
300,4.27221517777,2.74249343643,-1.52972174135
655,4.26993797615,3.13275332012,-1.13718465603
224,4.26795976303,1.08035630994,-3.18760345309
570,4.26791849213,1.12122806202,-3.1466904301
189,4.26701032975,2.36578785473,-1.90122247502
369,4.2664009098,1.22780779526,-3.03859311454
561,4.25712083853,2.6449461001,-1.61217473844
247,4.24985473542,1.6958253251,-2.55402941033
427,4.23388886066,1.37625961596,-2.8576292447
246,4.23223473955,0.703749870192,-3.52848486936
554,4.2259414583,1.22417154116,-3.00176991715
319,4.2187577725,0.822015370127,-3.39674240237
556,4.21815633656,1.14154847312,-3.07660786344
108,4.2113346435,1.65878960022,-2.55254504328
109,4.20777636523,1.90958048805,-2.29819587718
612,4.19240459632,1.14355445852,-3.04885013779
46,4.18820462828,1.66932722978,-2.51887739849
71,4.18153386046,2.04232101795,-2.13921284251
357,4.15951272929,2.09273563024,-2.06677709904
490,4.15567148479,2.58416632484,-1.57150515995
160,4.15398821087,1.41731159787,-2.73667661301
327,4.15110038017,2.04122966345,-2.10987071671
358,4.1425772817,2.40529980133,-1.73727748037
567,4.14220978264,1.15738587865,-2.98482390399
239,4.12051977384,1.23851303191,-2.88200674193
483,4.11631461479,0.504970111705,-3.61134450308
182,4.1161300978,1.4652503689,-2.6508797289
320,4.1113907781,1.78800584767,-2.32338493043
549,4.11119202346,2.69239752216,-1.4187945013
146,4.09914768271,0.99607804851,-3.1030696342
670,4.09263042233,1.82758428874,-2.26504613359
352,4.08735530164,1.30039161843,-2.78696368321
172,4.08375746009,1.42103694848,-2.66272051161
141,4.08159334267,1.5882449528,-2.49334838987
65,4.0790299356,0.0976253695174,-3.98140456608
563,4.06557517996,1.59218990611,-2.47338527385
678,4.0516638041,1.05135721963,-3.00030658447
542,4.04601290837,2.42500998725,-1.62100292112
186,4.04127445155,2.30624796919,-1.73502648237
459,4.03715698676,1.35768720933,-2.67946977742
79,4.02729507327,1.08776963785,-2.93952543542
315,4.01528143653,2.29713252164,-1.71814891489
60,4.00613486033,1.48422248383,-2.5219123765
590,4.00413066322,0.613138359768,-3.39099230345
677,3.99693033232,1.91872826321,-2.0782020691
176,3.97110993634,2.22005676633,-1.75105317001
295,3.95416304604,1.46140596875,-2.49275707729
120,3.95178219129,1.48845629453,-2.46332589676
412,3.95035030777,1.51681050674,-2.43353980103
106,3.93635906101,2.39327374332,-1.54308531769
204,3.93460596235,0.58121185209,-3.35339411026
257,3.92226081754,1.08850513722,-2.83375568032
258,3.9189764474,2.39048915186,-1.52848729554
205,3.91711188464,1.34770804102,-2.56940384362
191,3.90830334414,1.69023666735,-2.21806667679
557,3.90317674327,0.239599825207,-3.66357691807
174,3.85591036037,0.771444250695,-3.08446610968
211,3.84459123632,0.397884834882,-3.44670640144
181,3.84454111881,0.913647810115,-2.93089330869
163,3.83733840476,2.77604721297,-1.06129119179
190,3.82982901303,2.38158524512,-1.44824376792
241,3.82305217893,1.87629885613,-1.9467533228
335,3.81164615161,1.50943769886,-2.30220845275
568,3.80597518065,1.08785186781,-2.71812331284
200,3.80392657862,1.74825041462,-2.055676164
326,3.78510777836,1.18798466698,-2.59712311138
580,3.78244992809,1.83570745839,-1.9467424697
585,3.75976385897,1.19396482978,-2.56579902919
100,3.7509749512,2.57019408248,-1.18078086872
80,3.73859619386,0.558297841244,-3.18029835261
650,3.73832745905,1.84713244979,-1.89119500926
624,3.73644023841,1.03612500532,-2.70031523309
407,3.73542936391,1.53082483187,-2.20460453204
282,3.73448496411,1.52911839804,-2.20536656607
110,3.73153687603,1.06598613382,-2.66555074221
599,3.73033127603,2.09681634721,-1.63351492882
93,3.73006264481,0.804463213668,-2.92559943114
309,3.72930136903,1.87132032917,-1.85798103986
317,3.7259973318,0.678490806776,-3.04750652502
631,3.71531479151,1.9195184328,-1.79579635871
144,3.71500677568,1.37016033926,-2.34484643643
540,3.7127407829,2.64132163046,-1.07141915244
103,3.69532325414,1.41676965793,-2.27855359621
151,3.69344436172,1.57229168837,-2.12115267335
97,3.68543497434,2.0287733723,-1.65666160203
592,3.68275250665,2.03798380013,-1.64476870652
286,3.68255675521,0.171641693348,-3.51091506186
635,3.67353906809,1.16936166241,-2.50417740568
145,3.66678292191,2.26871403819,-1.39806888371
173,3.66596224499,3.09514231694,-0.570819928053
129,3.6540429529,1.53559441828,-2.11844853462
597,3.65397819138,1.19326136121,-2.46071683017
231,3.65003611604,1.52260654791,-2.12742956813
107,3.62104716297,0.972776235496,-2.64827092747
416,3.60778302101,0.887457346368,-2.72032567464
303,3.5993592135,0.801437844856,-2.79792136865
638,3.59817587844,1.14473565546,-2.45344022298
586,3.5927534963,1.43270386022,-2.16004963608
161,3.58895369337,1.22531182908,-2.36364186429
593,3.58354889876,1.2318555852,-2.35169331356
155,3.5716742922,0.718536755255,-2.85313753694
42,3.57099909308,1.91703489851,-1.65396419457
669,3.57004541908,2.13581068534,-1.43423473375
83,3.55348484561,1.87634026979,-1.67714457582
31,3.54916977337,0.533056379887,-3.01611339348
360,3.54629635273,2.2348237891,-1.31147256363
169,3.54495457431,0.555679805053,-2.98927476926
32,3.53369482928,1.43901080237,-2.09468402691
68,3.51224588622,0.989557247341,-2.52268863888
185,3.50458166692,2.08100565792,-1.423576009
569,3.49173609312,2.01491483289,-1.47682126023
123,3.49157104051,1.9963528226,-1.49521821791
220,3.48711700833,1.0813974349,-2.40571957343
322,3.46478820347,1.54901064398,-1.91577755948
606,3.45574165247,0.826985476372,-2.6287561761
119,3.45250732794,1.08231444881,-2.37019287913
507,3.45124481513,2.21504916665,-1.23619564848
153,3.44869581117,0.914014886635,-2.53468092453
484,3.44695462516,1.80177540237,-1.64517922279
74,3.43207991565,1.74526695599,-1.68681295966
254,3.42975011148,1.62249312233,-1.80725698915
288,3.40612936963,1.06216943087,-2.34395993877
147,3.40249588084,2.30672719419,-1.09576868666
72,3.39979412109,1.3898033896,-2.0099907315
514,3.39839085068,1.84385435958,-1.5545364911
136,3.39804344773,2.76494767867,-0.63309576906
251,3.39666003574,1.40035739275,-1.99630264299
305,3.38405456813,1.8318100918,-1.55224447633
274,3.38009270303,1.29484239639,-2.08525030664
85,3.35955150523,0.617516921078,-2.74203458415
94,3.34979382094,0.286490322012,-3.06330349893
266,3.34704958525,1.07978003041,-2.26726955484
77,3.34702575676,0.902564519795,-2.44446123697
164,3.34245655624,2.03701333682,-1.30544321942
591,3.33149026854,1.90395123048,-1.42753903806
285,3.32080289109,1.10358684341,-2.21721604767
324,3.31008031101,0.536898994452,-2.77318131656
438,3.3065053674,1.85785221176,-1.44865315564
594,3.30409964396,1.93079839657,-1.37330124739
517,3.29533725255,2.13243636821,-1.16290088434
582,3.28327740305,1.22172210491,-2.06155529814
516,3.25398808669,0.792875468796,-2.46111261789
486,3.25072357801,2.05698126154,-1.19374231647
158,3.24859676555,2.10341873032,-1.14517803523
33,3.24413641367,0.908961426383,-2.33517498729
553,3.24347246027,1.13952370169,-2.10394875858
114,3.23586449921,0.591654245941,-2.64421025326
217,3.23261900173,0.643577097764,-2.58904190397
199,3.22475066581,2.0710410321,-1.15370963371
439,3.20756466486,1.72767690945,-1.47988775541
488,3.19940326997,1.4204924459,-1.77891082407
301,3.18429593427,0.91030863938,-2.27398729489
152,3.16548326828,0.904174397204,-2.26130887108
75,3.162177665,1.79537952918,-1.36679813582
250,3.15891331844,0.470767317684,-2.68814600076
128,3.14390350862,1.99589458742,-1.1480089212
170,3.138805127,2.19747954621,-0.941325580791
233,3.13296876454,0.870190355972,-2.26277840857
227,3.12562053255,1.01483023651,-2.11079029604
245,3.1254994066,0.813038477397,-2.31246092921
242,3.12445556955,0.714331594538,-2.41012397501
229,3.11634779635,2.28133027242,-0.835017523933
292,3.08376661827,1.39661312737,-1.68715349091
139,3.07769864118,1.48568544712,-1.59201319406
524,3.04163800296,0.412543185648,-2.62909481732
212,3.03173899883,1.23662669505,-1.79511230377
38,3.0186028546,1.68287912185,-1.33572373275
209,3.01193943652,0.808087920586,-2.20385151594
178,3.01088872512,0.749554890776,-2.26133383435
532,3.00590895837,1.25566591576,-1.75024304261
91,2.97638887367,0.977406403274,-1.99898247039
168,2.96820408957,1.49833331828,-1.4698707713
642,2.96485126456,1.83977842044,-1.12507284412
59,2.94906002887,1.80828655672,-1.14077347214
194,2.94592812214,1.20618057342,-1.73974754872
238,2.90173556937,1.03846255014,-1.86327301924
125,2.88895907284,2.03416208836,-0.854796984471
96,2.86712915285,0.788358268711,-2.07877088414
196,2.86690584635,1.35136469987,-1.51554114649
122,2.858459553,1.09234305234,-1.76611650067
667,2.83764120652,1.62335878911,-1.21428241741
165,2.83713906032,0.95202887622,-1.8851101841
573,2.82972220238,0.382389692294,-2.44733251009
510,2.82502367303,1.6449512462,-1.18007242683
521,2.80467608033,2.71381034634,-0.090865733988
37,2.79239675834,0.0902856882235,-2.70211107011
643,2.78703619398,1.53697483575,-1.25006135824
92,2.78351335277,1.96448927615,-0.819024076622
331,2.76356838797,0.656958818301,-2.10660956967
192,2.75513819747,1.39413994177,-1.3609982557
641,2.75358189055,0.800888460435,-1.95269343011
495,2.74422276219,1.07883088355,-1.66539187864
99,2.74078078025,1.42738490136,-1.31339587889
86,2.72064619642,1.20332316441,-1.51732303202
101,2.71777080899,1.12257115844,-1.59519965055
255,2.70520735588,0.919575474583,-1.78563188129
40,2.70173487791,1.09066857135,-1.61106630656
126,2.70057980598,1.26126879362,-1.43931101236
214,2.68786648384,0.8284801619,-1.85938632194
149,2.66355105083,1.24870833983,-1.414842711
104,2.65216708933,0.477680624864,-2.17448646446
551,2.65101222194,1.29085187135,-1.36016035059
506,2.64769675836,1.48819238216,-1.15950437619
547,2.64512741685,1.22654035599,-1.41858706087
135,2.64280988707,0.785681441808,-1.85712844526
35,2.63867153709,1.95166994392,-0.687001593168
253,2.62487509281,0.842557660852,-1.78231743196
545,2.62115929822,0.68497120698,-1.93618809124
44,2.61892757203,1.17034636429,-1.44858120774
55,2.61382685468,1.07505309122,-1.53877376346
87,2.57623912844,1.21293591758,-1.36330321086
70,2.5558191644,0.966650791567,-1.58916837283
598,2.54840280708,0.176443206719,-2.37195960036
124,2.51433726765,0.609446291146,-1.90489097651
293,2.50658807179,1.17499675486,-1.33159131693
66,2.49200860215,0.851251055329,-1.64075754682
154,2.47755063485,0.585867336508,-1.89168329834
187,2.46889023208,1.06547922388,-1.40341100821
127,2.46751958388,0.0893571220534,-2.37816246182
519,2.422056259,1.99386171449,-0.428194544512
221,2.41292203722,1.20879237664,-1.20412966058
555,2.39138786754,0.708283921395,-1.68310394614
84,2.38978010109,2.07068321827,-0.319096882813
508,2.38073339631,1.29756159313,-1.08317180318
515,2.35946500818,2.35261833252,-0.00684667565917
595,2.33478308505,1.82671279498,-0.50807029007
371,2.33368850405,0.151296756429,-2.18239174762
256,2.29593324597,0.74714330842,-1.54878993755
537,2.2724390188,0.595647678128,-1.67679134067
137,2.26318136748,0.914377591795,-1.34880377569
206,2.26294177049,1.12726560866,-1.13567616183
575,2.25276358052,1.20264458887,-1.05011899165
576,2.25218091655,0.365135701328,-1.88704521522
445,2.23852150937,0.437230324117,-1.80129118525
668,2.2253094028,0.376096114281,-1.84921328852
150,2.2236751144,1.07051701755,-1.15315809685
121,2.21734790249,0.92150441208,-1.2958434904
95,2.21617859705,0.704964257791,-1.51121433926
222,2.21091940586,1.40043142624,-0.810487979628
113,2.18316569171,0.794864968612,-1.3883007231
560,2.15682282571,1.23802981562,-0.918793010089
53,2.15669357291,1.40999634408,-0.746697228828
49,2.1464242066,0.643719929826,-1.50270427677
197,2.13872721786,1.16908611352,-0.96964110434
505,2.12151944988,1.00671758096,-1.11480186892
111,2.11443986167,1.40814490773,-0.706294953946
166,2.11056143448,0.483840457421,-1.62672097706
130,2.11034393881,0.824717317867,-1.28562662094
34,2.09276723115,0.907365747154,-1.18540148399
138,2.0900579448,0.427564019639,-1.66249392517
538,2.08716758798,1.58458659888,-0.502580989107
36,2.08176375521,0.392193269357,-1.68957048586
500,2.07416040446,0.449446291854,-1.62471411261
57,2.05230041878,0.53677162806,-1.51552879072
525,2.04139111009,1.84785555031,-0.193535559775
115,2.03220130319,0.582458586347,-1.44974271684
494,2.02760659449,0.943704494498,-1.08390209999
193,2.02196255969,0.687586623985,-1.3343759357
307,2.02162491852,0.823564576389,-1.19806034213
88,2.00733087773,1.04618842526,-0.96114245247
78,1.99841747037,0.157171349421,-1.84124612095
41,1.96500797415,0.595398472176,-1.36960950198
273,1.90539122472,0.357548613525,-1.5478426112
39,1.87414485169,0.618878880011,-1.25526597168
541,1.86191760534,1.03806213909,-0.823855466249
571,1.85390674562,0.815594170953,-1.03831257466
56,1.85094003214,0.276364035908,-1.57457599624
52,1.84879398756,0.185381187552,-1.66341280001
67,1.8211329003,0.183467713239,-1.63766518706
219,1.81202816805,0.163374643323,-1.64865352473
133,1.80103630284,0.456391068537,-1.34464523431
534,1.77120567836,0.965573886493,-0.80563179187
587,1.75109914622,1.04975242298,-0.701346723234
171,1.72863096368,0.389466082423,-1.33916488126
572,1.72704040408,0.0920686750806,-1.634971729
54,1.7063491092,0.715842662129,-0.99050644707
535,1.69420284176,0.471375783559,-1.2228270582
512,1.62995785377,0.713978012079,-0.915979841696
529,1.59294799384,1.43694769569,-0.156000298145
565,1.57714108727,0.236778281779,-1.34036280549
82,1.53772259957,0.737311980967,-0.8004106186
522,1.52446183042,1.35524125414,-0.169220576281
544,1.51289543746,0.97432878054,-0.538566656924
536,1.47752942738,1.44695016537,-0.0305792620144
533,1.40644077635,0.42539453227,-0.981046244083
175,1.40297362042,0.384064867047,-1.01890875337
195,1.39360586615,0.376188150314,-1.01741771583
51,1.36322037945,0.215733253815,-1.14748712563
167,1.28891312892,0.580016362387,-0.708896766533
58,1.23344758948,0.323954898694,-0.909492690789
527,1.20855214683,0.865049098017,-0.343503048815
511,1.20799455192,0.263347538635,-0.944647013285
530,1.20417159953,0.988095564626,-0.216076034899
581,1.14707599449,0.528306040751,-0.618769953739
528,1.14353541591,0.210797069748,-0.932738346165
539,1.00545083404,0.356643614187,-0.648807219856
520,0.927161605358,0.69286981925,-0.234291786107
526,0.77996243799,0.566647069747,-0.213315368243
531,0.643505450123,0.439303900789,-0.204201549334
518,0.564234039133,0.127982646976,-0.436251392156
