site,abs_diffsel,positive_diffsel,negative_diffsel
602,54.9126487726,54.5601850864,-0.352463686243
395,28.6928210853,13.6965217139,-14.9962993714
600,27.224895455,25.7272542976,-1.49764115743
451,27.1349218648,2.0056349517,-25.1292869131
385,26.3978677374,10.8106594844,-15.587208253
636,25.8452492945,24.0627537374,-1.78249555715
392,25.8373712177,3.38789497319,-22.4494762445
481,25.2880584379,8.36530157988,-16.9227568581
382,24.5850887546,11.5661947976,-13.018893957
394,24.3526326016,5.88366867012,-18.4689639315
609,23.7853565819,12.3200372222,-11.4653193597
390,23.5953150824,6.47784638217,-17.1174687003
479,23.4354084243,6.05923833329,-17.376170091
474,23.2034220381,5.17574137435,-18.0276806637
389,22.7451934657,5.68479271536,-17.0604007503
283,22.6275433907,12.3251944429,-10.3023489478
406,22.2766413178,6.52581204513,-15.7508292727
637,22.1883421278,15.7008897302,-6.48745239755
398,22.0952349265,8.535092978,-13.5601419486
396,21.8100626343,4.96913012174,-16.8409325126
452,21.8079809354,5.00515645825,-16.8028244771
419,21.7084494763,2.94038095297,-18.7680685234
387,21.5492469302,8.92467378704,-12.6245731432
453,21.538108062,5.21067762189,-16.3274304401
675,21.4706122006,8.91109941218,-12.5595127884
626,21.4339285512,16.1482720963,-5.28565645488
399,21.4103822179,6.90696608068,-14.5034161372
601,21.317833452,9.39905961978,-11.9187738322
379,21.2551694672,8.2025751904,-13.0525942768
450,21.2312124478,4.8403686788,-16.390843769
287,20.9888639277,6.30521260946,-14.6836513183
473,20.876842568,4.68462050799,-16.19222206
388,20.744336229,5.43875809466,-15.3055781344
633,20.6141619558,14.5398458005,-6.07431615526
687,20.5547494766,9.44863553584,-11.1061139408
366,20.4360049804,6.18311597337,-14.2528890071
691,20.3007412513,7.23683694811,-13.0639043032
460,20.2513297262,5.56801339654,-14.6833163297
465,20.2428604023,4.00940043715,-16.2334599651
353,20.1172445763,6.09532660178,-14.0219179745
261,20.1168235657,5.71650030499,-14.4003232607
683,19.8726049377,7.6208775464,-12.2517273913
386,19.8198098305,6.06206982829,-13.7577400022
684,19.7292944467,4.53179547544,-15.1974989713
337,19.6504405598,5.41811211891,-14.2323284409
456,19.6245942463,7.96928247839,-11.6553117679
365,19.4306056019,8.9860791662,-10.4445264357
381,19.426739166,1.81099726727,-17.6157418987
391,19.3081336148,6.11885406684,-13.1892795479
449,19.182579257,6.35007913455,-12.8325001225
421,19.13386869,6.80777260399,-12.326096086
663,19.1092244632,6.6571479047,-12.4520765585
268,18.9743945316,5.66919600384,-13.3051985278
401,18.8918327586,4.16298704484,-14.7288457138
400,18.8908373885,9.13535390744,-9.75548348111
397,18.8166848389,4.09285823507,-14.7238266038
334,18.7475837401,6.6948894916,-12.0526942485
378,18.6705065196,9.38537630467,-9.28513021492
279,18.6059882572,8.85145004944,-9.75453820772
341,18.5138892267,5.81103670891,-12.7028525177
432,18.3163938583,7.09702465652,-11.2193692018
289,18.305425888,5.71754234726,-12.5878835407
621,18.3003730638,5.91877392801,-12.3815991358
464,18.2864175348,1.63973930055,-16.6466782342
623,18.2761793326,10.8252836676,-7.45089566498
646,18.2291004143,14.3577681769,-3.87133223735
614,18.2287971226,3.80762155811,-14.4211755645
470,18.097242614,10.1839931453,-7.91324946873
437,18.0922270832,7.11002024026,-10.9822068429
393,18.0199598096,7.78003198544,-10.2399278242
660,17.9149646562,8.03056677616,-9.88439788005
425,17.8052981235,7.04685089348,-10.7584472301
333,17.800034828,3.39530467503,-14.404730153
613,17.63020155,4.08714097122,-13.5430605788
454,17.6174248233,7.51948952618,-10.0979352971
608,17.5986148133,7.82745399556,-9.77116081773
368,17.4429794927,4.84934938663,-12.5936301061
355,17.3318146407,10.8836469577,-6.44816768308
685,17.2879595691,5.33702916122,-11.9509304079
269,17.2345077855,3.22898427425,-14.0055235113
345,17.2105170479,6.87174389299,-10.3387731549
420,17.1853362263,2.52807512368,-14.6572611027
402,17.1704773867,7.86111552363,-9.30936186306
589,17.0527239822,7.13619260222,-9.91653137999
610,16.97234831,7.81867744724,-9.1536708628
270,16.9466117825,6.86312099841,-10.0834907841
349,16.8501965248,3.88349318837,-12.9667033364
344,16.8414080975,6.74310005861,-10.0983080389
262,16.7792367116,3.88601696487,-12.8932197467
625,16.7528724337,7.50384491105,-9.24902752266
263,16.7094613582,5.28620782281,-11.4232535353
656,16.6613477751,3.65969079733,-13.0016569778
501,16.5704676127,16.5704676127,0.0
651,16.4803330604,9.73305523267,-6.74727782776
673,16.4661915928,4.11424031896,-12.3519512739
373,16.450581574,6.37086874963,-10.0797128243
347,16.4372346732,6.60569247792,-9.83154219526
679,16.4165517198,8.50599357734,-7.91055814248
272,16.4116144815,9.0494539172,-7.36216056433
328,16.4079197535,4.44317057082,-11.9647491827
688,16.2539044628,6.13257601736,-10.1213284455
259,16.2466193557,5.9992670776,-10.2473522781
466,16.2315398823,5.54479958371,-10.6867402986
234,16.1430459072,6.87995844931,-9.26308745785
654,16.1054735571,7.40832661423,-8.69714694285
431,15.9756338426,6.24515910656,-9.73047473603
356,15.8728686947,3.58152423263,-12.2913444621
417,15.8520752153,5.90439389252,-9.94768132275
430,15.8333861547,10.7882817659,-5.04510438885
284,15.8163398633,5.95362695137,-9.8627129119
276,15.8122857225,3.77495347119,-12.0373322513
210,15.7873134737,9.4950328881,-6.29228058561
630,15.7113457264,12.0420390234,-3.66930670303
343,15.6592235021,5.55739985776,-10.1018236444
340,15.6558668331,6.16188441249,-9.49398242057
367,15.4269684013,4.25440570202,-11.1725626993
639,15.4047539303,11.9078307286,-3.49692320172
680,15.3860828418,7.15943604496,-8.22664679689
433,15.3538788613,5.96468839398,-9.38919046733
468,15.2685893765,5.33476667342,-9.93382270312
666,15.2090826266,6.93122675287,-8.27785587375
648,15.1682891678,8.1221127713,-7.04617639645
422,15.1521072455,5.47926840175,-9.67283884372
383,15.1292573944,4.67031425704,-10.4589431373
143,15.0533403011,8.34083020501,-6.71251009605
362,15.0532274711,0.0,-15.0532274711
442,15.0439144116,7.00051926641,-8.0433951452
689,14.9949773573,3.53864338567,-11.4563339716
467,14.9716657755,3.76553154826,-11.2061342273
306,14.7748839229,9.04295891363,-5.7319250093
618,14.6842192606,3.35091452435,-11.3333047362
634,14.6487324758,9.06304229398,-5.58569018181
653,14.6339104452,8.60834212179,-6.02556832345
157,14.5314231046,8.81360273744,-5.71782036712
243,14.5126377372,9.40883509107,-5.10380264617
622,14.4562784267,6.06551790821,-8.39076051853
76,14.4439129911,4.11828699765,-10.3256259935
414,14.4278345147,1.23072789179,-13.1971066229
671,14.4094383828,4.11003751028,-10.2994008726
616,14.3090401391,6.73754587964,-7.57149425945
681,14.2991356044,4.42546033543,-9.873675269
375,14.2729074477,5.14002013239,-9.13288731534
348,14.2642546505,3.8727779384,-10.3914767121
429,14.2599381911,5.27830384809,-8.98163434297
132,14.2551213417,2.48555983838,-11.7695615034
627,14.2167857122,8.26367310112,-5.95311261104
686,14.1645643877,6.36294284045,-7.8016215472
177,14.1434067878,9.30981455959,-4.83359222824
225,14.1217174468,2.68179658051,-11.4399208663
223,14.116048362,5.63838546482,-8.47766289723
248,14.1002179729,3.79387271132,-10.3063452616
617,14.0950560102,5.32401231226,-8.77104369795
63,14.0466378609,4.09299279437,-9.95364506651
426,14.0364120788,6.60409949499,-7.43231258379
275,14.0273643657,4.0587712815,-9.96859308419
264,14.0126251277,7.426417233,-6.58620789471
640,13.9699567225,7.1771838591,-6.79277286339
332,13.9523298011,5.23947137803,-8.71285842307
647,13.9361870681,2.98044541546,-10.9557416526
376,13.9140091776,3.01271098071,-10.9012981969
469,13.899236393,3.95984224953,-9.93939414344
298,13.8916039199,4.40566677245,-9.48593714748
336,13.8213546285,2.97963427617,-10.8417203523
265,13.8055667217,1.49094844413,-12.3146182776
424,13.7771511121,5.58279590813,-8.19435520396
662,13.6966243456,4.1224566225,-9.57416772314
384,13.6892671821,5.50921869566,-8.18004848642
316,13.6805081153,6.28785596775,-7.39265214757
314,13.6637553486,2.99050037669,-10.6732549719
351,13.6403312042,1.84531619404,-11.7950150102
260,13.638865825,6.89333751281,-6.74552831215
179,13.6100787108,6.71548513231,-6.89459357851
463,13.6074037712,1.62333544572,-11.9840683255
329,13.5640308225,4.758203628,-8.80582719454
455,13.5639538721,3.78726558392,-9.77668828816
480,13.5534381045,5.4317096482,-8.12172845634
330,13.5524901416,6.59695658798,-6.95553355359
596,13.5254056923,8.64736322268,-4.87804246966
652,13.4660408959,3.98296850991,-9.48307238601
408,13.4596198734,7.65034934171,-5.80927053173
657,13.4296335165,5.59496089816,-7.8346726183
296,13.4022419623,2.80227996908,-10.5999619933
310,13.3489481681,7.93295265705,-5.41599551101
232,13.25574348,7.95508275651,-5.30066072345
321,13.2423413902,2.63008789379,-10.6122534964
628,13.1960778305,9.03753873426,-4.15853909626
615,13.1575104776,6.58114639056,-6.576364087
665,13.1477388933,1.55342867701,-11.5943102163
682,13.136252772,4.36440049506,-8.77185227694
105,13.1311465831,3.1206096136,-10.0105369695
98,13.1003563809,4.29288022236,-8.80747615849
690,13.0990740111,4.25555690218,-8.84351710897
659,13.0851785432,6.88522236119,-6.19995618199
346,13.0465680419,7.71773438099,-5.32883366089
134,13.0462150707,5.25652136619,-7.78969370456
372,13.0373728776,2.32160339884,-10.7157694787
664,13.0210461101,6.85144234994,-6.16960376015
629,13.0162602206,5.88347972411,-7.13278049649
281,13.0126439993,5.83789375559,-7.17475024374
423,12.9907414668,3.92590794708,-9.06483351974
235,12.9799539708,5.79661386486,-7.18334010597
471,12.9781284206,7.06175296895,-5.91637545167
411,12.8924966174,3.98254383133,-8.9099527861
441,12.878593044,7.85352483612,-5.02506820785
45,12.8646947302,6.04976134317,-6.81493338699
184,12.8487433116,7.02378208014,-5.82496123143
325,12.7407399378,5.74293949828,-6.99780043954
48,12.7390615484,5.30893183335,-7.43012971503
339,12.7100854457,3.36168670951,-9.34839873614
304,12.6618630112,3.06565916921,-9.59620384196
624,12.6059130561,3.38263361183,-9.22327944432
440,12.5904823677,7.03169918888,-5.55878317881
318,12.5491699368,4.83086519259,-7.71830474424
404,12.525259843,3.85869415112,-8.66656569184
604,12.4990579445,8.24604408215,-4.25301386238
131,12.4525984443,6.31545739166,-6.13714105267
472,12.4239316741,4.40508323016,-8.01884844396
300,12.416806167,6.81910152202,-5.59770464501
313,12.3895282305,5.29143234146,-7.09809588908
418,12.319948386,2.59248417909,-9.72746420688
81,12.3142801152,6.31047867322,-6.00380144195
363,12.2795146412,3.90844669402,-8.37106794714
69,12.1753522937,4.56715630309,-7.60819599066
645,12.1611677426,5.09446030488,-7.06670743777
619,12.1223447308,1.9234708809,-10.1988738499
228,12.1206316366,1.9308916719,-10.1897399647
672,12.107996729,5.58208745176,-6.52590927728
649,12.0948488611,7.6856775593,-4.40917130184
312,12.0613538195,7.33195571791,-4.7293981016
180,11.998566915,4.70499420573,-7.29357270923
278,11.9847641407,4.56006690696,-7.42469723374
267,11.9699487379,2.71993598586,-9.25001275204
457,11.8988100749,5.17125636837,-6.72755370648
369,11.8507276787,2.14457089063,-9.70615678807
246,11.8057946149,5.23941278587,-6.56638182907
204,11.7938690136,5.89159648569,-5.90227252794
435,11.7829623223,4.10469522029,-7.67826710202
140,11.7609261627,1.23630838497,-10.5246177777
302,11.7480455314,5.49257231179,-6.25547321965
461,11.7259307165,4.67549129467,-7.05043942181
208,11.7040169152,6.28568787776,-5.41832903748
299,11.6507731969,3.42690784422,-8.22386535272
605,11.6359544644,3.52501994956,-8.11093451479
350,11.615181443,1.80565385208,-9.80952759088
678,11.6141357406,2.54552791007,-9.06860783056
677,11.6001194149,5.79860493667,-5.80151447823
655,11.5848254985,8.7462495143,-2.83857598421
116,11.5824725708,3.58942391832,-7.99304865248
207,11.5426009163,2.30242015685,-9.24018075948
674,11.5151060253,2.43223463784,-9.08287138745
230,11.4212142604,5.03091824477,-6.39029601559
323,11.4120812638,5.71549838509,-5.6965828787
291,11.4070584977,5.0181955342,-6.38886296352
644,11.3770221072,6.77595856681,-4.60106354036
226,11.3749064601,4.69725629317,-6.67765016691
280,11.3736192069,2.70926553775,-8.66435366911
142,11.3673803232,3.11948935833,-8.24789096492
357,11.3160361509,4.35627830639,-6.9597578445
428,11.2789206965,3.62842137788,-7.65049931859
676,11.2721949785,3.84928593361,-7.42290904485
413,11.2032785457,2.48477642332,-8.71850212241
354,11.1845718451,5.30179514252,-5.88277670257
216,11.1665199189,2.33267173776,-8.8338481811
370,11.1245101177,3.67641040173,-7.44809971595
277,11.0899517155,4.80695542413,-6.28299629137
374,11.0861448439,2.29887563891,-8.78726920502
338,11.0715389885,4.60696555652,-6.46457343193
109,11.0578838723,5.26887881174,-5.78900506054
240,11.0385298743,5.85634965064,-5.18218022365
159,10.8746261999,2.77065527819,-8.10397092174
80,10.8737948442,0.838458385337,-10.0353364589
364,10.8311348396,1.92168721427,-8.90944762531
108,10.8276288065,5.38057270393,-5.44705610259
141,10.7904731401,7.2374947017,-3.55297843841
198,10.6756751617,6.12687065102,-4.54880451071
607,10.6616824998,2.61581464129,-8.04586785851
482,10.6614501138,1.78648942071,-8.87496069313
252,10.6382714194,1.99667915455,-8.64159226486
438,10.5864435309,6.62069525733,-3.96574827359
477,10.5203383146,0.0,-10.5203383146
434,10.4994066592,5.41910221907,-5.08030444012
478,10.4867277897,5.27635157971,-5.21037621002
266,10.4844557173,4.8059836226,-5.67847209468
620,10.4309241044,3.51318701698,-6.91773708741
658,10.4277961886,4.63876343772,-5.78903275086
380,10.3983237759,1.36813182567,-9.03019195022
74,10.3750247948,5.00320249298,-5.37182230177
309,10.3297160588,6.76327638121,-3.56643967761
285,10.2912463607,5.71363783245,-4.57760852828
62,10.2889805956,3.35327408704,-6.93570650855
46,10.2786482938,3.93822457003,-6.34042372381
447,10.2269556927,5.78566004748,-4.44129564526
112,10.2252405523,5.2522245625,-4.97301598981
79,10.2150379895,5.63213444594,-4.58290354355
319,10.2089848376,1.9451137446,-8.26387109298
117,10.1705384181,6.7092395929,-3.46129882524
163,10.1578786209,7.65656729648,-2.50131132442
320,10.1532382748,5.63140312133,-4.52183515345
427,10.1145483842,4.00601922882,-6.10852915539
415,10.1096870243,4.17860331052,-5.93108371375
173,10.0797827688,8.21432473065,-1.8654580382
403,10.0054201434,0.0,-10.0054201434
308,10.0053971432,1.01982083187,-8.98557631129
436,9.99116617895,3.99957374495,-5.991592434
102,9.97860885562,6.73311696373,-3.24549189188
188,9.96996047981,1.7221213394,-8.24783914041
43,9.96402758468,4.85497379133,-5.10905379334
661,9.94788279562,2.54384903776,-7.40403375787
342,9.92514370047,4.37539443877,-5.54974926171
218,9.92220732906,6.43159444703,-3.49061288204
294,9.90697230029,2.91440485698,-6.99256744331
326,9.87584170728,1.82300694002,-8.05283476726
258,9.81804843043,7.19578156465,-2.62226686578
205,9.81729459504,4.38648482831,-5.43080976673
311,9.79732177971,2.89344292325,-6.90387885646
459,9.79663509091,3.15441124571,-6.64222384519
186,9.7329182384,4.57249816523,-5.16042007317
290,9.72761910119,3.97865113398,-5.74896796721
271,9.69127170088,1.27938528353,-8.41188641735
146,9.67457581044,5.61094646765,-4.06362934278
458,9.61557129843,4.4110416592,-5.20452963923
89,9.58883651378,7.56185182248,-2.0269846913
50,9.52094847524,0.605983873954,-8.91496460129
104,9.48782789065,3.70182071992,-5.78600717074
612,9.43517984593,2.95091782869,-6.48426201725
498,9.41813610245,5.2348851479,-4.18325095455
249,9.40410476413,5.82732072707,-3.57678403706
448,9.34356708895,1.27292762572,-8.07063946323
377,9.33735785974,2.30777697999,-7.02958087974
361,9.32930938664,5.15539775623,-4.17391163041
151,9.28924090603,4.8956918824,-4.39354902363
583,9.26992520473,0.97163009663,-8.2982951081
603,9.2240710929,3.75655501189,-5.46751608101
236,9.21919740722,5.11307234929,-4.10612505792
64,9.20737935688,1.92152257148,-7.2858567854
358,9.19945106815,4.69308526098,-4.50636580718
201,9.1958003663,2.54301412607,-6.65278624023
239,9.15198665358,3.14197128647,-6.01001536712
162,9.140211995,3.58200529049,-5.5582067045
288,9.11340822126,1.36431820474,-7.74909001652
172,9.04497256719,4.29623698669,-4.7487355805
359,9.00730081558,3.49126679886,-5.51603401672
443,8.99082238864,0.0,-8.99082238864
183,8.98165139184,2.99478290763,-5.98686848421
632,8.97700801843,1.12820404375,-7.84880397468
638,8.93882892843,3.65642170292,-5.28240722551
129,8.91631032943,4.86856724239,-4.04774308705
588,8.91335471993,2.64108744359,-6.27226727634
611,8.8548095099,4.35505641376,-4.49975309614
446,8.82290002045,4.23275909488,-4.59014092557
599,8.81737399306,4.79943540735,-4.01793858571
185,8.8158257987,5.29703810839,-3.51878769031
118,8.77746437667,4.90646244027,-3.8710019364
32,8.75576549096,2.37978634234,-6.37597914862
360,8.73615624135,4.67171237928,-4.06444386207
476,8.73009086285,0.0,-8.73009086285
47,8.71743650507,4.2677499046,-4.44968660047
238,8.70499243223,2.2709106162,-6.43408181603
247,8.6599049757,3.47405825509,-5.18584672061
578,8.62604647015,3.51107841774,-5.11496805241
410,8.61665340265,0.0,-8.61665340265
274,8.60851470598,3.1171703662,-5.49134433978
579,8.58743666011,4.19614200846,-4.39129465165
178,8.54582417444,0.0,-8.54582417444
90,8.53486429588,4.56004984135,-3.97481445453
444,8.53265423751,1.99223404152,-6.54042019598
405,8.49516180062,2.73526009793,-5.75990170269
327,8.45819251124,4.19818363734,-4.2600088739
322,8.28494916043,4.08438606452,-4.20056309591
407,8.27672004124,1.68374567548,-6.59297436577
106,8.27177282341,4.59551252121,-3.67626030219
224,8.25624846303,2.05969506815,-6.19655339488
113,8.23237784142,3.00680966149,-5.22556817993
669,8.21092197433,3.08391541472,-5.12700655961
110,8.19648298537,3.29060106138,-4.905881924
174,8.1861023177,2.54501204902,-5.64109026867
94,8.18349277687,1.36748794575,-6.81600483112
409,8.05896153045,0.658871819899,-7.40008971055
352,8.05240262258,2.31040464892,-5.74199797366
523,8.05237653169,0.810335121204,-7.24204141048
282,7.99220289752,3.89666620302,-4.0955366945
549,7.94463696667,4.57909136979,-3.36554559688
190,7.87126323961,5.68055329735,-2.19070994226
200,7.84690580092,3.63330862391,-4.213597177
650,7.84465381864,4.69059161647,-3.15406220216
182,7.83981845731,1.66790223938,-6.17191621793
100,7.8270370334,6.00543556213,-1.82160147126
75,7.81059950599,5.11055514856,-2.70004435743
237,7.78608507718,1.71434668585,-6.07173839133
286,7.78403692417,0.0,-7.78403692417
158,7.75053316879,6.22795843482,-1.52257473398
120,7.74703291398,2.63123934061,-5.11579357337
202,7.72433274101,3.29954906111,-4.4247836799
152,7.69559139779,2.974053498,-4.7215378998
558,7.65077261825,2.57259183681,-5.07818078143
317,7.6506841347,1.32905192295,-6.32163221175
73,7.64342705351,4.4155487527,-3.22787830082
591,7.63776018916,3.55714743862,-4.08061275054
217,7.58295598086,2.10376447028,-5.47919151058
499,7.57691343487,2.92897382574,-4.64793960913
60,7.53324445907,1.76517950243,-5.76806495665
546,7.48881718931,4.47566125671,-3.0131559326
213,7.48352052445,0.101157437652,-7.3823630868
107,7.46613649237,2.87417713112,-4.59195936124
93,7.46225061296,2.63265182181,-4.82959879115
189,7.45301404054,4.0059245718,-3.44708946874
493,7.44676218291,3.68641537716,-3.76034680575
119,7.42569790598,2.68719727358,-4.7385006324
61,7.42132143136,1.43812271561,-5.98319871575
65,7.39508007973,0.561585793107,-6.83349428662
164,7.37498579542,4.33494336632,-3.0400424291
199,7.37470779647,5.39477887637,-1.9799289201
42,7.3567644973,3.59386651519,-3.76289798211
122,7.34264944073,3.26899819778,-4.07365124295
631,7.33465282914,3.01160871164,-4.3230441175
231,7.27002089373,3.79959427932,-3.47042661441
212,7.25478746434,3.68088557707,-3.57390188727
592,7.23031961053,4.30068772785,-2.92963188268
475,7.20858894121,3.29886498228,-3.90972395893
97,7.17195304378,4.95837938896,-2.21357365482
136,7.16569088294,5.37924090419,-1.78644997875
335,7.11974823118,1.2914689092,-5.82827932199
128,7.11709450556,5.08720534852,-2.02988915703
194,7.10416935398,2.33354221203,-4.77062714195
577,7.08725145834,2.17703670044,-4.9102147579
502,7.08109760688,3.61182313466,-3.46927447221
489,7.05089708072,3.77685703525,-3.27404004547
305,7.03241457086,2.85841594525,-4.17399862562
642,7.02818436824,4.1019617325,-2.92622263574
254,7.01946293874,2.91607559537,-4.10338734337
68,6.998595994,2.8407649101,-4.15783108391
253,6.97850774149,2.83018646268,-4.14832127881
161,6.96910152887,2.68367157944,-4.28542994943
153,6.95857305704,3.13138311834,-3.8271899387
87,6.95578243018,3.7719659227,-3.18381650748
297,6.94254843584,2.22100403689,-4.72154439895
103,6.91622796877,2.60675863579,-4.30946933298
221,6.91099016807,1.31508237354,-5.59590779453
416,6.91073732467,1.94823190533,-4.96250541934
96,6.90919512874,1.74763436573,-5.16156076301
160,6.85764593018,2.21253167101,-4.64511425917
156,6.84468277384,3.12623743197,-3.71844534187
315,6.82652316617,2.88421671119,-3.94230645497
241,6.81431606284,2.03553764222,-4.77877842062
598,6.79344292741,0.393029693325,-6.40041323408
92,6.7875767393,5.25533932589,-1.5322374134
227,6.78236045564,1.66315476219,-5.11920569345
462,6.76060359584,0.332975546763,-6.42762804908
220,6.73919589271,3.14056073108,-3.59863516163
574,6.69619905241,4.22745356972,-2.46874548269
38,6.69611780972,2.70141280719,-3.99470500254
71,6.68945736276,3.23702195839,-3.45243540437
59,6.68019385804,3.41011234469,-3.27008151335
244,6.67438985735,4.63009235673,-2.04429750062
114,6.65832051272,1.25970760044,-5.39861291228
209,6.64704092035,1.88335149459,-4.76368942576
44,6.64392078657,2.54964828565,-4.09427250092
562,6.62547374265,1.54944831372,-5.07602542893
147,6.61962902147,4.87517392615,-1.74445509532
215,6.59735582392,1.20401713224,-5.39333869168
111,6.55384343559,4.26604471225,-2.28779872334
554,6.55193232401,3.20677238917,-3.34515993484
155,6.53242726326,1.3281108527,-5.20431641056
503,6.47581603866,3.08388568702,-3.39193035164
145,6.47209204455,3.31802297202,-3.15406907253
564,6.46968984423,1.40708782374,-5.06260202049
72,6.39853419697,1.92886971752,-4.46966447944
524,6.34528543136,2.9941630518,-3.35112237956
566,6.31199796231,3.08323036172,-3.22876760059
670,6.29857959654,0.350283746769,-5.94829584977
556,6.29331821394,4.20454805896,-2.08877015498
245,6.27013668098,1.31390256376,-4.95623411722
504,6.2655118083,1.41825148069,-4.84726032761
257,6.19836261711,1.32740652382,-4.87095609329
144,6.15047017251,1.89083162385,-4.25963854866
33,6.13032252724,1.24341181549,-4.88691071174
324,6.1233679661,0.0865251580324,-6.03684280807
439,6.10571150538,2.05326737583,-4.05244412955
295,6.09892231909,1.80258993033,-4.29633238876
580,6.08919727789,2.96654699065,-3.12265028723
545,6.08080844494,2.43039722692,-3.65041121803
203,6.07143470363,0.258374227148,-5.81306047648
643,6.05769987263,3.53107156564,-2.526628307
445,6.04636157113,1.84690125343,-4.19946031769
150,5.9619022192,3.40950505788,-2.55239716132
250,5.91550026401,1.62514016072,-4.29036010329
85,5.9087931184,0.967608077378,-4.94118504102
412,5.84131587384,0.0,-5.84131587384
86,5.83597300881,1.36629985881,-4.46967315
303,5.82495180583,0.00114272243932,-5.82380908339
78,5.80876083377,0.496785768181,-5.31197506559
139,5.78736556603,1.68122150818,-4.10614405785
91,5.78271223867,2.68967519555,-3.09303704312
168,5.78097912501,3.35265459408,-2.42832453093
125,5.77873042313,4.05634005375,-1.72239036938
593,5.77313749036,3.29431981159,-2.47881767877
35,5.72540443011,3.81713478829,-1.90826964182
594,5.70042045176,1.92400104224,-3.77641940952
176,5.69329129516,1.99713841455,-3.69615288061
242,5.68250210081,1.4900748492,-4.19242725161
197,5.66781284322,2.34138930886,-3.32642353437
667,5.65533119389,3.27850817662,-2.37682301727
101,5.6475300713,3.1119257506,-2.5356043207
371,5.57021906894,0.58475535039,-4.98546371855
590,5.56217788442,0.0343484533763,-5.52782943105
251,5.55656499931,1.47916305057,-4.07740194874
148,5.54785395485,3.96960671865,-1.5782472362
83,5.54301909273,2.30506861493,-3.2379504778
55,5.51374850041,2.42736545218,-3.08638304823
99,5.48855571343,2.48585077545,-3.00270493798
53,5.48294198698,3.86637290128,-1.6165690857
123,5.46310876692,2.93433041853,-2.52877834839
548,5.43335041966,2.09303858907,-3.3403118306
181,5.42349618935,0.543940404301,-4.87955578505
597,5.4186737047,1.82800368317,-3.59067002153
641,5.41619451142,3.0364742849,-2.37972022652
606,5.33162908142,0.901838085852,-4.42979099557
77,5.32368812656,1.14282441167,-4.1808637149
509,5.29919196417,2.54329461867,-2.7558973455
513,5.29244430699,2.47786566166,-2.81457864534
206,5.22652153326,2.21579275503,-3.01072877824
169,5.22044769775,1.08757838781,-4.13286930994
496,5.16780348552,2.29451488621,-2.87328859931
552,5.11787917023,1.59053406566,-3.52734510457
570,5.11329981001,1.76394515314,-3.34935465687
491,5.10327056883,1.66537737699,-3.43789319184
331,5.09496783564,1.37841789903,-3.71654993661
301,5.08161370792,0.0,-5.08161370792
550,5.06213438664,0.828461405119,-4.23367298152
165,5.05682416764,2.72144543753,-2.33537873012
292,5.04315875613,1.56107981353,-3.4820789426
485,4.9887953281,0.877274226803,-4.11152110129
211,4.96185942987,0.0,-4.96185942987
214,4.94675196271,0.78368197474,-4.16306998797
542,4.90846340083,2.77077684268,-2.13768655815
490,4.90227969348,3.11235361354,-1.78992607994
149,4.88866806354,2.23493900657,-2.65372905696
154,4.88508603947,1.69284475543,-3.19224128404
273,4.87715489871,0.817508209051,-4.05964668966
191,4.86610295602,2.38298755173,-2.48311540429
37,4.84864384495,0.0,-4.84864384495
540,4.80206989943,2.85563345653,-1.9464364429
56,4.79043060703,1.57394442498,-3.21648618204
133,4.7367005437,1.18867368312,-3.54802686057
192,4.65585381244,2.60148613527,-2.05436767717
575,4.59698699872,3.41325275235,-1.18373424638
124,4.58956062067,1.18454982567,-3.40501079499
70,4.58566736522,1.23206772274,-3.35359964247
233,4.57693282728,1.37587478399,-3.20105804329
567,4.54115633903,1.87011608041,-2.67104025861
41,4.53615740942,1.77315478027,-2.76300262914
514,4.51591514924,2.76877288787,-1.74714226137
39,4.51455299913,1.67611829511,-2.83843470402
508,4.4906490468,2.23020582491,-2.26044322188
127,4.47968892574,0.0,-4.47968892574
166,4.45318755508,1.82428537688,-2.6289021782
171,4.40494709606,1.57890766999,-2.82603942607
668,4.35425490219,0.0307772177268,-4.32347768446
635,4.30084312708,0.571843568867,-3.72899955821
40,4.28767595021,1.56184777004,-2.72582818017
137,4.24181852532,1.39149679633,-2.85032172898
559,4.22577305487,1.94522628921,-2.28054676567
486,4.20930300529,3.70656250128,-0.502740504012
255,4.1989954782,1.68157225145,-2.51742322675
49,4.18807682157,0.978745057022,-3.20933176454
307,4.15888089202,1.29777377656,-2.86110711546
585,4.15018956322,2.39881411008,-1.75137545314
519,4.14183675149,4.13061931145,-0.0112174400409
95,4.11002857847,1.34561783449,-2.76441074398
52,4.09422193087,0.0,-4.09422193087
170,4.07011888421,2.14984477399,-1.92027411023
126,4.06622783124,1.50608546858,-2.56014236266
54,4.03938832141,2.0654843484,-1.97390397301
66,3.9835104463,1.53391812454,-2.44959232176
36,3.94747922828,1.1708267897,-2.77665243858
483,3.93004135043,0.82037352918,-3.10966782125
115,3.9178492097,0.0,-3.9178492097
487,3.91512120448,1.17807028694,-2.73705091753
543,3.91205257517,0.984594253556,-2.92745832161
222,3.8870003938,2.60945335938,-1.27754703442
497,3.85457812072,2.36131103769,-1.49326708303
557,3.82357685304,1.69959921403,-2.12397763901
130,3.82141365803,1.79560742834,-2.02580622969
31,3.76494399794,0.0,-3.76494399794
582,3.60210150597,2.02428079028,-1.57782071569
121,3.60025163458,0.677896801998,-2.92235483259
587,3.58967796877,2.46080981824,-1.12886815053
293,3.57587107548,1.51535609107,-2.0605149844
492,3.48951599841,1.00962012737,-2.47989587104
507,3.46931405348,1.65731872953,-1.81199532395
229,3.4510061561,2.06686636227,-1.38413979382
505,3.42400654658,1.60007957181,-1.82392697476
551,3.34296133327,2.20544776658,-1.13751356669
555,3.32995940191,1.55243514113,-1.77752426078
135,3.25492262789,0.827192025494,-2.4277306024
488,3.23583813917,1.29199278478,-1.94384535439
572,3.23463202088,1.23099731204,-2.00363470885
196,3.21500054332,1.48219977342,-1.73280076991
510,3.07122212271,2.29940225121,-0.771819871505
595,3.00545856248,1.95264963994,-1.05280892254
506,2.96159297517,1.41940046904,-1.54219250613
547,2.9410781361,0.157119632838,-2.78395850326
84,2.94092425881,1.14389827758,-1.79702598123
219,2.93206290868,0.0,-2.93206290868
193,2.92583282945,0.962722647473,-1.96311018197
586,2.92039876074,1.15110859228,-1.76929016846
88,2.8743613857,0.6378239378,-2.2365374479
516,2.85744435825,0.894907387039,-1.96253697121
138,2.76474214537,0.0,-2.76474214537
584,2.76417910658,0.0,-2.76417910658
553,2.72732984667,0.651376073001,-2.07595377367
569,2.67720855436,2.14239287337,-0.534815680995
256,2.66820689502,0.0,-2.66820689502
494,2.64221880082,2.09354657905,-0.548672221767
537,2.61317378075,1.0015416331,-1.61163214765
532,2.60612925905,0.978443928593,-1.62768533046
571,2.5121996197,1.14319612817,-1.36900349153
58,2.49664610757,0.98616954108,-1.51047656649
568,2.46807402315,0.478585649722,-1.98948837343
563,2.46472667574,0.265777344937,-2.19894933081
82,2.46199837999,2.0181815864,-0.443816793589
573,2.37331108659,0.401489220914,-1.97182186568
57,2.33827244048,0.392620050308,-1.94565239017
517,2.31612603631,1.62340572753,-0.692720308781
187,2.27254550129,0.117748792571,-2.15479670872
67,2.17131577328,0.0,-2.17131577328
576,2.16365342605,0.69587268355,-1.4677807425
195,2.09223919493,0.192720400067,-1.89951879486
51,2.08007424914,0.545119526606,-1.53495472253
544,2.04046975605,1.10504732317,-0.935422432876
484,2.02987554836,0.932242372434,-1.09763317593
175,2.00296911374,0.0,-2.00296911374
521,1.99277450599,1.46838537658,-0.524389129415
533,1.93213784823,1.00490926563,-0.927228582604
34,1.85858029742,0.0,-1.85858029742
565,1.77519426581,1.01525266548,-0.759941600336
520,1.71697376606,1.44283440276,-0.274139363299
515,1.71507321483,1.50374684762,-0.211326367211
522,1.68515761163,1.54807253609,-0.137085075538
538,1.62354264706,0.420222638465,-1.20332000859
560,1.56562241548,0.317950801923,-1.24767161356
511,1.56341935409,0.876493803736,-0.686925550357
167,1.43028389266,0.0,-1.43028389266
495,1.41931911911,0.869802786728,-0.549516332383
500,1.37397004646,0.572531404043,-0.80143864242
529,1.36444583312,1.08274848825,-0.281697344868
536,1.3132336039,1.3132336039,0.0
527,1.30538942336,0.640843430511,-0.664545992854
512,1.30391030629,0.0,-1.30391030629
525,1.28445034887,1.19281685864,-0.0916334902311
561,1.28288769743,0.456034331943,-0.826853365489
534,1.02710085658,0.350627935207,-0.676472921376
535,0.959008489893,0.119873620805,-0.839134869088
541,0.94972830044,0.0,-0.94972830044
581,0.920348510077,0.207987563827,-0.71236094625
526,0.580195329834,0.442769108647,-0.137426221188
531,0.580047631812,0.0,-0.580047631812
518,0.515739513613,0.370073810519,-0.145665703093
530,0.51087380686,0.0,-0.51087380686
528,0.490458838166,0.227262627287,-0.263196210879
539,0.42128171452,0.0,-0.42128171452
