# POSITION WT AAA AAC AAG AAT ACA ACC ACG ACT AGA AGC AGG AGT ATA ATC ATG ATT CAA CAC CAG CAT CCA CCC CCG CCT CGA CGC CGG CGT CTA CTC CTG CTT GAA GAC GAG GAT GCA GCC GCG GCT GGA GGC GGG GGT GTA GTC GTG GTT TAA TAC TAG TAT TCA TCC TCG TCT TGA TGC TGG TGT TTA TTC TTG TTT
32 GGA 3 1 0 1 2 2 0 2 125 0 0 1 2 1 1 2 4 0 0 1 2 2 3 0 2 1 2 1 1 0 1 0 92 2 3 4 7 3 2 0 280193 1 13 5 2 0 0 1 0 0 2 0 3 0 1 4 5 5 0 0 0 0 0 0
33 AAC 26 281059 9 50 3 2 8 5 4 21 0 6 1 4 3 0 3 6 0 1 3 4 2 0 2 4 1 1 0 1 1 3 5 18 3 7 2 1 1 2 4 7 1 2 1 0 1 0 3 3 1 1 2 9 2 2 2 4 0 0 3 1 1 1
34 TTG 1 4 1 4 4 0 1 5 1 1 3 0 0 1 3 4 2 0 3 0 0 1 3 1 1 2 0 4 1 2 31 3 3 4 1 1 1 0 0 1 1 1 5 1 0 2 4 3 2 3 1 2 0 2 73 3 0 0 7 0 61 6 281020 14
35 TGG 2 0 1 0 0 2 0 1 1 0 4 0 1 0 1 0 0 0 0 0 1 2 0 0 2 2 8 0 1 0 1 0 1 0 0 2 0 0 1 0 0 0 5 1 0 0 2 0 2 3 44 4 2 0 2 1 52 0 281106 3 0 3 25 4
36 GTT 0 2 1 2 2 3 4 1 0 0 1 0 0 2 0 99 2 0 2 1 0 3 0 1 0 1 3 0 0 0 1 2 0 0 1 5 3 1 0 25 3 0 0 2 7 38 6 278433 1 0 0 0 0 1 1 0 0 1 0 2 1 0 0 4
37 ACT 3 0 2 28 22 39 15 280792 0 0 0 11 2 1 0 91 2 1 2 2 1 2 2 0 1 0 3 0 1 0 0 1 0 0 0 0 0 1 2 20 1 2 2 0 0 0 1 0 2 0 0 2 3 0 3 2 0 0 1 0 0 0 2 0
38 GTC 2 2 1 2 2 4 4 2 1 1 1 0 2 162 0 2 5 2 1 2 0 2 5 5 2 5 1 2 1 15 1 0 1 4 2 0 1 28 0 2 0 5 1 0 27 280392 10 51 1 2 2 0 0 2 0 1 2 3 1 0 0 13 2 0
39 TAC 1 7 1 1 2 2 0 1 1 2 0 1 2 1 1 1 3 18 0 0 4 4 1 3 1 0 1 2 0 2 0 2 1 1 2 0 1 2 0 1 1 1 2 0 0 1 3 1 21 280468 8 52 1 1 2 1 0 8 2 0 0 13 1 3
40 TAT 0 0 1 8 0 2 0 1 0 0 1 4 0 0 1 0 2 0 0 44 1 2 2 0 0 0 1 1 2 1 0 1 1 1 0 4 0 1 1 2 2 0 0 1 1 1 1 1 9 20 2 281192 1 0 2 4 0 1 4 11 0 1 0 8
41 GGG 4 1 0 0 0 3 1 0 0 1 38 0 0 1 3 1 1 2 0 6 0 2 2 2 0 3 3 0 1 4 0 0 0 1 50 0 2 1 0 2 92 4 278452 18 3 0 11 0 1 1 0 0 1 6 1 1 5 0 15 0 1 0 1 4
42 GTG 0 2 1 2 1 0 1 1 0 0 0 2 7 0 86 3 0 2 1 0 3 1 0 0 1 2 1 1 1 0 1 0 0 0 5 1 1 2 22 0 0 0 1 0 258 13 277841 7 1 1 0 0 0 0 0 1 2 1 1 0 2 1 8 1
43 CCT 0 0 0 0 3 4 1 12 0 0 0 1 3 0 2 3 4 0 6 31 55 230 57 278049 1 1 0 2 2 0 1 27 1 3 1 0 2 1 0 4 0 1 2 1 0 1 0 0 1 0 3 1 2 0 0 188 0 0 0 0 1 0 1 2
44 GTG 10 5 5 3 1 0 0 1 1 3 2 0 6 0 83 6 4 2 0 0 3 1 0 3 2 2 6 5 1 3 6 3 1 0 8 1 3 9 35 4 1 1 4 1 88 7 278270 24 5 0 2 1 0 4 0 2 1 3 1 1 1 2 11 1
45 TGG 1 2 1 0 2 0 1 0 1 0 11 2 3 2 0 2 3 1 1 0 0 1 1 1 0 0 19 1 3 1 1 1 0 0 3 2 0 0 0 1 0 0 7 1 0 0 2 0 2 7 43 5 1 1 1 1 18 3 280744 5 1 4 18 9
46 AAG 142 4 276245 57 6 3 24 2 4 2 112 4 3 1 34 3 3 2 6 4 0 0 0 1 1 2 5 3 1 2 2 0 2 0 82 0 1 3 0 1 5 0 0 3 2 1 3 2 1 3 3 0 2 6 2 2 1 0 2 1 2 2 3 2
47 GAC 0 77 1 5 1 5 0 1 0 6 0 2 3 1 0 1 1 2 0 1 6 9 2 4 0 1 1 1 0 0 0 4 22 279090 8 68 0 6 2 2 1 28 2 0 0 1 0 2 3 8 0 0 5 7 1 0 3 0 0 0 1 1 0 0
48 GCA 1 2 1 0 461 1 2 4 1 6 0 6 0 0 1 0 0 2 1 3 2 0 0 0 0 0 0 0 1 1 0 1 16 4 2 4 277298 16 143 9 5 8 9 6 92 4 2 7 2 0 2 1 16 3 3 2 0 2 5 1 0 4 1 3
49 GAG 5 0 42 2 6 1 8 3 1 4 2 1 4 4 4 0 4 4 5 1 2 1 1 0 0 3 1 4 2 3 6 2 97 10 278403 7 2 0 4 6 1 0 41 0 3 1 18 4 1 5 4 6 4 1 2 4 1 2 1 3 1 0 2 2
50 ACC 0 9 0 0 18 276787 3 40 2 4 0 1 2 39 0 4 0 1 2 0 2 11 0 5 0 0 0 0 1 0 1 0 2 2 0 0 1 23 2 1 0 2 2 1 0 3 3 4 0 2 0 0 1 6 1 2 1 2 0 0 1 1 0 0
51 ACT 1 3 1 16 10 34 10 276784 1 4 3 10 2 12 0 61 3 2 4 1 4 3 3 6 0 1 0 2 4 3 2 0 0 2 5 6 1 3 0 19 2 3 4 1 7 1 9 3 2 5 1 0 4 5 3 9 0 0 5 2 3 2 3 3
52 CTA 0 0 0 1 0 1 0 0 1 0 0 1 28 0 0 1 2 1 1 1 26 0 0 1 1 0 0 1 279731 1 19 3 0 2 0 1 1 0 0 0 1 0 1 0 0 0 2 1 4 0 0 1 0 0 0 1 1 2 1 0 31 0 0 1
53 TTC 0 1 0 2 0 0 1 1 1 3 0 0 0 7 1 1 0 1 0 0 0 0 0 0 0 1 0 0 0 15 1 1 1 1 0 0 0 0 0 0 1 0 1 1 0 4 0 2 1 11 0 2 0 6 0 0 1 1 0 0 16 281039 0 61
54 TGT 0 1 1 1 0 1 0 1 1 0 0 13 1 0 0 1 0 0 1 0 1 0 0 0 0 2 0 38 0 0 2 0 0 2 1 0 1 1 0 1 2 1 0 2 0 1 0 0 2 2 2 78 0 0 0 1 5 52 0 277854 0 0 0 7
55 GCA 1 0 0 0 268 2 1 1 0 2 0 0 1 0 0 1 0 0 0 0 5 1 0 4 0 3 1 0 0 1 0 2 5 0 0 1 278903 8 18 2 2 1 4 0 175 1 1 2 1 0 1 0 7 1 0 3 0 0 0 0 1 0 0 1
56 TCA 0 3 0 0 7 5 1 0 0 4 1 2 4 1 2 0 1 0 0 5 15 2 0 0 0 1 0 1 1 0 0 1 0 0 0 0 4 5 0 0 1 0 0 0 3 2 0 0 4 3 0 2 279544 14 157 19 1 0 4 0 27 1 2 0
57 GAT 0 0 0 52 0 0 0 0 0 0 0 0 0 0 0 0 0 0 1 2 0 0 0 0 0 0 0 0 0 0 0 0 2 11 2 278928 0 0 0 0 0 0 0 10 0 0 0 4 0 0 0 343 0 0 0 0 0 0 0 0 1 0 0 0
58 GCT 0 0 0 0 0 0 0 211 0 0 0 0 0 0 0 1 0 0 0 2 0 1 0 0 1 1 0 0 1 0 0 2 0 0 0 14 3 45 3 272863 0 0 0 3 0 0 0 61 0 1 0 1 0 0 0 8 0 0 0 0 0 0 0 0
59 AAA 279531 0 27 7 0 0 0 0 13 0 0 0 3 0 0 0 0 0 0 0 0 0 0 0 0 0 0 0 0 0 0 0 15 0 0 0 0 0 0 0 0 0 0 0 0 0 0 0 0 0 0 0 0 0 0 0 0 0 0 0 333 0 0 0
60 GCA 0 0 3 0 132 0 0 0 0 0 0 0 0 0 0 0 0 0 0 0 4 0 0 0 0 1 0 1 0 0 0 4 3 0 0 0 275627 0 15 7 0 0 0 3 97 0 0 0 1 0 1 0 5 0 0 0 0 0 0 0 0 0 0 0
61 TAT 0 2 0 2 0 0 0 0 0 1 1 0 0 2 0 2 0 0 0 21 0 0 1 0 0 0 1 0 0 0 3 0 0 0 1 2 0 0 0 0 0 1 2 2 3 0 0 1 8 18 3 278814 0 0 0 330 3 1 2 49 1 3 6 3
62 GAT 5 8 0 39 1 2 3 0 0 3 1 0 2 2 3 1 2 1 0 5 7 1 3 2 0 2 1 0 1 0 0 2 2 18 2 277387 3 0 3 3 1 3 0 23 1 0 0 5 0 0 0 3 2 0 3 2 0 1 2 0 1 1 4 2
63 GCA 3 0 6 4 139 2 0 1 4 0 1 0 3 2 2 0 3 2 3 2 1 1 4 0 2 0 0 3 4 3 2 1 6 1 1 0 277409 7 82 7 6 1 0 0 272 2 1 1 0 1 0 0 16 1 1 1 0 3 0 0 0 2 0 0
64 GAA 81 7 2 0 4 6 1 2 3 1 0 1 2 4 4 2 1 2 1 0 5 3 2 1 1 4 0 0 2 2 1 0 273749 6 11 9 6 1 0 6 14 1 0 3 6 3 1 3 19 5 0 2 9 10 3 3 1 1 0 3 0 1 0 1
65 GTG 5 4 1 2 13 2 2 1 1 4 2 7 3 0 81 4 2 3 7 0 1 6 2 4 1 6 1 4 1 0 3 1 9 1 9 2 2 4 9 2 2 4 7 3 245 8 251418 8 0 5 2 1 2 2 0 0 1 1 2 3 6 8 9 0
66 CAT 0 2 2 17 9 0 2 7 0 4 1 1 4 3 0 0 5 19 2 263737 7 0 0 2 0 0 0 7 4 8 5 3 1 0 1 0 5 0 2 2 0 1 3 3 2 2 1 0 1 1 0 151 5 2 2 3 0 0 3 0 2 0 0 2
67 AAT 7 19 0 274323 7 3 3 6 1 3 0 12 1 0 2 1 0 0 0 3 1 1 1 2 1 0 0 0 3 0 0 0 2 0 0 20 0 0 2 0 1 0 0 2 0 1 0 0 0 0 1 4 5 2 7 3 1 0 0 2 5 1 0 0
68 ATC 1 2 1 0 4 13 3 4 0 1 0 0 28 255427 2 38 1 0 0 6 0 1 0 0 0 5 0 0 1 9 3 2 0 1 1 1 0 1 0 1 2 1 0 0 0 8 3 3 0 2 0 1 1 0 0 1 0 0 0 0 9 3 0 4
69 TGG 2 2 0 0 0 0 0 1 2 0 19 0 2 0 4 0 0 1 1 0 2 0 0 0 0 1 29 3 0 8 4 8 0 1 1 0 2 0 1 0 0 0 1 1 0 0 2 2 1 2 51 2 0 1 0 0 51 1 244712 9 7 3 15 3
70 GCT 0 3 1 1 7 4 1 100 2 2 2 0 3 6 2 0 10 2 2 2 1 1 1 1 0 0 0 0 3 2 1 1 1 4 4 7 5 20 9 184157 4 1 3 2 3 1 2 56 0 0 1 2 2 3 2 12 1 0 1 0 1 2 0 0
71 ACA 2 1 0 0 272876 5 45 8 3 1 0 1 92 1 0 1 6 0 1 0 3 1 0 2 0 0 0 1 1 1 0 0 6 2 0 0 15 2 0 1 2 1 0 0 2 0 1 1 2 1 1 0 8 1 4 4 0 0 0 1 0 1 0 0
72 CAT 3 1 3 12 3 3 1 1 0 0 0 3 0 2 0 3 6 26 3 270816 0 2 0 0 2 1 0 17 1 0 1 2 0 0 1 5 1 0 0 1 0 1 0 1 0 0 1 1 1 2 2 71 2 3 1 0 0 0 3 0 0 0 0 1
73 GCC 0 3 0 0 1 117 2 0 1 0 0 2 0 0 0 2 2 0 3 1 0 0 2 1 1 1 0 0 5 1 1 4 0 10 2 0 42 174498 5 39 2 4 2 1 2 79 0 0 0 2 2 4 3 16 6 3 0 0 1 1 4 4 1 3
74 TGT 0 1 0 1 1 0 4 1 0 1 2 17 0 1 3 0 2 1 2 0 2 7 0 0 0 0 0 122 2 1 1 1 2 2 1 0 1 2 0 0 0 1 1 14 1 1 1 1 1 6 1 118 1 1 0 5 6 35 7 232645 3 0 0 3
75 GTA 0 3 0 4 5 2 0 4 0 1 0 5 131 5 2 2 3 1 2 0 4 6 0 2 0 0 0 0 10 5 3 5 2 0 1 2 30 4 3 1 0 4 1 0 261636 10 40 15 2 1 1 3 6 8 3 2 1 2 1 0 10 5 1 1
76 CCT 1 0 0 5 2 0 0 2 0 1 0 0 0 0 0 2 3 0 3 51 28 77 9 245532 1 1 2 2 8 2 1 28 0 0 1 3 4 1 1 6 3 2 2 2 1 0 0 0 4 0 3 1 0 1 1 81 1 0 0 0 2 0 3 0
77 ACA 6 7 2 8 249411 27 95 28 7 3 0 5 119 4 11 6 10 10 4 6 4 3 2 3 0 4 1 2 4 7 4 12 3 1 1 1 31 3 2 2 1 1 0 2 6 6 4 8 1 6 1 8 7 1 3 6 2 2 1 2 5 8 5 8
78 GAC 1 50 1 2 1 2 1 0 1 1 3 1 2 0 1 0 0 6 2 1 2 0 0 1 0 1 2 0 2 3 1 0 13 216003 6 49 0 5 0 3 6 16 2 1 0 5 2 0 1 14 0 1 2 2 0 2 2 1 0 1 1 0 9 2
79 CCC 1 2 0 1 1 70 3 2 0 0 0 0 0 0 1 0 5 25 0 0 67 143479 4 18 1 0 1 0 1 27 0 1 0 0 0 1 0 2 1 3 0 0 1 0 0 1 3 0 1 0 0 0 2 25 1 0 0 0 0 0 1 0 0 2
80 AAC 12 240169 6 77 3 41 3 3 4 31 2 4 4 7 3 5 3 5 4 2 1 0 0 0 1 0 4 2 1 1 6 3 3 35 2 1 1 3 3 2 3 0 7 0 2 3 1 3 0 11 1 2 2 5 2 3 0 0 6 2 2 3 6 2
81 CCA 1 5 4 2 29 9 7 5 1 2 0 0 3 3 1 2 35 45 2 5 252749 13 6 5 3 5 1 2 11 5 4 0 3 6 5 1 8 4 2 3 3 4 1 1 4 3 1 3 4 3 1 3 24 3 5 4 0 3 0 2 2 1 3 1
82 CAA 7 4 38 6 12 3 3 11 0 4 4 2 6 5 1 3 186336 5 19 13 3 1 5 5 47 2 5 7 4 7 4 7 8 6 2 2 1 4 1 2 1 1 0 5 2 0 1 0 10 6 0 3 4 6 2 2 3 1 3 3 8 8 1 5
83 GAA 18 0 0 0 1 1 1 0 0 0 1 0 0 0 0 0 2 0 0 0 1 0 0 0 0 0 0 0 0 0 0 0 130007 3 3 6 0 0 2 0 0 0 0 0 3 0 0 1 4 1 1 1 2 0 0 0 0 0 0 0 0 0 0 0
84 ATA 7 1 1 2 22 0 1 2 2 0 0 0 126439 2 15 3 2 2 3 2 0 0 0 0 1 0 0 0 4 0 1 1 6 0 1 0 1 0 0 0 0 0 0 0 4 2 2 4 1 3 1 1 0 1 0 1 0 1 1 1 6 2 2 1
85 AAT 15 10 2 151851 0 0 0 3 0 0 0 0 0 0 0 0 1 0 0 1 5 0 0 0 0 0 0 0 0 0 0 0 0 0 0 0 0 1 0 1 0 0 0 0 1 1 0 1 0 1 0 3 1 0 0 0 0 0 0 0 3 1 0 1
86 TTG 1 3 1 1 3 1 7 0 2 0 2 2 6 5 18 0 3 0 0 0 0 0 1 0 0 0 0 1 3 4 3 0 0 1 2 3 0 0 2 0 0 0 1 0 1 1 7 1 4 0 0 1 0 0 5 0 1 0 6 2 17 1 58403 28
87 GAA 70 4 2 1 0 0 0 0 3 1 6 5 4 1 1 0 2 0 3 0 1 0 0 0 1 0 0 0 1 0 0 0 206588 4 15 5 2 0 4 4 140 1 3 1 4 1 1 4 7 2 2 0 4 1 0 0 2 0 0 0 1 1 2 4
88 AAT 25 6 4 186456 0 0 0 1 2 0 1 9 4 1 3 12 2 4 0 2 0 0 0 0 0 1 1 1 1 0 2 1 0 0 0 10 0 0 3 0 1 0 0 0 1 0 2 0 1 0 0 3 0 0 0 0 0 0 0 1 0 2 0 0
89 GTG 3 0 2 2 2 3 1 2 1 1 0 0 3 1 59 0 3 1 0 3 1 1 0 0 0 0 0 1 5 0 0 0 0 0 3 0 1 0 12 0 0 0 1 0 41 3 236866 7 2 0 0 2 1 0 0 0 5 2 5 4 2 0 11 0
90 ACA 15 1 1 0 241315 6 21 7 3 2 2 2 62 2 2 0 0 8 3 1 5 0 0 0 2 5 3 0 1 0 0 2 3 2 0 2 50 0 1 2 0 0 2 0 0 0 0 0 0 2 1 1 4 0 0 0 0 1 2 1 0 1 0 2
91 GAA 57 1 1 0 2 2 4 0 3 1 2 1 1 0 0 0 5 0 1 0 0 1 0 0 0 0 0 0 1 0 0 0 226378 8 30 5 2 0 0 0 7 1 0 1 2 1 0 0 4 1 1 1 6 0 1 0 1 0 1 4 0 0 0 1
92 GAG 4 7 41 4 0 0 2 0 2 5 0 3 1 1 0 0 1 3 1 2 6 2 0 1 0 1 0 1 0 1 1 0 82 8 223166 16 2 0 1 3 0 0 6 2 3 1 5 2 1 6 3 2 2 1 0 1 0 1 0 2 4 2 1 2
93 TTT 0 1 0 0 0 0 1 1 0 0 0 0 0 0 1 4 0 1 0 1 2 1 0 1 1 4 0 0 2 0 0 7 1 0 0 0 1 0 0 0 0 1 0 0 1 2 4 3 1 2 2 21 0 1 0 10 0 2 2 3 10 12 2 191204
94 AAC 11 250902 2 60 1 1 4 1 0 86 2 2 0 4 0 1 1 2 4 3 0 0 0 0 0 3 1 0 0 0 1 2 3 26 3 0 3 1 1 1 0 0 0 1 2 1 1 0 6 7 2 2 2 1 4 2 0 0 1 2 0 1 0 4
95 ATG 2 3 3 1 5 1 18 1 0 3 4 3 104 5 263120 9 0 0 0 1 0 0 0 0 0 0 2 0 3 2 4 1 2 0 1 1 4 1 1 4 4 1 2 0 5 4 37 3 0 0 0 1 2 1 2 2 0 5 1 2 2 0 3 1
96 TGG 0 0 0 0 0 0 0 0 0 0 5 1 2 0 1 0 1 2 1 2 1 0 2 0 0 0 35 0 0 0 0 1 1 1 1 0 1 1 1 1 1 0 1 2 3 0 0 1 0 2 40 3 0 0 2 0 41 1 227101 4 0 0 8 3
97 AAA 277302 3 7 7 3 5 0 1 20 0 0 1 2 0 0 2 0 1 2 0 3 0 1 1 2 1 1 1 1 2 0 3 14 1 1 3 2 2 1 3 1 0 1 0 0 3 2 4 4 0 1 1 3 1 2 0 2 2 0 2 2 0 0 1
98 AAT 7 23 2 276680 4 1 2 2 1 7 0 16 1 0 1 66 2 1 0 6 2 2 1 2 0 3 0 2 3 0 2 3 0 4 1 11 1 0 0 0 0 2 0 0 0 0 2 2 1 1 1 3 9 4 9 6 1 1 0 2 0 2 2 0
99 AAC 24 269596 8 71 6 8 6 3 3 62 1 5 3 8 1 2 6 2 2 4 3 6 4 5 3 3 4 1 5 1 1 0 4 74 2 5 3 2 5 2 1 1 3 1 0 0 2 2 1 4 1 2 3 3 2 0 1 0 1 0 5 0 1 3
100 ATG 3 0 5 1 2 0 6 0 1 0 2 2 53 4 251090 16 1 0 0 1 2 1 0 0 0 0 1 0 1 3 1 3 1 1 1 0 2 0 2 0 0 0 1 1 3 0 57 4 2 1 1 0 0 0 0 3 3 2 0 2 2 1 3 1
101 GTA 1 0 0 1 2 0 0 1 0 0 0 0 113 1 2 0 1 0 0 1 0 2 0 1 4 0 1 1 2 1 0 0 1 0 0 1 16 5 1 3 0 0 0 0 247079 4 50 1 0 1 0 0 1 2 0 0 1 1 0 1 8 0 0 0
102 GAA 72 0 0 3 3 0 0 2 0 0 1 3 2 0 2 2 1 0 0 1 2 1 1 0 2 1 0 0 1 3 0 2 272070 3 37 3 0 2 2 4 8 0 4 1 3 1 1 0 0 3 0 3 1 0 0 2 0 3 4 0 2 1 1 0
103 CAG 2 5 10 8 9 4 1 6 1 1 0 1 2 1 1 3 84 5 278405 10 1 3 5 1 0 1 58 0 0 1 2 2 8 1 1 1 3 2 1 1 2 3 3 0 2 2 0 0 5 2 36 1 4 1 4 0 0 0 2 1 6 0 1 4
104 ATG 2 0 3 2 1 0 11 1 0 1 1 1 129 3 278262 11 0 1 1 0 0 0 0 1 3 1 0 0 4 1 3 1 1 0 0 1 0 2 0 3 0 1 2 0 1 2 16 3 1 5 4 4 0 0 1 0 0 2 5 0 3 5 3 5
105 CAT 2 2 3 25 2 1 1 2 1 2 1 4 3 1 1 0 22 28 8 276668 3 1 0 3 0 3 1 15 2 1 2 11 3 2 0 5 2 1 2 1 1 2 1 0 3 1 2 0 2 2 2 102 4 2 1 2 3 1 2 0 0 3 2 3
106 ACA 22 9 3 5 279287 24 69 15 7 2 1 12 106 2 10 5 6 8 10 4 4 5 4 2 1 3 10 3 6 4 3 7 3 4 7 4 62 3 1 1 6 7 2 0 3 7 4 7 4 2 2 8 12 1 7 1 4 5 7 4 8 2 9 3
107 GAT 0 1 3 53 1 1 2 0 1 1 3 3 1 1 1 1 3 3 2 4 1 0 0 3 0 1 0 3 0 3 0 1 11 26 7 278651 1 0 0 3 1 2 1 14 1 0 2 4 2 0 2 12 1 2 0 3 2 0 3 0 0 0 1 0
108 ATA 9 1 0 1 27 5 6 0 4 1 3 0 279262 11 31 11 4 1 3 0 0 0 0 0 0 0 4 1 5 0 6 2 0 2 0 2 1 3 2 1 1 1 0 2 17 2 4 2 6 4 1 2 0 1 1 1 1 0 0 2 13 3 5 7
109 ATC 0 14 1 1 6 30 2 3 5 3 4 0 18 277903 4 77 1 0 4 0 2 0 1 1 2 2 0 1 2 8 2 6 1 1 1 0 0 1 0 3 0 2 0 2 4 24 3 1 1 2 6 1 0 2 0 2 4 0 0 1 4 3 4 0
110 AGC 4 103 1 8 8 8 9 1 16 276497 5 130 1 3 7 1 3 6 3 4 1 1 1 2 1 7 7 2 1 5 1 0 1 4 10 3 2 12 3 7 4 53 9 3 1 1 3 7 6 4 6 3 3 2 2 0 3 2 1 2 1 7 1 1
111 CTA 1 1 0 1 2 0 0 3 0 1 0 1 34 1 2 3 19 4 1 2 64 1 2 0 1 1 1 0 280099 4 14 8 1 0 0 1 3 1 1 3 0 0 2 1 1 1 3 2 3 3 1 0 1 0 2 0 4 0 1 4 27 0 2 0
112 TGG 0 0 0 1 3 2 3 1 2 1 5 0 2 0 0 0 0 1 0 0 0 3 0 0 0 0 10 0 1 1 0 0 0 1 0 1 1 0 1 0 1 1 2 1 3 0 1 1 4 3 40 2 1 3 0 0 62 3 278459 23 1 3 18 2
113 GAC 4 56 1 3 1 7 1 6 3 2 2 0 1 3 2 3 0 5 0 1 0 2 0 0 1 3 1 1 0 2 1 0 30 279890 14 50 0 3 4 1 1 13 2 2 0 5 0 5 2 18 0 5 0 3 0 1 1 0 0 1 1 4 2 3
114 CAA 14 8 0 1 2 4 4 5 1 1 0 2 0 3 0 2 276861 11 113 16 3 1 1 0 51 2 1 2 4 5 4 6 5 4 1 0 2 5 5 5 1 0 0 0 2 1 0 1 24 0 0 1 5 3 3 2 3 0 2 2 2 0 1 0
115 GGC 0 0 1 1 6 3 3 2 2 82 1 1 0 1 4 0 2 0 2 1 3 0 0 0 2 4 8 0 0 0 0 0 4 113 4 0 5 17 9 7 18 271597 14 35 1 7 2 1 6 0 2 2 1 6 3 3 2 66 1 3 1 1 0 1
116 CTA 2 0 1 2 3 3 4 3 2 0 0 0 30 3 3 0 12 2 0 0 76 0 0 1 2 0 0 3 279765 10 46 10 2 2 1 0 1 0 0 0 0 0 0 0 4 3 1 1 0 1 0 0 0 0 0 3 1 0 3 0 21 1 2 0
117 AAG 94 4 280166 17 2 2 4 2 3 2 21 6 2 0 15 4 7 3 16 3 0 1 2 1 3 2 1 1 7 0 1 4 0 0 25 7 4 0 7 4 2 2 3 0 1 0 5 0 1 2 8 5 6 4 7 1 2 0 1 1 9 1 3 3
118 CCA 1 1 2 2 19 8 3 3 1 8 2 9 1 2 1 2 12 8 4 5 277741 15 12 3 2 2 1 2 23 0 0 0 5 3 5 1 4 2 2 1 5 5 8 7 2 0 1 1 2 0 3 1 105 2 3 3 1 1 2 1 1 1 2 1
119 TGT 2 1 0 0 4 2 1 0 0 1 3 13 1 2 6 2 2 6 1 2 1 1 0 1 0 3 3 34 2 1 4 0 2 0 4 4 1 3 5 2 2 1 0 6 2 2 1 2 3 1 0 74 3 2 0 5 9 41 5 280409 1 1 7 10
120 GTA 2 2 1 0 4 3 1 2 0 1 2 1 112 2 2 2 0 2 4 2 1 0 2 1 8 1 1 2 9 3 4 3 1 2 2 0 24 2 3 0 2 1 0 3 280522 9 42 7 1 3 2 1 1 2 0 2 0 2 1 0 9 3 3 1
121 AAG 77 8 277563 14 1 5 5 4 2 3 35 5 0 1 6 2 3 4 7 1 1 2 0 0 2 4 2 1 6 1 3 3 1 2 17 2 0 3 2 0 2 0 0 4 1 1 1 3 1 1 6 2 9 2 2 2 1 0 1 2 0 1 6 1
122 TTA 1 4 2 1 4 2 2 0 0 2 0 3 10 4 1 0 2 0 0 0 3 1 2 2 1 0 1 2 33 1 2 3 2 1 1 0 0 0 1 0 0 0 2 0 5 2 0 1 5 0 0 2 17 2 1 0 4 2 0 1 278898 2 47 3
123 ACC 1 10 0 0 8 277761 3 51 2 4 0 4 0 50 0 1 0 1 2 0 1 1 0 1 0 0 0 1 2 0 0 1 0 1 1 2 2 33 2 0 1 3 0 0 0 0 0 0 0 1 0 0 1 11 2 1 1 3 3 0 0 1 0 1
124 CCT 0 5 0 2 0 2 0 23 0 0 0 1 0 0 2 0 2 1 2 35 11 90 13 280696 3 0 1 0 1 1 2 29 2 4 1 3 5 2 2 5 0 1 2 0 0 0 1 0 0 0 3 0 2 0 2 17 0 0 0 0 0 1 0 0
125 CTC 2 1 1 1 0 1 0 0 0 2 3 0 4 9 2 4 2 3 0 1 0 22 1 0 0 5 0 2 29 280181 7 38 3 1 0 1 1 0 0 0 0 1 2 0 2 3 2 0 1 1 3 1 0 0 0 0 2 0 1 0 4 27 3 0
126 TGT 2 2 0 0 1 3 0 0 4 1 1 17 1 0 0 5 1 1 1 0 0 0 0 1 0 0 0 99 1 0 0 1 1 1 0 0 2 0 0 1 1 1 0 4 1 0 0 0 3 1 0 40 2 2 0 5 5 122 6 280089 0 0 0 5
127 GTT 0 1 1 1 0 0 4 3 0 2 2 2 2 3 0 80 2 0 5 0 1 0 2 3 0 2 1 0 0 0 0 3 1 0 1 6 0 0 0 18 1 0 0 2 6 17 4 280505 0 0 0 1 0 0 3 1 2 0 1 0 0 0 1 3
128 ACT 1 4 0 12 26 43 12 280812 0 0 3 4 0 0 2 52 1 1 2 0 10 16 4 3 0 1 3 0 0 2 0 1 0 2 0 5 2 2 0 13 0 0 0 1 4 2 1 2 0 1 2 1 5 2 1 5 0 0 1 1 0 0 1 1
129 TTA 5 4 0 1 0 0 0 0 1 1 0 0 22 0 2 0 1 0 0 0 3 4 3 4 1 1 0 0 41 6 1 1 0 0 0 0 0 0 1 1 1 0 0 1 2 0 0 1 7 2 2 1 11 1 0 0 3 0 2 1 280919 2 96 4
130 GAT 2 3 0 45 6 3 1 1 0 0 0 2 4 0 0 2 0 2 0 0 0 1 0 0 1 0 0 0 0 0 0 0 22 16 8 280863 1 2 0 2 3 1 0 7 0 1 1 3 2 0 4 10 3 2 1 2 1 0 0 0 0 2 2 1
131 TGC 1 0 0 0 0 0 0 1 1 18 0 1 0 0 1 0 0 2 0 0 0 1 0 2 1 11 0 0 0 2 1 0 0 0 0 2 0 1 0 3 0 0 1 0 1 0 1 0 1 207 1 3 0 3 0 0 11 280382 3 241 0 11 0 0
132 CAT 3 3 4 35 8 9 5 3 2 5 3 0 0 1 6 5 12 42 3 280790 2 2 1 1 4 6 5 15 1 2 2 5 2 3 2 1 2 3 3 0 5 2 2 2 3 1 1 1 0 1 0 19 4 3 1 1 0 0 1 0 1 4 0 4
133 AAT 16 19 3 281118 2 2 3 2 0 5 4 19 3 3 2 0 7 6 1 5 10 17 5 5 1 4 1 1 0 4 4 1 4 3 2 40 3 1 2 9 2 0 6 5 3 0 0 1 2 4 0 6 5 6 3 2 0 0 1 0 9 1 2 3
134 GTC 0 0 1 1 1 4 1 0 0 0 0 0 1 71 0 0 2 0 0 0 13 13 2 3 0 2 0 0 1 6 1 6 0 4 0 0 0 24 1 0 0 4 1 0 14 280992 2 33 0 1 0 0 0 4 0 0 0 0 1 1 1 5 6 2
135 ACC 3 25 2 7 72 280867 3 29 0 4 1 2 3 35 2 3 2 11 1 3 7 15 4 5 2 4 2 2 7 3 1 3 4 5 0 2 0 30 4 1 4 3 6 2 4 3 2 2 1 4 1 4 2 9 0 1 0 1 1 0 3 4 0 4
136 TAT 0 0 1 31 0 1 0 1 2 0 0 0 1 2 0 0 2 0 1 128 5 5 0 2 0 0 0 0 0 1 0 0 0 0 0 7 0 0 0 0 0 0 1 0 1 0 1 1 5 25 2 280793 2 0 2 0 1 0 0 7 2 0 0 2
137 AAT 37 16 4 280835 5 1 0 8 2 2 1 25 1 1 0 13 1 2 0 2 2 1 3 1 2 1 0 2 0 0 0 1 1 0 0 17 0 0 0 0 0 0 2 2 2 0 0 0 0 0 1 5 3 0 1 0 1 0 0 0 1 0 0 2
138 ATC 0 32 0 0 0 13 0 0 1 4 4 2 30 280580 0 48 0 0 1 0 0 2 0 0 0 0 0 0 0 2 0 0 0 0 0 0 0 1 0 0 0 0 0 2 0 13 2 1 1 0 1 1 0 1 0 0 0 0 1 0 0 3 0 2
139 ACC 4 18 0 0 53 280878 3 71 1 11 0 0 0 68 1 0 3 0 0 0 3 3 0 2 1 1 0 1 0 0 0 0 0 1 1 0 0 38 0 0 0 0 4 1 0 0 0 0 0 0 0 0 0 4 0 0 0 0 0 0 0 0 0 0
140 AGT 17 2 2 84 5 3 0 2 28 15 9 280855 1 1 2 4 2 7 1 1 2 4 1 1 1 0 2 2 2 1 2 1 1 0 0 1 3 0 0 0 0 0 3 29 1 0 3 5 2 1 1 0 0 1 1 0 0 0 5 5 2 3 3 1
141 GAC 7 58 2 2 3 2 1 0 0 2 1 4 2 1 1 0 7 6 0 1 4 7 1 3 1 4 1 3 5 2 1 1 11 202953 0 40 5 5 2 1 0 38 10 2 0 3 0 4 5 7 0 3 2 3 3 6 1 0 0 0 2 0 0 4
142 ATG 2 7 6 0 0 3 7 1 3 1 1 4 62 7 202819 2 5 3 3 0 1 6 1 3 2 3 0 1 3 0 2 4 3 2 2 1 0 1 6 4 1 1 6 1 5 2 33 3 3 2 2 5 3 0 0 2 2 1 4 4 0 0 5 5
151 AAG 58 4 202616 32 4 7 13 1 0 2 38 1 4 2 24 1 4 6 2 0 5 8 3 1 3 7 6 4 4 3 1 4 1 3 27 1 3 6 2 3 2 0 5 2 0 2 3 0 0 1 4 0 1 5 2 3 0 0 1 0 1 2 1 2
152 GAA 69 5 0 2 2 4 2 1 2 3 0 3 0 6 1 0 1 7 1 7 3 18 3 0 0 2 1 3 0 1 1 1 202727 8 33 10 0 1 1 3 19 1 1 0 5 0 1 1 4 3 0 0 2 6 2 1 2 1 0 0 0 4 2 0
153 GAA 52 3 0 1 0 2 0 0 2 0 0 0 2 0 0 0 2 1 1 0 0 0 0 1 0 0 0 0 1 3 1 1 203103 4 7 1 0 1 0 0 4 2 3 1 1 0 0 2 3 0 0 1 1 0 1 0 0 1 1 0 0 4 0 2
154 ATA 5 0 0 0 12 0 0 0 2 1 0 0 203106 0 35 5 1 0 0 0 0 1 0 1 0 0 0 0 7 1 1 0 1 0 0 0 0 1 0 0 0 2 0 0 6 0 0 2 0 2 0 5 0 0 0 2 1 0 2 1 3 1 1 0
155 ACA 21 1 2 2 203058 5 12 2 5 4 0 0 47 3 2 2 2 1 0 2 4 0 0 1 0 0 0 0 5 3 0 5 0 0 0 1 18 3 0 3 1 1 0 2 0 0 1 3 1 3 0 1 8 0 0 0 0 2 0 0 1 5 0 2
156 AAC 6 202995 2 28 1 0 0 0 0 6 2 1 0 2 0 0 0 2 0 0 0 1 0 0 0 1 0 0 0 0 0 1 1 5 2 0 0 0 0 0 0 0 0 1 0 0 0 0 4 1 0 0 0 0 0 0 0 0 0 1 1 0 0 0
157 TGC 0 1 2 1 0 0 0 0 0 3 0 0 0 2 0 1 0 0 0 1 0 1 1 0 0 6 0 1 1 1 0 2 0 0 0 0 0 1 0 0 0 1 1 0 2 0 0 0 4 56 1 0 1 1 0 0 7 202330 1 54 1 5 0 0
158 TCT 1 0 0 0 3 2 4 4 2 1 0 1 0 1 0 1 3 0 0 0 0 3 0 12 0 0 0 0 1 1 4 0 2 0 1 0 0 2 0 2 0 0 0 0 2 0 2 2 1 0 0 1 6 14 5 202950 0 2 1 1 2 0 0 17
159 TAC 0 8 0 0 0 0 1 1 0 0 1 0 0 2 0 0 1 19 0 0 0 4 1 0 1 0 1 0 1 1 0 0 1 2 0 0 0 2 0 0 2 0 0 0 1 0 0 0 10 202946 2 48 0 0 0 0 0 12 0 0 0 3 1 1
160 AAT 10 20 6 202978 1 1 0 1 0 1 1 28 2 0 0 8 0 3 0 2 1 3 0 0 0 0 1 1 1 4 0 0 0 0 0 29 0 1 0 0 2 0 0 0 2 0 0 0 0 2 0 3 1 3 1 2 0 0 2 0 1 0 3 2
161 GTG 2 1 0 2 3 1 1 1 0 0 0 0 1 0 59 1 1 0 0 1 1 0 0 1 0 1 1 0 1 2 2 1 0 2 5 0 0 1 10 1 0 1 1 0 58 3 202797 10 2 1 1 1 1 1 0 1 2 0 0 0 1 0 6 0
162 ACC 0 11 0 0 8 202897 1 25 1 6 1 3 0 22 2 0 2 0 3 0 3 4 1 5 0 1 0 3 0 1 1 1 3 0 1 0 0 40 0 1 0 2 0 0 0 0 1 0 2 1 0 1 0 2 0 0 0 0 1 0 0 0 0 2
163 ACA 12 1 0 1 202671 20 122 13 0 1 0 0 23 0 1 0 1 1 0 1 2 3 2 0 0 2 1 0 0 0 1 0 1 0 0 1 11 1 0 0 0 0 3 2 1 0 0 0 1 0 0 1 5 3 0 2 2 1 1 0 3 0 2 0
164 GTA 1 1 2 0 2 0 1 0 0 1 1 0 65 2 0 1 0 0 0 0 4 4 0 1 1 1 0 0 7 0 0 0 17 0 0 1 28 0 2 2 2 4 1 0 202413 3 11 5 0 2 0 0 2 1 1 0 0 0 5 0 10 1 0 0
165 ATA 4 1 1 1 10 0 3 2 0 0 0 0 202388 0 78 4 3 1 1 1 0 5 0 4 3 3 0 0 3 1 0 0 1 0 1 0 1 0 1 1 0 1 1 0 12 1 2 1 1 3 0 1 0 1 0 0 1 0 3 0 2 0 1 5
166 AGG 8 3 50 4 2 5 2 5 52 1 202167 17 2 0 43 2 12 2 2 2 4 6 4 1 2 5 30 1 4 4 1 1 0 0 1 2 6 3 3 2 0 0 97 0 3 1 3 0 1 1 0 0 1 2 0 3 1 3 16 0 2 1 3 1
167 GAT 0 0 1 69 0 0 1 0 0 0 1 0 0 0 0 0 0 0 2 1 0 3 1 2 0 1 1 0 0 0 0 1 9 9 3 201899 0 0 1 1 0 0 4 3 0 0 0 3 0 0 1 1 0 1 1 4 2 1 0 0 1 0 0 3
168 AAG 58 1 202307 7 6 5 11 1 2 4 95 3 2 0 15 0 3 6 3 1 3 2 0 1 1 5 1 1 4 0 2 0 5 1 83 0 4 3 4 2 3 0 1 0 3 1 3 1 1 2 0 4 2 4 0 4 0 0 1 0 0 1 1 2
169 AAA 203059 3 2 5 7 6 1 5 11 1 1 3 10 2 1 1 8 0 3 2 6 23 7 6 0 4 0 2 0 5 0 2 7 1 3 0 0 1 0 0 2 1 0 0 1 2 2 4 1 0 0 0 3 5 0 1 1 0 2 3 0 1 1 5
170 CAG 0 3 5 2 1 4 0 0 1 0 2 0 1 1 2 4 24 1 202063 4 0 2 4 0 0 0 27 4 2 1 7 0 2 0 1 0 3 4 0 0 0 0 0 0 1 1 0 0 0 0 20 1 0 1 1 2 0 0 0 0 0 0 0 1
171 AAA 203097 1 17 4 5 1 1 2 5 1 2 2 0 0 3 1 1 1 0 1 1 2 1 1 0 1 3 1 2 0 1 1 12 0 0 0 1 1 0 1 3 1 2 0 0 0 2 0 1 0 0 1 2 1 2 2 1 0 0 0 2 3 1 1
172 GTA 1 0 1 0 2 4 2 3 0 0 0 0 100 0 2 2 2 2 0 0 0 3 1 0 0 0 3 0 0 0 1 0 8 0 0 0 12 0 0 3 0 0 0 0 202744 2 6 2 1 0 0 0 2 2 0 0 0 0 0 0 4 0 0 3
173 TCC 3 4 1 0 4 10 1 1 1 3 0 0 2 0 1 0 1 2 2 2 1 5 0 0 1 0 0 0 1 1 0 0 0 1 3 0 2 5 0 1 2 3 1 0 0 1 0 4 1 7 0 0 20 201429 2 27 0 0 4 0 0 18 0 2
174 TCA 1 2 0 1 5 1 0 1 0 1 1 2 0 0 0 0 0 0 0 0 36 0 0 0 1 0 0 3 0 0 1 0 0 0 0 2 0 0 0 0 0 0 2 1 1 1 0 0 10 0 1 0 202158 3 5 3 1 0 0 1 7 0 0 0
175 CTT 0 0 0 0 1 1 0 0 1 0 0 1 4 0 0 10 1 3 1 1 3 1 3 678 1 0 0 1 16 22 5 201595 0 1 1 0 0 1 1 0 0 0 2 0 0 0 1 0 1 0 0 0 1 0 0 0 0 2 1 0 1 0 2 59
176 TTT 1 0 0 2 1 2 0 0 0 0 2 0 1 2 0 10 0 1 0 0 1 2 0 0 0 1 0 0 0 0 0 8 0 2 0 0 0 0 0 0 0 0 1 1 1 0 1 2 3 1 2 3 0 0 0 8 0 0 1 0 5 24 1 201330
177 TAT 0 2 0 4 0 0 0 0 0 4 0 0 1 0 0 0 2 0 0 18 0 0 0 0 0 0 0 0 0 0 0 0 1 0 0 1 0 1 0 1 0 1 2 1 0 0 0 1 5 11 0 202690 1 0 3 2 0 1 1 8 0 1 0 8
178 AAA 202021 5 6 2 1 1 1 1 17 0 0 0 4 0 0 0 1 3 1 0 2 2 0 0 1 1 0 0 1 1 3 2 10 0 0 0 0 1 0 2 0 1 1 0 0 2 1 4 4 5 0 1 1 0 2 0 2 0 2 0 2 0 0 3
179 CTT 0 1 1 1 0 2 0 3 0 0 0 0 1 2 1 34 0 1 0 10 2 0 2 9 1 0 1 0 24 26 3 201459 3 0 0 1 4 3 2 0 0 0 1 0 2 3 0 3 0 0 0 0 3 1 1 0 0 1 0 0 0 1 0 19
180 GAT 1 0 0 35 1 2 1 1 0 0 0 0 2 0 0 1 0 0 0 1 0 1 0 0 0 0 0 0 0 1 0 0 3 8 2 202117 1 0 0 0 0 0 0 9 0 0 0 1 1 0 0 3 0 0 0 0 1 0 0 0 0 2 1 0
181 GTA 1 0 0 1 0 1 1 0 0 0 0 0 98 0 1 1 0 0 0 0 0 0 1 2 1 0 1 0 9 3 2 2 9 0 0 0 6 0 0 0 0 0 0 1 201714 8 50 8 0 0 0 0 0 0 0 1 1 0 1 0 5 0 0 0
182 GTA 0 2 1 2 4 8 2 0 1 0 0 0 91 3 0 2 1 1 1 0 2 1 1 0 1 1 0 1 6 3 1 1 2 0 0 0 24 2 0 0 5 1 0 0 199352 2 41 1 4 2 0 0 0 1 1 0 1 0 0 1 4 0 0 0
183 CAA 7 2 1 0 3 5 0 0 1 0 0 2 2 0 0 0 201579 3 10 2 3 6 1 3 5 1 3 1 9 0 0 1 0 0 1 0 0 1 3 2 1 1 0 1 0 2 3 0 26 0 0 1 1 1 1 0 0 0 0 0 3 0 0 1
184 ATT 0 0 0 3 0 0 0 4 0 0 0 0 8 6 6 198129 0 0 0 0 0 3 0 3 0 0 0 0 1 0 0 1 0 0 0 0 0 0 0 0 0 0 0 0 0 0 1 12 1 0 1 0 0 0 0 0 1 0 0 0 0 0 2 7
184a GGA 5 0 0 0 0 5 2 0 51 1 0 0 0 3 1 1 3 1 1 0 2 2 0 2 0 2 0 1 0 4 0 0 38 1 0 1 0 1 0 0 184124 6 95 17 3 1 1 2 0 0 0 0 2 4 0 0 10 0 0 0 0 0 1 1
184b GGT 3 0 0 2 1 3 0 0 3 3 0 68 0 0 1 0 2 2 2 4 2 4 1 0 0 4 0 4 1 0 0 0 0 0 2 93 0 0 4 6 13 40 0 186220 4 1 4 6 1 0 0 3 1 4 1 4 0 0 2 12 0 1 2 4
185 AAT 29 22 6 200426 3 2 2 3 0 0 2 7 2 2 1 4 5 6 4 3 1 1 3 2 2 1 0 1 2 2 0 0 1 0 2 9 1 0 1 1 1 1 0 0 2 0 2 0 3 3 1 1 3 0 1 1 0 0 0 0 0 1 1 2
186 AAT 19 16 5 199971 1 1 6 6 3 4 2 11 1 2 2 2 4 1 3 4 2 2 3 1 0 0 0 0 1 1 0 0 2 1 0 14 1 3 0 0 3 3 5 6 2 0 1 0 2 1 1 0 1 2 2 0 1 0 2 0 2 2 6 2
187 AGG 3 3 51 3 2 4 2 1 64 9 189717 12 1 2 37 1 1 1 0 2 2 1 2 5 0 0 7 0 1 1 2 0 4 1 2 3 0 1 1 0 0 1 104 1 2 0 2 4 0 2 1 3 3 4 4 1 1 0 12 0 3 1 1 5
188 ACT 2 2 0 9 8 50 1 194665 1 2 1 9 1 0 0 16 5 3 4 2 2 4 0 1 1 2 1 3 1 0 1 2 0 3 3 0 3 2 0 16 1 0 1 1 1 0 3 0 0 0 0 0 0 2 0 5 0 0 0 0 0 0 0 0
189 AAT 17 10 2 200631 2 2 0 5 2 1 0 14 2 2 0 6 1 1 1 0 5 4 1 2 2 0 1 1 1 0 3 1 1 2 0 19 4 0 0 0 3 1 1 0 0 0 1 0 0 1 1 1 1 1 0 2 0 0 0 0 1 1 0 2
190 AGT 0 0 1 59 4 3 1 10 45 12 6 190929 0 1 2 3 3 1 3 4 2 3 0 2 1 0 1 1 1 0 0 0 0 2 4 1 0 2 1 0 0 0 0 24 0 0 0 0 0 0 0 2 3 0 2 0 2 0 0 1 1 2 1 0
190a CAG 4 3 9 4 1 6 1 0 4 0 0 1 1 1 3 1 119 14 190707 20 3 5 0 3 1 0 12 0 3 1 7 3 3 2 1 1 1 3 1 3 0 1 2 1 0 3 2 2 0 6 17 2 2 2 4 0 0 0 1 0 0 3 0 0
191 TAT 0 0 0 4 0 1 1 0 1 0 0 2 0 0 2 0 2 1 0 12 1 1 0 0 0 0 0 0 0 0 2 0 0 1 0 6 0 1 1 0 0 1 0 1 1 1 0 1 5 7 4 184567 0 0 0 0 0 0 0 4 1 0 0 5
192 AGA 30 0 2 1 4 4 1 3 182098 0 10 2 6 3 9 4 2 1 0 3 1 2 2 0 3 3 3 1 1 0 3 0 2 0 0 1 2 2 1 1 16 0 0 1 2 0 2 0 1 0 1 2 2 0 1 0 0 0 0 0 1 0 1 1
193 TTA 1 1 2 3 0 2 1 1 0 0 1 0 28 3 0 2 2 1 0 0 1 3 0 0 1 0 0 2 16 3 3 2 0 0 0 0 0 1 2 0 1 0 2 1 4 0 1 2 8 2 0 1 15 1 1 0 0 1 3 1 184218 2 12 6
194 ATA 7 5 3 7 11 6 0 1 2 2 0 3 196375 0 24 5 5 9 1 3 0 0 0 1 4 1 0 3 8 3 0 2 0 0 0 0 1 4 2 0 0 0 2 1 15 0 0 3 4 2 0 1 2 3 0 2 0 0 3 1 5 0 2 0
195 AAC 20 189099 8 24 1 5 0 6 3 5 1 0 3 6 0 0 5 12 0 2 1 1 0 1 2 2 0 0 0 0 0 2 0 7 0 0 0 1 5 1 2 0 6 7 0 1 0 1 1 0 0 0 1 0 1 0 0 0 1 1 0 1 0 1
196 TGT 1 2 0 1 0 1 0 0 1 1 0 5 0 0 0 0 0 1 2 0 0 2 1 2 1 0 0 13 0 1 1 0 0 0 0 0 0 1 1 0 1 2 1 4 5 0 0 2 0 0 0 67 0 0 0 1 4 36 0 185558 2 0 0 2
197 AAC 7 186990 2 74 9 2 0 0 0 35 0 0 0 2 1 0 2 1 3 0 0 2 0 0 1 1 0 0 0 0 0 0 1 52 1 2 1 3 0 0 0 0 0 0 2 0 0 0 1 4 0 1 0 2 0 0 0 0 0 0 1 0 1 0
198 ACC 2 3 1 0 44 140723 0 25 0 1 0 0 0 14 0 2 1 3 0 1 0 2 1 0 0 4 2 0 0 0 1 0 2 0 0 0 0 5 0 1 0 0 0 0 0 0 0 1 0 0 1 0 1 2 2 0 0 0 0 0 0 0 0 0
199 TCA 5 1 0 0 11 0 1 0 1 0 0 2 0 0 0 1 1 1 2 2 46 2 0 0 0 1 0 0 0 0 0 0 1 0 3 0 4 2 4 1 0 0 1 0 1 2 0 2 3 0 1 1 138439 2 56 2 0 0 1 0 9 1 0 0
200 GCC 9 0 2 1 3 81 3 1 1 0 1 1 0 2 1 1 4 1 2 3 0 4 0 0 2 2 2 1 2 3 1 6 3 7 0 0 10 129146 3 8 0 2 0 0 6 69 1 3 0 0 0 1 1 3 2 1 1 1 0 0 2 1 0 0
201 ATT 2 2 0 4 0 0 2 11 0 0 0 1 6 18 2 153902 0 1 1 0 0 0 0 1 0 0 0 0 0 0 1 1 1 0 1 0 0 0 1 0 1 1 0 0 1 0 0 1 1 2 1 1 1 0 0 1 0 0 0 0 0 0 2 2
202 ACA 7 0 2 0 172817 6 16 0 1 0 6 0 43 2 1 4 1 1 1 4 1 0 0 1 0 1 1 0 1 1 0 0 0 0 1 0 19 1 0 1 0 0 0 0 2 1 5 0 7 8 1 0 0 0 0 0 1 0 0 1 2 0 3 0
203 CAG 1 0 4 0 7 1 0 0 2 0 6 0 0 0 0 1 48 1 168309 17 1 1 2 1 1 4 85 0 0 0 13 0 2 0 1 0 2 3 0 0 3 1 1 0 0 0 1 1 1 1 34 2 3 3 0 1 2 2 0 0 1 1 2 0
204 GCT 0 1 0 0 1 1 1 91 0 1 2 2 1 1 6 6 0 3 0 1 3 3 2 1 2 4 2 1 2 3 1 1 0 0 1 6 5 17 11 167174 0 4 0 3 0 0 4 36 0 0 0 1 1 0 1 5 0 0 1 3 3 0 2 0
205 TGT 1 2 2 1 1 0 0 1 0 0 0 1 0 3 0 1 0 1 0 0 1 0 0 0 2 0 0 25 0 0 2 0 0 0 1 0 1 0 0 0 0 0 0 1 0 0 0 0 1 0 0 32 0 0 0 2 7 66 2 186495 1 0 5 4
206 CCA 0 3 1 1 14 5 1 2 0 0 0 3 3 6 0 3 8 2 4 3 185780 14 15 7 0 2 2 1 10 0 3 2 0 0 1 1 2 3 3 0 0 0 0 0 1 0 2 1 0 1 2 0 18 6 0 3 2 0 1 0 0 1 0 2
207 AAG 47 1 187140 12 4 4 7 0 2 2 38 0 4 2 3 1 7 1 4 5 5 7 4 0 4 1 7 0 2 2 2 5 0 2 5 0 0 1 3 0 3 0 1 0 1 0 0 0 3 1 4 0 3 1 1 1 2 0 0 2 0 0 3 0
208 GTA 2 3 3 2 1 0 2 3 3 0 0 1 83 3 3 3 0 1 1 0 1 0 0 0 1 0 0 0 4 7 2 7 1 0 0 1 21 1 0 2 1 1 0 2 196159 7 17 5 3 3 1 0 2 2 2 0 1 2 1 3 10 4 3 2
209 ACC 4 13 0 7 27 182041 4 31 1 3 0 2 3 44 0 1 4 4 1 0 0 5 0 0 1 0 2 1 1 2 7 0 0 2 0 0 4 11 1 0 2 1 3 0 0 1 0 2 2 1 0 2 4 2 3 3 1 1 0 3 1 1 2 2
210 TTT 0 4 0 2 3 4 2 4 0 2 7 2 9 0 7 9 2 2 1 2 1 1 1 1 0 1 1 1 0 3 0 43 0 1 1 0 1 1 4 2 0 1 2 4 0 0 6 11 2 1 5 4 4 2 0 15 1 2 8 0 6 25 4 193769
211 GAG 3 2 31 1 5 1 4 0 0 0 4 2 3 2 0 0 2 3 0 3 2 2 1 0 0 3 4 2 2 2 0 1 73 5 187032 8 2 3 6 0 0 0 43 2 0 0 8 4 0 1 4 1 2 4 3 1 1 1 3 0 3 2 1 1
212 CCA 0 0 0 0 14 1 1 4 0 0 0 0 0 0 1 1 16 0 1 2 172586 6 5 4 0 0 0 0 16 0 0 1 0 0 1 0 4 0 1 0 0 0 0 1 1 0 1 0 0 1 0 0 188 0 0 3 0 0 0 0 0 0 2 0
213 ATT 7 5 19 13 4 9 2 23 1 1 3 1 13 20 8 186255 2 2 0 2 3 8 6 4 3 0 1 2 2 1 1 6 0 0 0 3 2 1 0 5 0 0 0 0 0 1 0 12 0 1 2 2 0 2 1 3 1 1 3 0 2 3 0 4
214 CCC 3 2 4 2 1 21 3 3 0 3 1 5 0 0 3 3 1 20 0 1 15 180251 5 25 4 2 0 8 1 15 2 1 4 2 1 4 4 7 0 0 1 3 2 6 1 0 0 0 3 0 1 0 0 31 0 5 0 0 0 3 3 0 0 3
215 ATA 17 2 9 0 14 3 1 0 14 0 2 1 198286 6 18 9 0 2 1 0 0 1 2 1 3 0 0 3 3 9 1 3 1 0 1 0 0 0 1 0 0 0 0 0 6 2 3 2 5 1 4 5 0 4 0 1 3 1 0 1 0 2 0 0
216 CAT 4 1 2 7 7 2 2 2 1 2 3 4 3 3 2 5 17 22 6 195979 3 2 1 4 2 4 0 2 1 1 1 5 0 1 0 1 0 2 6 0 1 0 0 1 3 1 1 2 2 1 0 40 5 4 2 2 2 2 2 1 1 4 0 2
217 TAT 0 2 2 2 1 0 1 0 0 0 0 2 1 0 1 1 0 1 3 7 0 0 0 2 0 0 0 2 1 2 1 4 2 1 2 8 1 0 1 0 0 0 1 1 1 1 2 1 8 9 1 195492 0 0 0 4 2 1 1 13 1 4 9 1
218 TGT 0 1 1 3 0 2 1 0 1 0 0 16 1 1 0 0 1 0 0 1 2 2 0 0 0 1 1 12 0 0 1 2 0 0 0 0 0 2 3 2 2 2 1 2 1 0 0 1 2 2 0 60 0 2 1 3 11 20 3 197086 0 0 1 4
219 GCC 3 1 0 0 5 155 6 2 1 1 1 3 4 2 1 1 3 2 0 0 1 12 4 1 0 0 0 0 0 0 2 0 0 4 0 1 15 196460 6 31 3 2 2 2 2 114 12 3 0 0 0 0 6 12 0 3 1 2 1 3 0 0 0 1
220 CCA 0 0 1 0 6 2 0 0 2 1 0 2 0 1 0 1 8 2 0 0 198437 12 20 14 3 1 2 0 22 1 1 0 0 0 1 1 4 3 2 2 0 1 2 0 0 0 0 0 0 2 2 0 19 0 0 0 1 0 0 0 0 0 1 2
221 GCT 2 2 0 3 6 4 5 145 0 1 0 0 2 3 0 0 6 4 2 1 10 32 1 9 0 2 0 0 0 0 2 2 1 2 0 2 3 36 10 199435 3 1 3 10 1 1 1 51 2 1 0 1 1 4 2 12 0 2 0 1 1 1 0 0
222 GGT 1 2 3 6 1 2 2 1 0 2 0 44 1 0 0 0 0 7 1 6 2 4 0 4 0 3 2 0 1 1 0 0 0 1 0 35 3 1 2 5 9 17 15 200666 0 0 1 6 2 2 0 0 6 4 1 0 1 1 1 2 1 1 0 1
223 TTT 2 1 3 1 0 1 0 0 1 0 0 0 0 1 0 1 2 3 0 1 0 1 0 1 1 0 0 0 1 0 0 15 1 1 0 0 0 0 0 0 1 0 0 2 1 1 2 4 2 8 0 5 1 1 3 10 0 1 10 2 3 55 3 197770
224 GCG 1 4 0 0 8 5 50 3 0 3 1 3 1 0 1 0 0 0 3 1 0 1 3 1 2 0 1 0 0 0 0 1 2 0 3 0 65 15 199669 7 3 1 6 1 4 1 284 1 0 1 0 0 2 3 17 1 1 1 0 1 0 0 1 0
225 ATT 0 0 1 4 0 1 0 11 1 0 0 0 3 12 3 200309 0 0 0 0 0 1 0 0 1 0 1 0 1 2 1 1 0 0 0 0 0 0 0 0 1 0 0 1 1 0 1 9 0 2 0 0 0 0 1 1 0 0 0 0 0 0 3 6
226 CTA 0 0 1 0 3 2 1 2 2 0 1 0 15 3 2 2 9 2 0 0 30 0 1 0 2 3 0 1 200456 3 71 4 2 3 0 1 2 1 0 1 0 0 1 0 3 1 6 2 2 0 1 3 0 1 0 0 1 0 2 0 15 0 8 2
227 AAG 86 17 202030 10 4 8 4 0 2 1 36 0 1 0 8 3 0 2 4 1 0 3 0 0 3 3 1 3 3 3 0 0 1 0 10 0 1 3 1 2 0 1 0 0 1 3 3 2 0 2 8 0 0 1 0 2 1 1 0 0 0 0 3 2
228 TGT 1 2 1 2 1 0 1 2 0 1 0 7 0 1 0 0 0 2 2 0 3 2 1 1 0 2 0 12 0 4 1 0 0 1 0 2 0 0 0 0 0 0 1 1 0 0 0 1 0 0 0 68 0 0 1 4 12 24 5 201612 0 0 0 3
229 AAG 71 6 202085 18 2 4 44 4 1 3 128 5 0 2 26 4 3 3 6 0 0 2 1 0 1 3 3 1 1 1 2 1 2 4 44 0 0 3 0 3 1 1 0 0 1 4 0 0 0 3 3 7 2 2 0 4 1 4 2 2 2 2 2 1
230 GAT 0 3 0 34 1 0 4 1 2 3 0 2 0 1 2 2 0 3 2 5 0 0 0 1 0 0 0 0 1 0 1 0 7 11 2 202581 1 3 3 3 1 1 3 6 1 0 0 0 0 1 0 5 0 2 2 2 0 2 1 0 3 0 0 1
231 GAG 4 8 32 2 6 4 4 2 3 0 2 0 4 3 2 4 8 4 0 5 5 3 2 3 7 4 4 6 3 0 0 1 75 9 202566 11 2 0 9 5 1 3 59 1 8 1 9 1 2 2 3 2 2 3 3 2 0 0 3 0 3 2 3 3
232 AAG 66 9 202231 13 3 14 8 3 3 2 20 5 1 0 7 4 2 8 5 10 3 2 1 3 1 3 3 3 1 7 3 2 0 1 19 1 3 5 1 4 1 1 1 2 0 6 0 1 1 2 4 1 2 3 1 6 2 0 0 2 1 0 1 7
233 TTC 1 1 0 2 1 1 0 0 1 2 2 2 1 3 1 1 2 10 1 4 0 0 0 1 3 1 1 0 0 13 2 0 0 2 2 2 1 2 0 0 2 0 0 0 0 3 0 0 1 24 1 2 4 9 2 1 0 1 3 0 3 201986 4 41
234 AAT 24 11 16 201567 11 3 7 13 9 6 4 108 5 2 4 13 3 3 6 4 2 4 2 3 4 4 2 2 2 4 3 3 2 2 3 64 6 1 0 0 1 1 3 2 2 6 4 1 1 1 1 9 4 0 0 3 0 2 0 2 6 1 4 9
235 GGA 1 0 0 1 1 0 2 0 37 1 0 1 0 0 0 0 0 0 2 0 0 1 0 0 0 2 1 0 1 0 0 0 38 1 0 0 0 1 0 2 200787 5 22 6 5 1 0 0 1 0 0 0 0 1 1 0 6 0 0 2 0 0 1 0
236 ACA 14 6 2 2 202373 23 169 20 2 2 4 5 50 2 4 1 12 7 6 0 2 0 1 1 7 2 1 2 6 0 1 7 3 3 3 1 17 4 7 0 0 3 4 1 3 2 5 0 1 1 1 0 3 3 6 1 2 6 6 2 1 0 2 0
237 GGG 0 3 1 1 1 4 2 1 0 0 50 5 0 0 0 0 0 3 0 0 3 2 0 0 0 0 1 0 0 1 4 0 1 2 24 2 3 2 2 1 87 3 201516 7 0 1 3 0 0 1 0 0 0 2 1 0 0 0 32 1 0 0 0 0
238 CTA 6 6 2 0 3 10 6 0 2 3 4 1 13 3 2 1 16 6 2 2 50 16 3 5 2 7 0 1 202353 7 13 7 1 0 6 5 0 4 1 1 1 3 4 3 6 3 2 2 2 2 0 1 2 1 5 7 2 0 2 1 27 2 2 3
239 TGT 1 1 0 3 2 0 3 1 1 1 3 7 0 3 1 0 0 1 1 0 0 3 2 2 0 0 5 20 0 0 0 0 2 0 1 0 2 0 0 0 1 0 3 3 1 0 2 0 1 0 0 54 0 1 0 1 4 38 2 202771 0 2 0 2
240 AAA 202332 10 14 6 10 9 5 3 15 3 2 3 9 3 6 3 14 4 3 4 7 13 1 6 4 3 5 2 2 7 0 3 28 3 3 2 2 10 0 0 3 7 1 0 5 3 3 4 8 7 3 1 9 3 1 3 1 2 5 1 0 2 3 1
241 AAT 12 16 9 202077 4 5 3 2 2 1 0 6 3 5 4 33 0 4 1 3 1 2 2 5 3 5 2 3 1 5 2 0 6 1 3 7 4 4 2 4 4 4 3 1 2 2 1 2 1 5 0 4 8 1 4 2 1 0 2 2 3 0 0 5
242 GTC 0 0 2 0 5 4 2 3 1 0 0 1 10 63 0 3 0 2 1 0 1 3 0 0 1 2 0 1 4 9 0 2 0 7 0 2 1 17 4 1 3 0 2 1 10 202204 5 94 3 2 1 2 2 0 0 0 1 3 1 3 2 4 4 0
243 AGC 0 96 0 1 5 11 2 3 2 201942 1 114 0 10 0 0 1 2 0 0 1 5 0 0 1 3 1 0 1 0 0 0 0 4 1 0 4 3 6 4 2 62 3 5 5 0 4 2 1 3 1 1 4 2 2 1 0 5 1 2 1 2 0 0
244 ACA 4 4 2 6 202536 12 65 7 0 0 0 1 39 0 0 1 2 3 1 1 2 2 1 1 0 1 0 3 0 1 0 1 1 0 1 0 9 7 4 2 2 5 1 2 0 2 3 4 0 4 0 2 0 2 0 0 0 3 0 1 0 0 0 0
245 GTA 1 2 0 2 3 7 0 0 0 4 0 2 113 3 0 2 2 2 0 0 1 3 0 0 0 0 1 3 10 3 0 1 2 1 0 1 38 0 1 3 1 0 2 2 202578 2 26 2 3 1 2 1 4 0 1 1 1 2 0 1 12 0 0 0
246 CAA 11 1 0 0 6 5 0 1 0 2 1 0 1 3 0 0 202308 4 42 11 1 3 0 2 21 2 1 1 5 3 0 3 1 0 2 0 1 3 0 2 1 2 5 1 1 1 2 2 49 1 1 0 0 3 0 1 0 0 0 0 1 1 0 2
247 TGC 0 1 0 2 1 2 0 0 0 5 3 0 0 1 0 2 1 2 0 2 3 2 0 0 2 11 2 0 1 0 0 1 1 0 1 1 0 3 0 0 0 4 1 3 1 0 0 0 4 151 2 0 0 4 0 1 4 202763 3 140 0 7 0 0
248 ACA 14 2 0 1 202733 13 21 12 2 1 1 1 40 1 1 3 0 0 0 0 2 0 0 0 4 2 0 1 0 1 0 0 0 0 0 0 9 2 0 1 1 0 2 3 0 0 2 1 2 0 0 0 11 4 3 1 5 3 1 1 0 0 1 0
249 CAT 1 2 0 4 2 0 1 1 0 1 3 0 0 1 0 3 4 41 7 201386 1 2 4 2 4 2 1 10 0 0 1 5 4 5 1 5 0 1 1 1 2 2 1 4 2 0 0 2 1 0 1 31 1 4 1 3 1 0 1 1 0 0 1 1
250 GGA 1 5 1 1 1 1 0 0 43 3 0 0 0 1 0 0 2 0 1 0 5 6 7 6 1 0 1 0 0 1 1 1 34 2 2 0 4 2 5 1 202986 6 28 6 1 0 1 2 1 0 0 0 7 2 2 5 11 0 0 0 0 0 1 0
251 ATC 2 4 0 3 1 15 4 0 0 3 0 0 17 202825 3 28 0 3 0 1 1 2 1 0 0 0 1 0 3 5 5 5 1 0 0 0 0 2 0 1 0 0 5 0 1 14 5 2 2 0 1 0 0 1 0 0 1 0 1 1 2 4 5 2
252 AAG 68 7 202712 13 0 6 8 8 1 5 52 0 1 1 5 1 6 3 7 3 2 6 9 0 0 2 2 2 0 1 5 1 4 0 76 2 3 5 2 1 1 1 2 2 0 1 0 1 3 3 3 0 0 2 6 0 2 1 3 0 1 1 6 0
253 CCA 0 0 0 1 15 1 0 0 0 1 1 0 0 0 1 0 8 3 4 2 202717 5 16 8 1 1 1 0 18 0 0 2 0 1 0 0 6 4 4 2 1 2 0 0 1 2 0 1 1 1 1 0 69 0 0 1 0 1 2 0 2 0 1 0
254 GTA 2 1 0 0 6 7 6 3 0 0 0 1 61 1 1 0 5 1 2 4 1 6 0 3 0 0 3 0 10 6 1 5 15 0 0 1 8 4 6 1 2 2 6 0 202924 4 40 8 1 1 0 2 2 2 2 2 0 2 0 0 12 3 1 0
255 GTA 1 0 1 0 4 3 8 4 2 1 1 2 142 5 2 4 2 3 0 0 14 11 3 5 1 1 0 0 12 1 0 3 6 1 0 1 52 1 9 2 3 2 4 4 202801 1 10 2 1 2 0 5 0 3 2 1 2 2 2 2 14 6 2 5
256 TCA 0 0 1 0 6 5 2 1 0 3 0 3 0 2 2 1 1 2 0 5 3 3 1 2 0 0 0 0 3 1 1 0 1 0 1 1 7 2 3 1 0 0 3 1 0 3 0 1 4 0 1 0 202699 9 24 7 0 2 0 0 18 0 2 0
257 ACT 1 0 0 8 16 22 3 201608 0 3 2 10 3 0 2 28 0 1 0 0 0 1 0 2 0 0 1 2 0 1 0 0 0 1 0 1 0 3 3 4 0 1 0 1 0 0 1 0 0 1 1 1 1 2 0 5 0 1 0 0 0 0 2 0
258 CAA 18 3 1 2 3 5 4 0 0 0 2 6 1 1 6 1 513526 41 57 23 4 1 3 2 56 0 2 3 1 4 2 3 3 2 0 1 0 2 5 0 4 1 2 3 0 0 0 1 36 8 8 3 3 3 2 2 6 2 2 1 0 4 2 2
259 CTG 0 4 1 5 2 6 0 0 2 2 2 0 1 5 30 3 2 3 4 0 2 3 11 1 1 0 7 3 346 10 513739 23 1 0 2 1 0 2 3 2 0 1 5 4 1 0 17 4 4 0 1 1 0 2 1 3 2 2 1 2 2 7 96 3
260 CTG 3 3 1 0 3 2 0 0 3 3 2 3 3 2 34 5 1 0 10 5 2 2 76 1 1 2 6 0 160 9 512927 17 0 0 2 0 0 0 0 1 0 0 6 4 4 0 21 5 1 2 0 1 2 0 2 2 4 0 3 3 11 3 185 8
261 TTA 0 3 2 2 0 1 3 1 2 0 0 0 13 2 2 7 1 8 1 0 2 5 3 0 0 0 1 0 92 4 3 5 0 0 2 3 4 0 0 3 2 0 4 0 7 5 7 2 4 1 6 0 42 5 0 2 1 0 0 0 513488 2 40 3
262 AAT 32 43 7 514275 4 0 0 3 1 0 0 25 0 1 1 26 0 0 1 5 1 1 0 1 0 0 0 0 1 0 0 0 0 0 1 18 0 0 0 0 0 0 1 0 0 0 0 3 0 0 0 3 2 1 1 0 3 0 0 0 0 0 0 2
263 GGC 2 12 0 7 3 6 1 0 1 101 3 1 1 1 3 1 8 4 9 0 4 4 0 2 0 2 1 2 9 1 2 0 0 426 3 2 1 6 3 2 20 512177 13 561 3 18 1 2 2 5 1 2 1 5 1 1 2 14 0 0 5 0 8 2
264 AGT 2 3 0 165 5 3 6 12 1 61 2 512948 0 0 0 6 1 2 0 1 1 3 2 1 1 1 1 12 1 0 1 1 0 1 0 1 0 0 0 2 1 0 1 35 1 0 3 2 0 1 3 1 9 1 14 2 2 0 0 6 1 0 2 2
265 CTA 5 6 5 5 8 20 3 2 6 4 8 4 84 12 7 7 19 19 3 8 51 7 3 2 9 13 9 3 512838 11 120 14 7 2 1 3 3 9 1 4 0 4 9 2 12 18 10 10 3 8 3 2 4 5 2 2 4 6 15 2 97 4 9 4
266 GCA 1 5 1 7 239 6 19 5 1 5 1 10 6 2 1 5 9 3 3 7 8 4 5 2 0 7 5 0 5 8 8 3 19 4 10 13 512162 20 139 22 12 11 18 14 236 4 5 12 1 3 4 3 31 9 4 5 1 2 0 5 1 5 4 2
267 GAA 138 10 3 6 1 12 5 10 3 3 11 6 9 5 7 2 23 4 3 4 22 28 3 9 7 10 3 3 9 6 3 4 512630 5 68 9 3 8 2 8 31 2 21 6 16 3 7 15 14 12 0 8 3 4 2 3 4 5 6 6 3 3 7 4
268 GGA 9 15 6 5 16 10 8 10 151 5 10 1 6 5 5 12 13 10 4 2 5 15 3 2 18 5 5 6 5 7 9 4 97 5 5 4 18 11 7 2 512901 8 134 27 20 5 7 9 2 13 1 1 8 9 6 7 16 5 5 4 8 0 6 5
269 GAG 4 16 109 4 7 18 6 2 4 6 3 0 2 3 14 4 12 21 8 9 12 9 7 2 4 14 13 5 12 3 5 4 149 2 512142 30 10 3 22 4 4 4 182 15 11 10 36 10 4 7 15 4 5 10 12 8 4 6 5 3 3 6 9 11
270 GTA 6 7 2 2 11 17 2 3 2 6 0 4 213 10 10 11 1 16 2 5 19 19 11 1 0 1 0 3 6 4 5 7 16 2 2 6 48 4 4 5 3 1 7 4 513503 15 133 18 4 1 1 0 1 5 0 5 0 2 0 6 16 2 2 3
271 AGA 186 6 2 6 22 10 4 9 513386 11 18 15 27 13 6 10 14 16 10 8 0 5 1 0 11 4 4 5 5 9 2 16 5 1 3 1 0 6 2 7 31 0 7 9 6 1 3 12 2 3 1 10 9 5 7 8 8 0 7 2 11 4 6 10
272 ATT 0 1 0 6 9 9 3 17 3 2 1 6 17 17 3 514329 2 0 0 2 3 4 3 2 1 0 2 3 13 10 6 10 1 3 1 3 1 2 0 9 1 4 0 2 2 1 4 27 0 3 1 3 2 5 0 1 2 7 1 9 6 7 6 12
273 AGA 106 2 0 1 12 2 4 4 513418 7 19 7 22 6 1 2 8 11 8 2 0 1 1 0 15 6 10 4 0 5 3 2 3 1 2 1 9 5 6 6 167 3 7 1 2 1 6 0 6 7 1 1 5 5 3 2 3 4 0 4 8 2 6 6
274 TCT 1 6 0 1 12 13 14 35 1 3 1 8 4 6 2 7 1 10 3 6 15 36 12 35 2 2 3 1 3 4 5 5 1 2 3 2 7 7 11 6 8 5 28 14 5 5 9 13 6 4 5 24 58 251 25 511938 4 9 11 13 6 13 9 57
275 GAA 165 11 2 8 5 8 8 5 0 4 5 3 3 10 1 5 14 11 0 8 12 28 14 12 5 10 10 5 2 2 4 3 511884 11 26 25 10 22 2 10 24 1 17 9 16 5 8 9 6 4 2 2 10 7 2 7 3 5 9 3 2 7 6 4
276 AAT 44 47 8 513311 17 9 1 7 3 4 4 16 5 2 4 10 10 9 13 7 5 3 5 0 2 4 4 1 4 7 1 5 13 3 9 23 2 8 4 5 3 2 14 8 1 1 7 6 1 3 2 16 3 3 4 5 3 8 1 5 12 2 6 0
277 ATC 4 12 0 0 9 30 4 1 0 4 0 0 24 511740 2 119 0 4 0 1 7 12 3 3 4 2 0 0 6 23 3 6 0 1 1 1 3 2 3 0 0 2 1 1 2 40 6 8 1 5 0 6 1 4 1 1 3 0 7 2 4 16 2 4
278 ACA 40 14 10 2 512621 27 40 24 13 5 2 2 93 5 3 2 3 11 4 2 10 1 0 5 6 9 7 1 2 7 5 3 1 7 0 2 132 4 5 4 3 10 4 3 5 5 6 7 3 6 1 8 5 6 0 6 2 5 7 0 4 6 12 6
279 AAC 24 513292 3 97 1 1 0 0 0 22 1 6 0 4 0 2 5 5 2 1 0 2 1 3 3 3 1 1 2 4 4 1 2 30 4 5 0 1 0 2 0 1 0 0 0 0 1 0 0 4 0 0 5 0 1 1 2 2 1 1 0 1 3 0
280 AAT 20 32 6 511260 1 4 3 3 0 0 1 19 1 0 1 8 3 1 3 3 2 4 0 0 0 0 0 0 3 1 1 1 1 2 4 33 1 1 1 0 0 0 4 2 0 1 4 0 2 0 1 9 3 2 2 1 0 0 5 4 3 1 1 3
281 GCC 3 9 2 7 1 406 0 0 3 16 1 7 17 4 2 4 2 4 2 4 3 12 1 1 1 2 1 3 11 10 3 12 2 22 0 3 31 506330 9 59 11 12 16 8 17 275 11 8 5 2 0 4 13 27 4 9 1 3 4 3 11 6 7 9
282 AAA 513662 15 32 11 1 3 1 2 37 4 5 1 8 2 10 4 75 7 9 1 3 3 2 2 7 13 6 8 7 6 4 6 24 4 3 4 8 11 4 3 3 7 5 2 5 3 2 5 10 5 5 1 3 4 2 2 3 1 8 4 11 4 10 7
283 AAC 32 512422 2 77 2 7 6 3 0 22 0 6 2 11 2 2 6 12 0 1 1 2 3 3 2 3 1 1 0 1 1 0 0 16 1 4 1 3 0 4 5 5 6 3 0 2 1 2 2 3 4 2 5 0 6 2 1 2 2 1 2 0 2 0
284 ATA 13 1 5 3 45 2 2 1 2 1 1 1 512982 14 117 24 2 0 1 0 3 1 3 0 0 0 2 0 7 6 5 4 1 1 2 4 1 0 6 0 1 0 1 1 7 2 5 12 9 5 5 1 1 1 2 1 6 2 4 5 16 3 11 1
285 ATA 23 6 2 0 19 2 4 0 2 0 3 0 513685 14 59 20 2 14 1 7 3 1 1 2 2 3 4 1 25 9 8 1 0 5 2 1 6 3 0 1 4 4 2 4 45 3 19 6 10 17 6 7 4 1 1 1 5 0 20 0 16 4 5 4
286 GTA 5 3 4 4 6 7 4 2 3 5 0 0 262 13 6 5 2 11 2 8 13 6 7 6 4 5 0 7 14 10 1 4 12 6 2 3 109 11 10 4 5 5 2 4 508803 21 150 20 10 7 11 7 4 5 3 1 8 4 3 5 24 0 8 4
287 CAA 28 6 4 7 22 19 4 7 5 4 1 7 6 1 4 2 511596 14 57 6 3 2 1 1 27 6 1 6 7 5 5 4 3 3 2 2 2 7 2 6 2 4 0 9 3 0 3 7 81 8 6 4 4 3 1 2 5 0 6 1 1 4 3 7
288 CTT 3 0 1 2 1 0 0 0 1 1 1 1 5 1 4 17 3 0 4 19 0 4 0 34 3 3 2 5 49 80 6 508831 0 3 1 1 2 1 2 0 1 3 1 3 2 1 2 10 8 1 0 4 3 0 1 3 5 1 1 4 16 6 11 91
289 GCC 5 11 4 7 2 436 3 9 8 2 2 12 10 6 9 5 10 12 5 2 12 30 15 10 4 0 7 2 13 4 4 11 3 64 3 16 74 502596 14 258 10 16 16 17 5 518 21 8 2 3 0 3 8 20 7 4 2 5 4 4 5 3 12 10
290 AGC 4 159 4 5 10 17 7 8 16 500626 3 161 6 28 2 1 10 15 1 6 7 1 0 1 6 18 8 8 3 7 5 9 3 2 8 4 5 5 3 3 1 74 2 3 0 4 2 2 3 1 1 2 8 7 3 5 4 11 14 5 1 10 6 2
291 CCT 2 1 1 1 10 9 2 38 2 2 3 5 3 1 2 0 1 9 3 91 52 411 50 505640 4 4 3 0 1 6 4 54 2 1 6 2 5 6 11 7 4 8 8 6 3 4 5 4 0 3 0 4 2 9 1 36 0 0 0 2 1 4 1 4
292 GTA 3 4 1 0 5 4 2 0 0 3 0 0 310 10 2 4 1 1 3 2 4 2 0 1 1 1 1 1 7 12 6 7 1 0 0 0 57 1 3 0 2 0 0 0 498578 3 38 5 3 1 3 0 0 0 2 1 3 1 3 0 16 0 6 3
293 ACA 31 13 3 12 507411 35 20 25 10 3 12 12 72 21 5 9 10 18 8 2 27 40 6 10 12 11 5 9 12 16 5 1 5 14 5 2 35 9 5 7 8 7 12 7 17 7 20 14 4 3 2 5 24 9 9 5 3 3 7 4 15 5 13 19
294 ATT 5 3 6 22 5 7 1 29 4 2 3 4 48 44 16 507494 2 4 3 2 3 8 5 1 2 3 1 1 16 8 14 13 2 3 1 5 7 1 6 2 2 1 5 2 7 5 8 38 4 4 5 8 4 4 5 3 2 4 4 5 20 4 11 13
295 AAT 30 36 10 512224 11 9 5 12 8 2 9 31 23 14 8 32 9 11 8 23 4 5 4 2 11 8 7 5 12 9 4 8 13 9 13 35 12 11 19 6 10 4 6 6 12 9 12 8 1 9 5 26 12 5 18 2 5 10 14 9 7 16 14 21
296 TGT 6 4 1 0 3 3 3 5 2 1 3 11 1 4 1 1 2 4 3 3 4 3 2 3 1 1 2 26 2 3 2 1 0 0 6 0 0 2 1 6 1 2 3 3 4 1 1 2 4 2 4 165 0 0 2 9 17 107 7 447260 7 8 5 13
297 ATC 5 24 1 4 1 19 2 1 7 1 4 5 37 502240 7 163 8 1 9 3 1 0 0 1 0 2 4 5 2 6 6 4 3 0 1 5 6 2 5 0 11 0 2 1 7 19 9 7 0 1 2 4 1 0 2 3 0 0 1 1 3 10 9 1
298 AGA 62 0 2 3 4 0 4 3 482598 1 25 3 11 3 0 2 1 1 1 0 0 1 1 2 32 2 6 1 0 4 0 0 3 1 4 0 1 2 0 0 214 0 4 1 1 2 2 2 2 0 7 0 0 1 0 0 18 0 2 1 0 0 2 1
299 CCT 4 2 2 4 0 0 1 26 0 0 0 0 0 0 0 0 0 2 1 20 53 135 13 483480 0 0 0 2 0 0 0 50 0 0 1 3 0 0 0 3 1 0 4 3 0 5 2 0 0 0 2 0 1 0 3 54 0 1 1 2 1 2 0 5
300 AAC 35 505129 8 85 6 9 4 7 3 21 2 4 2 6 4 0 14 6 1 9 2 5 1 2 4 5 3 3 1 0 1 2 1 14 1 0 0 1 2 2 0 4 3 3 0 2 0 2 3 4 3 0 2 4 4 4 1 0 4 1 1 3 1 5
301 AAC 52 508104 4 85 4 7 1 2 4 18 3 3 1 11 0 0 3 5 1 4 1 4 1 2 2 1 2 1 0 4 1 0 3 25 3 3 1 0 1 0 1 1 1 3 0 1 3 1 1 9 1 1 2 1 2 4 1 0 0 2 0 0 2 0
302 AAT 10 36 5 483932 3 2 6 2 0 13 0 17 5 1 6 5 15 9 7 4 3 6 3 4 2 2 2 1 9 3 0 4 1 1 1 13 3 4 9 2 1 3 11 3 3 2 4 3 0 5 2 21 7 13 1 4 1 2 8 4 0 2 2 1
303 ACA 19 4 0 0 494914 22 116 9 10 2 2 5 88 3 2 4 6 7 1 7 4 2 1 3 6 13 5 6 2 5 3 8 2 0 3 3 64 0 0 1 1 1 2 2 1 2 5 7 1 3 2 2 4 6 4 10 2 1 2 1 0 3 4 0
304 AGA 99 5 3 3 1 2 1 1 496763 5 16 7 12 16 3 19 11 5 5 0 1 4 0 1 20 7 1 6 5 16 4 5 8 0 0 0 4 5 10 7 61 0 0 2 9 9 18 3 4 5 2 8 5 4 3 2 18 4 5 1 6 8 7 10
305 AAA 504819 12 15 15 13 8 3 4 16 4 5 5 11 10 2 8 15 12 7 22 7 9 2 2 5 10 4 1 12 16 7 2 14 2 1 0 7 10 4 2 5 1 4 3 5 1 13 8 13 2 0 5 5 5 3 10 2 2 1 2 17 11 7 11
306 AGT 8 6 6 89 11 14 1 10 22 27 11 356594 4 5 4 18 6 11 7 3 28 13 1 3 4 2 1 6 6 1 1 4 3 7 1 8 10 12 3 2 2 6 4 1015 10 12 136 4 6 3 1 11 5 8 4 11 3 1 1 10 4 3 4 1
307 GTA 0 1 0 0 3 4 1 1 0 1 1 1 296 10 0 1 8 1 0 1 9 0 0 2 1 0 0 0 11 4 2 1 4 3 2 0 28 0 0 0 2 1 0 0 393011 2 62 4 5 235 1 3 1 0 0 0 1 0 0 1 9 0 2 1
308 CAC 8 43 1 2 21 318 1 0 0 3 2 5 6 5 2 3 40 454422 17 78 17 12 2 4 3 7 1 2 7 14 2 4 5 8 2 3 2 2 2 0 1 2 1 1 1 3 7 2 0 228 2 6 2 3 1 5 0 1 0 2 5 6 3 3
309 CTA 3 2 3 2 5 8 1 0 1 3 5 0 70 8 3 8 17 3 5 1 100 3 0 11 5 0 1 1 422413 19 127 11 3 0 1 1 14 1 0 1 17 1 0 1 1 0 7 2 4 1 347 2 0 0 1 0 0 3 1 0 53 3 5 2
312 GGA 10 13 0 3 6 10 0 2 87 2 3 1 11 1 0 2 36 5 5 5 1 2 0 0 3 7 0 1 11 9 2 3 108 178 5 1 9 2 3 4 281223 18 10 9 17 3 3 2 4 11 0 0 3 4 2 3 8 2 9 1 5 16 6 3
313 CCA 0 1 4 0 21 13 1 0 1 3 1 0 2 0 1 5 59 3 182 1 419379 28 174 26 5 0 0 0 59 1 1 1 0 0 1 1 22 4 4 3 0 1 1 2 2 2 6 1 0 0 4 12 52 2 1 3 4 0 0 3 0 3 0 2
314 GGA 8 12 1 1 3 2 3 2 75 0 6 0 0 1 5 1 5 8 5 5 3 4 0 0 11 2 2 2 6 4 0 3 59 148 3 1 22 10 2 1 356105 11 25 8 4 3 0 1 5 2 2 2 2 2 2 5 13 0 1 3 3 13 4 5
315 CAA 25 1 0 0 2 0 0 0 0 0 0 1 0 0 1 0 358162 2 2 1 1 0 0 0 8 1 1 1 3 1 0 0 8 0 1 0 1 0 0 0 0 1 0 0 1 0 0 0 42 0 0 0 0 0 0 0 0 1 2 0 1 0 0 0
316 GCA 3 4 3 2 260 6 1 2 3 2 2 1 7 2 1 3 9 2 4 7 14 6 0 1 2 1 0 0 2 1 0 1 16 1 1 2 265484 0 8 6 3 0 0 0 235 4 4 4 0 1 1 5 8 4 5 2 1 0 4 1 8 0 3 2
317 TTC 7 3 3 3 4 2 1 2 1 1 2 0 1 12 0 13 4 0 5 1 0 1 1 0 1 1 0 0 0 8 1 0 1 7 3 2 2 0 0 0 4 0 1 3 4 1 0 1 7 15 10 8 1 0 0 2 6 0 5 1 28 176114 3 41
317a TAT 1 0 4 15 6 3 1 1 0 0 4 2 11 4 25 2 15 8 8 70 1 0 2 1 1 1 3 1 22 0 2 2 4 1 1 5 2 0 2 0 2 0 1 2 9 1 4 6 4 30 10 392391 3 2 3 1 1 0 3 23 5 6 9 16
318 GCA 1 0 0 1 395 4 4 6 3 5 1 5 2 3 4 3 10 12 4 9 1 2 1 0 4 0 0 0 1 0 1 0 13 0 1 0 229985 1 22 3 4 0 2 0 294 0 6 11 2 4 1 1 16 1 3 2 3 2 4 0 5 0 1 2
319 ACA 35 9 4 5 423522 14 84 17 16 1 11 5 170 2 10 8 7 1 1 2 1 0 1 0 7 3 2 3 3 2 3 3 0 0 0 0 19 0 1 1 0 0 0 0 0 1 5 1 4 0 3 2 8 2 6 0 1 0 1 0 4 1 3 3
320 GAT 5 5 4 63 15 0 3 4 13 1 1 4 1 2 2 3 8 3 3 7 1 0 0 1 8 3 0 0 3 0 0 2 21 14 7 292034 5 1 4 3 12 4 10 19 5 3 7 10 6 6 7 16 3 0 0 0 1 0 2 0 2 1 4 5
321 GGC 15 13 6 7 11 8 3 5 8 91 2 2 5 4 1 2 9 13 3 8 3 0 1 1 2 13 7 2 5 1 0 2 12 307 5 5 11 4 0 1 15 238603 7 226 3 5 5 3 2 0 1 3 5 0 2 0 2 12 1 2 1 1 2 1
322 ATA 8 1 2 2 22 0 0 0 2 0 0 0 490709 4 56 2 0 0 0 5 0 0 0 0 0 0 1 0 4 0 0 0 1 0 2 0 0 0 0 0 2 0 2 1 11 0 7 6 13 1 4 1 1 0 1 0 2 0 1 1 6 1 4 1
323 ATA 22 10 6 9 16 4 1 3 6 4 3 2 479926 8 164 19 6 11 0 10 3 0 0 0 3 3 0 2 9 4 12 4 2 1 2 0 1 0 1 1 1 0 3 1 47 1 7 5 4 5 8 5 4 0 3 3 4 1 2 1 18 2 9 5
324 GGG 3 6 1 1 3 2 3 2 1 1 118 3 2 0 0 3 3 2 5 1 0 1 0 1 0 3 0 2 0 1 1 1 2 2 72 0 1 4 1 1 112 12 410243 56 4 3 14 0 0 0 5 2 6 0 1 3 1 1 33 1 1 2 1 0
325 GAG 5 9 94 2 9 9 7 2 7 14 10 5 3 1 10 5 19 12 20 5 4 11 6 4 3 8 5 5 3 3 1 6 289 13 488450 20 2 3 4 2 6 3 92 5 7 2 15 15 2 4 9 11 2 4 8 5 2 2 3 3 4 2 9 8
326 ATA 25 1 4 4 16 1 1 9 4 3 2 4 507267 15 161 23 1 8 2 5 7 10 4 5 0 3 2 1 5 3 3 2 3 4 2 3 5 3 2 1 0 4 4 1 32 1 6 4 2 1 2 2 2 3 5 0 3 0 2 1 10 3 1 6
327 AGA 110 0 16 1 8 4 6 3 507840 5 29 2 15 1 3 0 2 7 3 7 2 3 2 1 27 9 12 2 4 1 1 0 2 1 2 1 4 1 2 4 61 0 2 1 1 1 0 2 4 1 5 1 6 3 1 3 22 1 4 2 3 1 2 2
328 CAA 114 5 3 1 15 15 8 16 5 3 4 3 9 5 5 10 501664 23 78 32 8 6 2 5 53 11 9 10 28 9 9 5 9 2 13 5 7 9 9 7 12 2 12 5 7 5 2 2 60 5 2 5 8 6 16 7 3 4 5 2 8 4 3 2
329 GCA 4 2 3 3 285 6 2 5 2 6 0 4 1 1 2 0 2 1 5 1 15 0 1 1 2 1 4 0 3 0 0 0 12 1 1 1 473632 3 17 7 7 3 2 2 213 5 8 6 3 2 1 1 22 1 4 2 3 4 0 2 1 0 0 0
330 CAT 13 4 3 67 6 5 5 6 6 6 2 3 2 0 2 1 42 51 10 459454 1 0 0 0 5 1 1 25 7 0 3 13 7 1 1 5 3 1 1 3 4 0 0 0 2 3 3 1 2 7 3 86 9 1 3 4 1 1 2 3 1 4 2 3
331 TGT 7 2 1 6 0 1 2 4 1 2 1 19 0 2 1 1 3 0 1 1 0 1 0 0 3 0 0 35 0 1 2 4 1 1 1 4 1 2 2 0 2 0 5 5 2 1 2 1 5 2 3 116 1 2 2 3 44 62 6 484058 6 2 1 10
332 AAT 28 38 15 507946 2 5 1 12 4 4 3 38 7 11 3 12 2 6 3 9 2 1 0 2 7 0 0 1 4 4 6 0 0 3 3 53 3 4 2 0 4 1 1 1 3 3 3 8 4 11 1 16 2 1 3 4 4 2 5 2 5 2 8 0
333 GTT 3 3 1 4 3 5 1 1 1 2 1 3 11 3 9 141 2 1 3 2 3 1 1 3 1 1 3 2 4 7 4 13 1 3 0 23 2 7 2 31 3 1 5 5 19 50 28 489610 4 0 3 1 1 2 1 4 7 1 0 3 7 1 9 14
334 AGT 1 2 3 166 7 17 9 9 19 57 2 504248 0 0 0 14 2 0 1 3 3 4 3 1 0 5 5 6 2 4 2 1 5 4 1 0 2 2 4 2 1 2 3 107 0 0 1 4 1 1 0 1 8 7 7 5 2 0 1 5 3 0 3 1
335 AAA 511931 7 24 26 12 11 9 9 25 9 11 14 13 6 6 9 21 10 23 10 1 2 1 5 7 4 7 5 10 7 9 3 38 4 4 3 12 6 2 1 9 4 3 3 5 5 0 9 11 8 2 6 10 11 10 3 1 6 3 11 4 5 10 8
336 AAA 512501 24 694 29 20 17 3 11 48 8 5 6 11 3 4 3 9 6 3 5 6 12 1 5 1 5 11 6 4 1 8 3 36 8 4 4 1 12 6 5 9 7 5 2 6 2 1 9 8 4 0 9 7 2 6 2 0 6 0 1 3 8 7 12
337 GAA 83 7 1 4 10 3 1 3 4 5 3 1 5 4 4 2 12 5 3 5 4 3 1 0 1 2 3 1 2 5 0 1 512807 2 57 10 6 7 2 6 20 3 3 5 28 0 3 4 12 3 0 1 5 5 3 5 0 1 4 0 11 1 1 5
338 TGG 3 2 2 1 1 1 2 0 1 2 17 3 1 0 5 4 0 5 0 1 3 2 0 3 0 1 13 2 1 0 2 1 2 0 0 1 2 0 0 0 1 2 7 0 1 1 0 1 3 2 95 0 3 1 0 2 95 2 510052 16 2 0 28 0
339 AAT 80 15 10 511546 14 16 3 9 1 4 3 30 10 4 0 9 4 11 5 5 5 8 5 2 1 3 2 7 3 0 4 1 3 5 7 31 1 9 3 6 3 3 3 2 3 2 3 1 1 2 3 7 2 11 4 6 1 5 12 4 2 3 2 8
340 AGC 8 315 1 16 13 40 6 13 41 506687 17 299 12 24 8 4 13 25 7 3 26 43 8 7 11 25 8 13 4 12 8 3 7 10 3 5 17 9 5 5 7 199 13 5 6 17 11 13 1 12 1 11 15 11 11 13 3 21 6 1 10 8 19 8
341 ACT 15 7 5 20 44 49 24 477154 1 12 10 16 5 12 11 111 13 6 6 15 2 3 0 1 6 11 6 12 11 7 10 4 6 3 14 1 10 4 17 38 7 4 12 7 6 3 6 19 7 2 5 5 5 9 16 21 3 4 0 12 7 1 10 0
342 TTG 5 4 4 2 9 2 3 4 3 2 2 2 8 10 50 5 4 4 3 6 2 2 3 2 1 2 2 2 6 9 35 24 2 4 2 0 1 0 2 1 2 3 0 1 1 4 17 7 2 1 7 2 2 6 93 3 1 6 5 1 554 3 497051 7
343 CAA 31 13 6 6 13 23 6 9 10 5 10 3 8 4 7 11 511402 23 51 24 7 5 1 6 133 17 9 17 21 9 7 8 12 4 8 6 5 12 7 1 15 8 5 4 3 2 9 0 402 8 1 8 14 7 6 9 0 7 15 4 4 7 8 13
344 AAG 168 10 512072 39 6 12 20 7 10 5 318 6 4 7 21 6 10 13 11 3 3 4 3 1 5 10 6 8 8 7 6 13 6 3 45 5 4 10 12 3 3 2 7 4 5 2 3 10 7 4 18 4 5 5 4 11 5 0 2 5 14 4 1 8
345 GTA 6 4 2 1 15 8 7 2 1 2 4 1 221 8 8 6 3 4 2 3 3 4 3 2 1 4 0 1 22 10 12 6 9 6 1 2 22 8 2 2 0 1 5 2 510981 9 105 30 5 2 2 1 3 3 0 2 2 0 0 3 20 1 7 0
346 GCC 7 4 2 1 10 243 5 2 1 5 0 10 5 9 5 7 8 7 0 2 3 12 2 2 3 6 4 3 5 5 3 2 1 31 1 0 43 489985 15 65 7 8 13 10 13 326 7 9 4 6 2 1 10 28 13 1 5 3 3 2 4 3 3 2
347 AAC 20 511449 11 102 10 10 12 4 6 29 7 9 7 19 2 7 6 15 3 14 2 5 1 0 8 12 3 5 6 9 2 8 1 27 10 7 6 5 2 14 6 3 4 10 3 4 4 9 3 20 5 1 3 11 3 4 0 8 5 2 4 2 2 9
348 CAA 24 12 12 3 6 22 12 3 7 8 12 2 6 7 7 11 511408 11 35 13 5 1 5 3 22 13 3 9 45 9 11 1 7 4 9 3 22 13 10 11 4 4 14 9 14 5 9 7 51 6 6 11 5 18 10 2 5 11 4 15 3 4 13 8
349 TTA 3 2 2 1 1 3 1 1 0 1 1 0 20 15 5 7 3 4 2 1 2 1 3 3 1 1 4 4 22 9 6 9 2 5 0 4 3 1 0 0 0 1 1 0 10 1 5 6 20 4 2 1 26 5 0 1 8 2 3 1 512993 9 93 22
350 AGA 165 2 11 4 17 4 4 4 512535 10 82 6 43 17 9 17 7 5 8 9 1 4 1 1 24 10 9 10 6 1 5 5 3 2 1 0 3 8 10 3 35 3 14 2 11 3 7 3 7 3 4 6 12 10 2 0 20 0 10 0 4 7 2 3
351 CCA 7 18 8 8 64 12 10 9 4 7 2 6 8 5 4 10 45 15 6 14 512342 27 36 20 7 10 4 8 61 2 8 12 5 10 4 4 14 15 2 10 6 4 14 4 15 6 5 7 1 4 2 5 85 11 0 6 1 8 2 7 9 12 10 15
352 TAC 3 34 3 7 6 5 4 3 10 3 4 3 9 17 5 7 7 59 9 10 2 1 3 0 6 6 3 2 7 14 15 3 7 8 8 3 5 3 4 7 2 3 1 2 8 2 5 1 17 511809 16 112 3 1 4 4 3 37 18 1 4 16 8 9
353 TTT 4 3 2 3 4 2 1 2 2 2 3 1 7 5 5 37 1 4 1 1 1 3 2 5 5 2 3 3 3 6 13 40 3 4 5 0 6 2 3 2 2 2 4 2 5 2 13 14 1 5 2 43 2 2 3 24 4 4 17 12 54 29 15 502823
354 AAG 217 23 512598 56 18 7 23 6 9 5 115 9 7 7 30 11 10 11 6 11 20 10 9 5 4 1 4 8 9 9 11 13 6 13 76 9 4 8 10 5 8 4 12 11 5 7 9 19 3 11 12 8 12 7 7 5 0 6 8 10 15 5 21 6
355 AAC 55 513312 15 103 6 6 3 6 6 40 7 3 3 14 4 2 7 17 0 8 9 20 4 6 2 5 4 6 3 3 1 4 0 32 2 4 11 9 4 10 2 6 9 6 6 2 8 4 3 5 0 6 7 15 8 1 4 1 1 6 10 2 8 2
356 AAC 52 512912 14 87 5 21 7 4 6 62 6 6 1 16 3 2 7 22 4 1 14 15 10 7 1 5 2 3 8 12 5 4 6 47 5 8 5 9 15 8 5 5 17 6 6 8 7 12 1 12 1 2 7 2 6 6 1 3 2 0 5 7 8 3
357 ACA 60 2 7 5 512927 9 17 35 4 6 4 6 68 5 3 6 8 2 4 3 4 19 7 1 2 8 6 6 4 5 4 3 10 8 5 4 37 6 7 3 6 8 9 8 6 6 5 9 3 4 0 3 18 3 3 3 2 2 3 2 7 3 5 5
358 ATA 26 9 3 8 50 5 8 3 11 7 7 9 513003 9 40 10 3 5 6 3 9 5 4 1 4 2 1 9 7 4 7 4 8 0 4 4 4 9 4 4 2 2 5 8 27 3 1 13 3 3 3 11 1 7 3 5 0 8 7 2 18 4 3 3
359 ATA 74 3 0 2 32 1 0 1 5 0 0 2 513345 12 69 2 3 2 3 0 2 1 1 1 2 3 1 0 5 9 4 5 3 1 1 3 2 0 1 3 0 0 0 1 17 1 4 6 4 0 4 2 0 2 2 1 1 4 0 2 11 6 4 6
360 AAA 513034 25 31 24 19 35 11 9 29 9 9 0 20 6 8 12 25 23 5 6 2 6 4 0 8 8 2 14 12 21 4 3 23 4 8 2 7 18 8 4 5 2 3 5 7 9 4 7 4 7 4 9 5 17 6 6 1 14 3 5 4 3 4 2
361 TTT 6 4 4 6 3 4 3 3 3 4 3 4 1 2 4 37 4 6 5 8 6 8 1 0 2 3 2 3 6 4 2 27 5 1 3 5 5 4 2 6 2 3 3 1 5 4 5 7 8 12 10 18 2 3 3 28 3 4 5 1 21 33 9 512858
362 GCT 17 17 1 27 15 13 7 345 7 3 5 8 7 8 11 3 23 14 15 7 3 2 2 4 9 5 9 14 7 9 7 3 8 12 17 54 42 47 12 512100 13 5 7 27 14 8 10 413 2 7 3 11 15 7 9 21 4 12 11 12 6 3 9 10
363 AAC 52 513451 18 142 11 15 10 5 2 21 4 6 10 18 7 10 11 9 5 5 12 9 4 5 4 4 12 6 7 9 3 6 10 38 10 8 10 15 11 5 2 4 6 9 4 2 7 4 1 8 5 3 8 13 1 8 5 2 0 2 5 2 9 5
364 TCA 4 15 1 8 34 4 7 4 0 11 1 15 1 2 3 1 5 12 2 16 65 14 10 10 2 1 1 2 0 1 2 3 2 1 4 3 12 4 5 4 8 11 5 2 6 0 0 3 42 1 7 1 512954 17 53 24 13 0 0 8 38 0 1 6
365 TCA 2 7 5 2 17 2 3 2 1 6 0 2 0 2 0 1 0 5 3 1 47 4 7 3 1 1 1 0 1 0 1 0 0 2 2 4 11 5 6 1 1 1 2 2 4 2 1 0 32 3 1 1 511479 22 256 15 3 0 0 3 107 1 2 2
366 GGA 6 0 4 0 3 3 3 2 59 1 4 6 4 2 0 2 3 7 3 1 3 2 0 0 3 1 0 0 1 1 4 0 55 1 0 0 2 9 2 0 513808 14 88 18 11 4 5 0 2 4 3 3 1 8 2 3 27 0 0 0 2 3 0 0
367 GGG 3 0 0 0 4 2 1 0 2 1 571 1 1 2 1 4 0 1 1 2 1 4 1 2 1 2 4 0 0 0 1 1 0 0 76 0 1 0 2 2 172 4 513090 30 1 1 31 0 2 1 6 0 6 0 2 0 2 0 9 1 0 0 1 0
368 GAT 2 4 2 74 4 2 1 2 2 2 2 5 1 7 3 0 2 3 1 4 5 3 3 4 3 5 1 1 5 1 0 1 4 28 6 513751 2 2 2 4 2 2 5 19 1 1 2 3 1 2 3 10 2 1 2 3 4 1 1 3 0 0 3 0
369 CTA 2 4 6 3 6 12 1 7 2 1 11 1 49 8 13 19 9 8 4 9 153 11 5 4 14 5 7 1 513062 31 145 25 0 1 4 5 5 6 9 4 5 10 7 2 11 6 2 5 2 25 4 12 2 4 1 3 8 4 10 6 85 7 14 22
370 GAA 54 1 0 1 2 1 2 3 3 0 5 8 6 2 2 5 9 2 0 0 9 2 3 0 1 1 4 4 4 2 0 0 513664 8 41 7 5 1 1 1 19 0 7 4 6 2 3 4 12 0 4 2 1 1 0 5 7 0 4 0 1 1 2 3
371 ATT 4 7 4 55 10 3 1 27 0 2 8 5 34 113 3 513715 5 2 1 1 3 2 1 5 0 0 3 0 3 4 1 2 1 1 2 5 2 2 5 2 1 2 2 5 16 7 8 33 4 2 0 3 0 1 1 3 3 1 1 5 0 1 0 16
372 ACA 3 1 4 0 143591 5 31 9 1 0 1 4 42 5 5 6 3 0 0 0 4 0 2 1 3 2 2 0 1 2 3 1 1 1 4 2 12 0 2 4 1 0 1 1 3 6 5 3 1 0 1 1 10 0 1 4 2 1 0 3 2 1 2 1
373 ACA 5 1 3 0 143756 12 6 11 5 3 3 1 11 1 2 0 2 5 0 4 0 3 1 1 3 3 7 1 1 0 2 2 1 1 3 1 15 3 1 2 1 1 5 0 1 2 0 0 6 2 1 0 8 5 0 2 1 2 3 1 3 3 0 1
374 CAT 1 0 3 4 2 2 4 6 1 5 0 4 0 0 0 0 0 5 2 143748 1 1 0 1 0 1 0 1 3 3 2 6 0 2 1 3 4 1 2 3 0 1 0 1 0 0 0 0 2 0 0 22 8 3 1 6 1 2 2 1 0 3 2 1
375 AGT 1 2 0 44 2 0 0 4 4 13 0 143384 0 2 4 4 0 3 2 3 1 0 0 0 0 0 1 0 7 2 1 2 1 0 1 0 4 2 3 1 2 1 0 16 2 2 4 1 1 1 2 4 5 1 2 1 3 2 1 2 0 1 7 0
376 TTT 1 0 0 0 1 0 0 0 1 0 0 0 0 2 0 4 1 0 0 0 1 0 0 2 0 0 0 1 4 1 0 5 0 0 0 1 0 0 0 1 0 0 3 0 0 0 0 3 1 1 0 1 0 0 0 4 3 0 0 1 9 7 2 143556
377 AAT 3 10 1 143755 5 1 0 2 1 0 0 10 0 1 0 3 4 1 0 0 0 2 0 0 0 0 0 0 0 1 0 0 1 1 1 21 0 0 2 0 1 2 0 2 0 1 2 0 2 0 0 13 0 0 0 0 0 0 2 1 2 0 1 1
378 TGT 0 3 0 0 0 0 0 0 1 0 0 5 1 0 0 1 1 1 0 1 1 1 0 0 1 0 0 8 1 0 1 0 0 0 0 0 3 0 0 0 1 0 1 0 1 0 1 1 0 0 1 35 0 0 1 0 3 10 5 143621 1 0 0 4
379 GGA 3 2 1 0 1 0 0 0 34 0 2 1 0 0 0 0 1 0 0 0 0 0 0 0 0 1 1 0 0 0 1 0 24 3 0 0 2 0 3 0 143635 4 31 1 4 0 0 0 0 1 0 0 0 0 0 0 5 1 2 0 2 2 0 0
380 GGA 0 0 1 0 2 0 1 3 26 1 1 2 0 1 0 1 5 3 0 0 0 1 1 0 2 0 0 0 0 1 2 0 17 0 1 0 1 0 1 1 143709 1 11 5 1 2 0 1 0 1 0 0 1 1 1 0 11 0 1 0 0 1 1 2
381 GAA 22 1 0 1 4 2 1 2 0 0 0 0 0 0 0 1 4 0 2 0 0 2 0 0 3 1 0 0 1 2 0 0 143702 0 7 5 0 0 1 1 5 0 0 1 2 0 1 0 3 1 1 0 1 1 0 2 0 0 0 0 0 0 0 1
382 TTT 0 0 0 0 0 1 1 0 0 0 0 0 0 0 1 33 0 0 0 0 0 0 1 0 0 2 0 1 0 0 1 6 0 0 0 0 0 0 0 0 0 0 0 0 0 0 0 2 2 3 0 13 0 0 1 3 1 0 2 0 3 12 0 143612
383 TTC 2 0 1 0 2 0 2 3 1 1 0 0 0 11 0 4 1 1 0 1 3 2 0 0 0 0 1 0 5 11 1 0 0 2 1 1 1 1 0 1 0 0 3 0 1 1 4 0 1 2 1 3 0 8 1 2 2 1 3 2 9 143720 6 52
384 TAT 2 0 0 7 1 1 1 0 1 0 1 3 1 0 2 3 5 7 0 12 1 4 1 1 2 0 0 1 2 0 4 1 1 0 0 1 2 0 1 3 0 0 1 2 1 1 3 1 9 13 4 143547 0 0 1 2 0 2 3 3 2 2 1 3
385 TGT 2 3 0 0 3 0 1 0 0 1 0 6 1 1 0 0 3 2 0 0 0 1 0 1 0 0 1 10 2 0 1 1 2 1 1 0 1 1 0 2 0 0 3 5 4 0 0 3 1 0 1 35 0 0 2 2 5 33 3 143442 2 2 0 5
386 AAC 13 143554 5 37 4 3 4 1 1 18 0 2 1 4 2 1 3 4 1 3 3 5 3 2 1 2 2 3 0 3 2 1 2 28 3 3 10 5 8 1 4 3 6 1 4 2 8 4 0 8 1 3 2 2 3 3 1 2 1 5 1 2 0 4
387 ACA 6 0 0 1 143771 10 5 4 1 3 0 5 21 1 0 0 0 0 0 1 5 3 1 0 0 0 1 1 1 1 1 0 0 1 0 0 9 0 1 2 1 0 0 0 1 1 1 0 0 1 0 0 0 3 3 2 0 0 1 0 0 0 2 1
388 TCA 2 1 2 2 14 9 2 3 0 1 2 1 2 4 3 0 6 4 2 3 16 2 1 0 2 1 2 4 2 2 1 1 3 2 3 0 0 3 7 2 0 1 2 4 3 1 5 0 9 0 1 7 143089 10 91 4 2 1 1 0 30 3 3 2
389 GGC 4 2 2 4 7 1 2 5 4 32 2 1 3 0 2 1 4 6 2 2 4 7 1 3 0 15 3 4 2 0 1 1 3 70 0 0 0 4 1 4 15 142653 6 67 1 6 1 1 0 11 1 5 3 2 3 4 1 15 5 0 4 1 2 0
390 CTG 1 0 1 0 0 2 0 2 0 0 3 3 0 3 32 5 2 2 4 0 1 0 32 3 0 0 2 1 48 11 143231 9 0 1 1 1 0 1 4 3 0 0 1 0 0 0 0 0 1 0 3 1 0 0 1 0 0 1 2 1 5 1 24 1
391 TTT 1 1 1 2 2 1 0 1 2 2 0 3 0 0 0 0 0 1 2 0 1 1 0 1 0 0 2 1 2 1 0 15 2 0 0 2 1 1 0 1 1 3 1 1 3 2 0 2 2 4 2 6 2 0 1 5 1 1 2 1 0 13 3 142925
392 AAT 19 15 10 143496 5 10 3 5 4 9 10 20 2 4 3 3 9 4 6 9 6 2 4 3 4 11 3 0 1 4 4 4 2 2 4 9 8 2 6 4 6 3 4 10 1 2 4 2 1 3 0 16 5 4 10 2 3 1 9 8 3 1 6 2
393 AGC 5 77 0 1 5 9 1 1 9 142071 3 43 1 4 5 3 7 5 0 3 8 4 6 4 2 2 0 2 2 1 2 3 2 6 4 1 4 0 2 4 2 41 4 3 1 0 3 1 1 5 2 1 4 4 6 3 0 4 3 0 1 4 3 2
394 ACT 8 4 5 11 24 19 5 143073 10 4 12 11 8 6 4 36 5 4 6 4 1 2 7 6 7 7 2 3 3 1 1 4 11 5 9 2 3 1 7 10 5 5 5 4 8 5 2 10 4 4 4 0 3 1 14 7 1 0 7 3 5 5 8 1
395 TGG 5 3 0 4 5 6 3 4 1 2 4 3 6 2 4 1 1 9 7 13 4 3 6 3 1 1 30 0 4 3 4 1 5 5 2 3 10 7 9 4 3 3 8 3 3 0 3 8 0 3 23 3 9 6 6 7 17 3 142418 5 5 6 12 7
395a GAG 5 1 31 3 8 6 9 4 0 11 6 5 8 8 15 4 8 4 4 6 6 9 7 3 9 8 13 7 1 4 4 5 64 5 142468 9 8 6 14 2 6 4 26 13 8 4 3 6 1 6 4 4 7 7 9 7 1 0 8 2 6 2 8 7
396 TTT 0 3 2 1 4 5 2 3 2 0 3 2 5 1 3 4 1 4 5 2 2 9 6 6 1 2 1 1 1 2 3 23 1 9 4 4 3 7 3 3 5 3 7 2 5 1 1 10 2 6 0 20 2 0 1 21 2 0 2 1 13 21 2 142594
397 AAT 8 14 1 143491 4 3 2 2 6 1 2 13 2 1 1 5 1 3 1 4 0 7 1 6 0 4 1 1 0 1 0 1 2 5 4 25 2 3 0 2 2 1 6 0 2 2 1 1 0 6 1 13 2 0 2 3 0 1 0 1 0 1 2 3
398 AGC 9 113 1 5 0 3 7 2 8 141468 4 55 2 3 3 3 10 1 2 5 8 9 3 0 1 6 0 2 1 2 5 1 2 2 1 7 0 2 0 1 2 48 7 7 3 0 3 2 0 1 2 0 2 3 3 2 2 1 2 0 3 3 2 2
399 ACT 5 8 0 4 21 23 10 141769 2 5 5 4 4 7 4 25 11 7 3 8 8 10 6 7 3 8 6 4 2 1 7 2 2 6 6 3 0 2 3 9 4 0 6 8 1 3 10 4 4 4 0 3 2 2 2 8 1 1 4 2 1 6 1 1
400 TGG 5 4 7 2 5 1 4 1 3 5 18 4 6 1 2 5 6 2 2 5 3 0 7 1 4 3 68 1 2 1 0 7 5 1 3 4 2 1 5 1 1 7 8 5 0 0 2 6 1 6 13 2 3 1 3 3 33 4 141907 7 2 2 8 1
406 AAT 7 23 11 143055 4 1 6 6 5 5 4 10 4 5 4 6 4 3 0 0 8 13 2 3 7 4 5 2 2 3 8 2 4 2 7 21 0 1 5 1 2 2 4 3 3 5 1 3 1 5 1 4 6 2 0 1 0 0 8 6 2 4 4 3
407 AAT 7 15 2 142738 5 0 5 3 8 0 4 8 0 0 0 6 2 4 3 6 4 3 3 0 2 1 8 1 0 2 4 4 3 4 3 12 1 2 5 2 1 1 4 2 4 0 4 1 0 0 0 10 2 0 4 4 1 1 4 1 0 1 2 2
408 TCA 4 6 4 3 13 3 2 2 0 4 5 1 3 8 1 2 5 6 1 4 23 2 3 9 1 0 3 0 4 3 0 3 0 4 4 9 9 4 1 2 3 4 7 0 4 5 3 6 6 7 0 4 142840 7 29 7 2 2 5 4 19 4 1 5
409 AAT 14 12 3 143297 1 8 3 2 5 1 1 12 1 0 2 9 4 6 3 4 7 8 5 5 6 4 3 1 1 4 2 3 0 3 1 31 2 2 3 0 3 5 4 3 2 5 7 6 0 1 0 11 3 3 1 2 3 2 2 3 2 2 1 6
410 AGC 3 84 3 3 6 7 1 2 11 138423 4 50 1 8 1 1 3 5 0 1 2 4 6 5 0 8 8 2 5 2 4 1 2 3 3 1 1 3 4 0 1 18 4 7 0 5 2 2 3 3 1 2 4 2 4 2 2 1 3 7 2 4 1 3
411 ACA 6 1 5 4 142725 1 19 5 1 0 1 3 23 2 1 0 1 0 1 0 4 5 1 5 1 5 2 0 2 1 2 0 2 0 0 3 12 2 4 1 0 3 0 3 0 4 0 0 1 0 0 1 2 4 2 0 0 1 1 1 0 0 0 4
412 GAG 0 1 29 1 1 4 0 0 0 6 0 2 2 1 1 1 5 3 3 1 1 3 0 2 1 1 3 1 1 2 2 0 35 4 140840 5 1 1 2 1 3 5 18 6 0 1 4 1 1 1 3 1 1 3 2 3 0 2 1 0 0 1 4 2
413 AAT 6 17 1 142088 5 0 2 2 1 5 2 2 1 2 1 1 4 4 3 1 3 3 2 4 1 1 2 4 3 5 0 2 6 4 2 4 2 1 1 2 0 1 0 0 2 1 1 7 2 1 0 3 0 0 0 0 0 0 5 1 1 0 0 5
414 ATA 5 2 0 1 15 1 2 1 1 0 0 3 142929 2 9 3 2 5 0 3 0 0 0 0 0 1 1 0 4 1 0 1 1 0 0 3 2 1 1 0 0 0 1 1 14 0 0 1 1 1 1 1 0 0 0 0 0 0 3 0 3 2 0 1
415 ACT 6 2 1 16 14 7 5 136167 0 0 3 1 0 2 0 29 1 7 2 2 0 0 1 2 3 2 1 0 0 3 0 2 0 0 0 0 3 1 2 7 2 0 0 0 1 0 4 2 1 0 0 0 0 2 5 2 0 0 1 0 0 2 1 0
416 CTC 0 0 1 2 0 1 0 1 0 0 0 0 2 12 1 2 1 0 0 1 1 19 1 2 2 1 1 0 7 136359 2 10 0 0 0 2 0 0 0 2 0 0 2 1 0 0 1 5 2 1 1 0 0 0 0 0 0 0 0 0 2 11 0 1
417 CAA 13 7 3 1 1 1 1 2 0 0 0 3 7 1 0 3 141748 4 6 4 3 3 3 3 15 2 5 2 10 0 0 0 1 1 0 0 0 0 1 2 0 0 2 1 3 0 0 2 5 3 0 2 1 1 1 2 1 2 1 1 0 2 2 3
418 TGC 0 0 0 0 0 0 0 0 0 2 1 0 0 0 0 0 0 0 0 2 1 1 1 2 0 5 0 0 0 0 1 0 0 0 0 1 0 1 0 0 0 0 0 0 0 0 0 0 2 51 1 0 0 1 0 0 12 129391 3 111 0 2 0 0
419 AGA 34 3 2 0 0 0 0 3 136153 0 8 5 5 1 0 0 1 0 0 3 0 0 0 1 4 2 2 2 0 0 0 2 0 0 1 0 1 0 1 0 28 1 1 1 1 1 0 0 0 1 2 1 1 1 0 1 4 0 3 0 0 3 0 1
420 ATA 5 3 0 2 0 0 0 1 0 0 0 0 140417 2 13 3 3 1 0 0 1 1 0 0 1 0 0 0 1 1 0 0 0 0 0 0 0 0 0 0 0 0 2 0 4 0 1 2 3 0 4 0 0 0 0 0 0 0 0 4 2 0 3 1
421 AAG 75 3 138252 2 1 1 0 0 0 0 20 1 0 0 4 1 0 2 2 1 0 0 2 0 0 1 2 6 0 0 0 0 0 0 3 0 0 0 0 0 0 0 3 0 0 0 2 1 0 0 6 1 1 1 0 1 0 0 0 0 0 0 1 1
422 CAA 6 0 0 1 2 1 0 1 1 0 0 2 0 0 0 0 140911 1 9 0 1 0 1 1 3 1 1 1 2 1 0 1 0 0 1 1 2 0 0 3 1 1 0 1 1 0 0 0 25 1 0 0 3 1 0 0 0 1 0 0 0 1 0 1
423 ATT 1 2 0 5 3 0 0 1 4 0 0 2 10 10 0 115604 2 0 0 4 0 2 0 1 0 0 0 0 0 1 0 2 1 0 0 0 1 1 1 0 0 1 0 0 1 2 0 6 1 0 0 0 0 0 0 0 0 1 0 0 1 1 1 2
424 ATA 4 2 2 1 10 2 0 0 3 3 2 1 129675 7 17 3 2 5 0 2 1 0 0 0 0 3 3 3 4 5 1 5 0 1 1 0 0 0 0 1 0 0 1 1 8 0 2 5 1 0 1 0 1 1 2 0 2 1 0 0 2 0 3 3
425 AAT 25 24 12 135164 6 6 5 6 1 4 2 13 1 1 1 10 4 5 5 8 1 3 2 1 4 2 1 2 5 0 0 0 6 1 3 6 4 6 5 3 1 4 5 2 0 2 0 6 1 0 2 3 2 1 5 3 0 0 2 1 3 3 5 3
426 ATG 2 2 0 0 2 0 3 1 0 0 2 0 48 3 110493 5 3 0 0 1 0 1 1 0 0 0 0 0 1 3 1 4 0 0 0 0 0 1 1 0 0 0 0 0 3 0 8 1 0 1 0 1 0 0 2 0 0 0 1 1 6 5 3 3
427 TGG 1 0 1 1 0 0 0 0 0 0 3 0 2 0 2 1 0 0 0 1 0 0 1 1 0 0 6 0 0 0 2 0 2 1 1 0 0 0 0 0 1 1 4 0 0 0 5 0 1 0 26 2 0 0 0 0 97 0 121810 1 2 2 8 2
428 CAA 4 1 1 4 4 5 3 1 0 2 0 0 2 0 1 0 135833 5 10 2 0 0 1 0 17 2 0 0 2 1 3 0 1 1 0 0 2 6 4 1 0 2 1 0 0 2 1 0 44 1 0 2 3 2 1 1 0 0 0 1 0 2 1 2
429 AGA 55 0 1 3 2 2 1 0 132286 2 15 4 6 2 4 0 1 1 2 0 2 0 1 0 3 2 2 1 0 1 2 1 1 1 4 0 0 3 1 1 22 2 2 2 2 0 0 0 1 2 1 0 0 0 1 2 72 0 1 0 1 2 0 0
430 GCA 2 1 2 1 63 6 1 6 1 3 3 5 0 3 2 5 8 6 10 5 8 2 1 3 3 1 3 1 5 2 6 2 11 2 1 2 109137 8 61 11 9 4 8 3 137 0 2 2 1 8 0 2 8 1 2 2 0 0 2 0 1 0 2 2
431 GGA 5 3 1 4 3 5 0 0 41 1 3 1 2 1 2 2 2 0 2 1 1 0 0 0 2 2 1 5 0 2 2 5 19 5 4 2 2 0 1 0 108746 3 15 6 3 5 3 5 0 6 0 0 2 2 3 1 8 0 1 1 3 2 2 2
432 CAA 26 5 6 3 8 3 0 2 2 1 0 3 3 8 2 1 120720 15 43 7 6 10 4 2 4 0 0 0 9 3 4 10 11 0 0 1 2 6 2 3 1 1 0 1 2 8 4 2 12 2 0 1 2 3 1 0 0 0 3 0 5 1 2 8
433 GCA 0 1 4 2 70 2 4 0 0 8 1 2 2 1 1 1 7 4 2 2 6 1 0 0 0 4 2 4 5 4 2 7 10 1 1 4 103090 7 6 7 2 0 4 2 76 3 2 7 1 1 1 3 5 6 4 3 1 1 4 1 0 2 1 4
434 ATA 1 1 0 14 6 2 0 3 1 0 0 0 130594 7 23 5 3 0 1 1 2 4 0 0 1 0 2 1 6 3 2 5 0 2 0 0 0 1 0 0 1 0 0 0 15 0 5 3 1 0 0 2 1 0 1 0 2 0 0 0 9 1 2 2
435 TAT 1 0 1 0 5 0 2 0 2 0 4 0 10 1 4 0 1 1 1 10 0 1 0 0 1 0 0 0 1 0 0 0 1 0 1 4 1 0 1 0 1 3 1 4 1 1 1 0 5 23 0 122739 0 0 0 1 0 0 7 15 2 1 0 5
436 GCC 3 0 1 1 6 71 1 1 0 0 0 0 1 2 5 1 2 0 2 1 0 5 0 0 2 0 1 0 0 3 7 1 1 3 2 0 10 115167 6 16 0 5 0 1 2 133 2 1 3 5 1 5 3 13 0 0 0 8 1 0 3 0 2 2
437 CCT 0 1 0 2 3 0 1 7 0 2 0 3 0 0 1 1 5 0 2 19 6 40 4 95908 4 0 0 0 0 0 0 43 1 1 0 1 1 0 0 0 0 2 1 0 0 1 0 1 1 5 2 2 0 0 0 12 0 1 0 1 1 0 1 0
438 CCC 0 3 2 0 5 5 4 1 0 4 0 0 1 1 0 1 1 25 0 1 14 98841 5 18 0 3 1 1 4 15 0 0 0 0 4 0 5 1 0 1 0 0 0 1 0 2 5 4 0 2 0 0 1 8 0 1 0 1 1 0 0 0 0 0
439 ATA 14 0 1 2 12 1 0 2 1 3 0 2 134657 1 16 4 4 0 0 0 0 0 0 0 1 0 0 0 3 1 0 1 0 0 4 0 0 0 0 0 0 0 0 1 5 0 2 2 1 0 0 0 0 0 0 0 2 0 0 1 4 0 1 2
440 CCA 0 1 2 2 14 4 0 3 2 0 1 0 3 0 1 1 8 1 2 0 125459 4 45 8 3 1 0 8 11 2 2 1 2 0 3 0 4 1 1 0 0 0 2 4 0 3 2 8 0 1 1 1 17 1 0 2 1 1 0 0 0 0 1 3
441 GGA 0 0 1 3 0 0 0 0 21 0 1 0 1 1 1 0 1 2 0 1 0 1 0 0 2 0 0 0 2 0 0 0 28 0 0 1 1 0 0 0 124598 6 10 4 1 2 1 0 1 0 0 1 0 0 0 0 8 1 0 0 0 0 0 2
442 GTA 6 1 0 1 2 1 0 4 1 0 0 0 83 7 2 7 1 2 1 7 5 8 4 4 1 0 0 3 10 0 0 0 18 1 0 0 14 3 1 4 1 0 0 3 137719 2 8 5 1 2 2 9 5 3 0 2 1 0 2 3 12 4 1 3
443 ATA 7 3 1 2 7 1 0 1 2 2 4 3 137422 1 59 4 1 0 0 0 0 1 1 0 0 1 2 1 2 4 2 1 1 1 1 1 0 2 1 0 0 0 1 0 10 3 1 6 5 1 1 1 0 0 0 1 0 2 1 3 9 1 8 1
444 AGG 1 0 46 6 1 2 0 1 54 10 134541 5 2 1 15 0 6 1 2 0 0 0 0 0 1 2 4 1 0 0 3 1 3 1 3 1 1 0 0 0 0 1 17 2 3 0 6 0 1 2 0 2 2 0 0 0 1 0 2 0 0 0 1 2
445 TGT 1 0 0 1 0 2 2 2 1 1 0 1 0 0 1 0 0 0 1 0 0 0 0 0 0 0 0 10 0 0 0 0 1 0 0 2 0 1 0 0 2 1 0 0 2 0 1 0 0 1 0 48 0 1 1 0 3 35 2 138065 0 0 2 1
446 AAA 143067 2 9 1 2 3 0 0 9 0 0 0 1 0 1 1 3 3 0 1 0 1 0 0 2 1 0 0 1 0 1 0 22 0 1 1 0 4 0 0 0 0 0 0 0 0 0 0 1 0 1 0 0 2 1 0 0 0 0 0 0 0 2 0
447 TCA 0 0 0 3 3 1 0 0 1 0 0 0 0 0 1 0 2 1 0 1 10 1 0 0 2 1 0 0 0 0 0 0 0 0 0 0 5 0 0 1 1 0 3 2 0 0 1 0 4 0 0 0 136373 2 15 7 3 1 0 2 8 2 0 4
448 AAT 11 11 3 141609 6 0 1 4 4 0 2 4 3 0 2 6 7 0 3 0 2 1 0 0 0 2 1 0 1 2 3 1 1 0 7 18 1 1 4 0 0 0 0 1 1 2 0 3 1 0 2 1 3 0 2 2 0 0 1 0 2 1 3 2
449 ATT 1 0 0 5 0 0 0 10 0 0 0 0 10 6 2 134302 0 0 0 0 1 1 0 0 0 0 0 0 0 0 0 0 0 0 1 0 0 0 0 1 1 0 0 1 1 2 1 10 1 0 1 0 0 0 0 0 0 0 1 0 0 0 0 0
450 ACA 7 0 0 1 141458 15 87 21 2 2 0 2 47 0 0 0 0 0 0 0 0 1 2 2 0 2 0 0 0 0 1 0 1 0 0 0 22 1 0 0 0 0 0 1 0 0 0 0 2 1 0 1 3 1 1 1 0 0 0 1 1 0 0 1
451 GGA 2 0 0 0 1 0 0 0 29 0 2 1 2 0 2 1 1 0 0 1 0 0 0 1 4 0 0 0 0 0 1 1 30 0 1 0 3 2 1 0 141079 3 10 12 0 0 0 1 1 0 0 0 0 0 1 0 12 3 0 0 0 2 0 0
452 CTA 2 0 0 2 1 0 0 0 0 0 0 1 13 2 2 1 1 0 1 1 13 0 0 1 1 2 1 2 140830 1 17 6 0 0 0 0 1 2 0 1 0 2 0 0 0 3 1 1 1 3 0 0 0 0 0 0 0 0 3 1 28 2 1 1
453 ATA 7 1 0 1 5 0 0 2 2 1 0 1 141331 4 10 4 0 1 3 1 3 3 0 0 0 0 0 0 8 0 2 0 0 0 0 0 1 1 3 0 0 0 1 2 9 5 3 4 0 0 1 0 0 0 0 0 0 1 0 0 4 2 0 0
454 TTA 0 1 0 0 0 2 0 0 0 1 2 0 13 8 2 3 1 1 1 2 0 0 0 0 0 0 1 0 10 5 0 2 0 1 0 0 0 0 0 1 0 0 0 1 3 1 5 3 10 1 1 0 5 1 0 0 0 0 0 2 141027 1 15 2
455 ACA 2 0 0 2 142805 7 22 8 1 1 1 2 17 0 0 0 1 1 3 0 1 0 1 0 0 0 0 0 0 0 1 0 0 2 0 0 9 1 1 0 0 0 0 0 0 2 3 0 0 1 0 4 2 2 0 1 0 2 0 0 2 0 1 1
456 AGA 24 1 0 0 0 0 0 0 139948 1 15 4 4 0 2 0 0 0 0 0 0 0 0 0 2 1 0 1 0 0 1 0 0 0 0 0 0 0 0 0 11 0 0 0 0 0 0 0 0 0 0 0 0 0 0 0 4 0 1 2 0 2 0 0
457 GAT 0 1 1 28 1 0 0 0 0 0 1 0 0 0 0 0 1 1 0 0 0 2 0 0 0 0 0 1 1 0 0 0 7 7 1 141745 1 0 0 1 0 0 0 7 3 0 0 4 0 0 0 2 0 0 0 0 0 1 0 0 0 0 0 1
458 GGT 0 0 0 2 0 0 1 0 0 2 0 23 1 0 1 1 2 0 0 1 2 1 1 1 0 3 0 1 1 2 0 3 1 0 0 32 0 1 0 1 6 13 4 141301 0 0 1 0 0 2 1 3 0 0 0 0 0 2 0 5 0 0 1 1
459 GGG 0 0 3 4 1 0 0 0 1 0 20 0 0 0 0 0 0 0 0 1 0 0 0 0 0 0 1 0 0 0 1 0 0 0 43 1 1 1 4 0 33 1 140761 3 0 0 4 2 2 0 3 0 2 0 0 1 2 0 3 1 1 0 0 0
460 AGT 4 6 3 83 3 8 3 1 15 32 2 142227 6 1 3 11 2 0 2 1 3 5 3 1 2 1 4 5 1 2 1 3 3 3 1 4 3 0 0 2 2 3 4 32 2 1 2 4 1 4 1 4 3 0 2 0 0 2 0 7 0 2 0 3
461 AAT 16 20 4 142354 5 1 4 6 2 0 5 10 4 0 3 5 3 1 0 1 4 3 0 3 0 1 1 2 2 1 1 0 0 0 4 21 5 2 2 1 1 3 4 2 5 3 2 3 2 0 0 6 3 1 1 0 0 1 2 0 2 1 2 0
462 AAG 42 8 141503 8 4 7 8 3 0 1 20 7 1 0 6 2 5 5 5 3 4 4 3 1 0 4 3 5 2 3 3 2 4 3 83 0 1 1 2 7 3 6 5 4 3 3 1 7 0 2 1 3 1 2 5 6 1 2 6 3 9 1 11 4
463 AAT 7 15 8 142803 4 7 4 3 1 2 2 6 5 2 3 5 8 6 1 2 2 3 1 6 3 1 8 3 7 6 3 10 6 7 4 8 2 5 5 3 0 6 6 1 7 1 1 2 0 3 1 5 3 5 2 2 0 2 2 4 2 2 6 3
464 ACA 8 8 6 3 141722 16 38 6 5 4 4 4 46 8 5 1 8 3 4 4 7 4 5 8 5 4 2 8 9 5 11 1 2 3 5 0 19 4 4 1 1 2 6 5 5 3 9 6 1 4 2 3 2 3 5 7 1 4 5 2 8 3 7 4
465 AGT 2 4 0 38 3 4 3 2 11 17 4 142729 3 4 3 10 2 7 2 1 2 5 5 4 3 2 4 5 4 3 2 2 0 4 3 4 4 1 3 2 5 6 10 32 7 2 4 5 2 2 0 4 2 3 3 1 1 4 3 15 1 1 2 3
466 GAA 37 1 0 2 2 2 0 1 0 2 0 0 0 0 1 0 3 0 4 0 0 2 0 0 0 1 0 0 0 0 0 0 141639 2 6 2 1 1 0 1 9 0 0 0 2 0 1 1 2 2 0 2 3 1 0 1 0 0 0 0 0 2 0 0
467 ACC 6 6 5 2 24 141316 5 12 1 4 0 4 3 34 2 1 2 0 2 2 0 0 0 1 0 0 2 4 0 0 1 0 3 2 0 0 0 7 0 1 1 0 0 1 4 2 5 3 1 1 0 4 4 3 1 2 1 3 8 3 2 0 3 2
468 TTC 0 1 0 2 3 0 0 0 1 0 0 0 0 6 0 3 0 2 2 0 0 0 0 1 0 1 2 1 1 30 2 0 0 0 0 2 1 0 0 0 0 1 0 1 2 5 0 0 4 8 1 3 3 17 0 0 2 3 2 0 9 142192 4 38
469 AGA 9 2 1 0 3 1 0 1 142523 0 15 0 4 1 0 1 0 0 0 0 1 0 1 0 11 3 9 5 3 1 0 0 2 0 0 0 0 0 1 0 42 0 4 0 1 0 0 1 0 0 0 0 0 0 0 1 2 0 0 1 2 0 0 0
470 CCT 0 0 0 1 4 1 0 3 0 1 2 0 1 0 0 0 1 2 0 13 5 84 12 140418 0 0 0 1 0 1 0 9 0 0 0 0 1 1 1 1 0 0 1 0 1 0 1 0 1 0 1 1 1 1 0 15 2 0 0 0 1 0 0 0
471 GGA 2 1 0 7 6 7 3 6 27 1 0 4 2 5 8 2 8 5 0 0 0 1 1 0 2 0 0 2 4 5 3 4 19 0 3 2 6 5 6 10 142030 10 62 7 13 6 6 5 1 5 2 5 5 9 5 9 5 0 3 3 3 2 3 4
472 GGA 2 0 1 1 0 1 0 0 31 1 0 0 0 0 1 2 2 0 2 2 1 0 1 0 3 0 1 0 2 0 3 1 18 0 0 1 0 1 0 0 143543 3 38 13 3 0 0 0 2 0 2 0 0 0 0 1 4 1 1 0 1 1 0 2
473 GGA 0 2 1 2 0 1 0 0 27 1 1 0 0 0 1 0 0 3 0 2 0 1 1 1 1 0 0 0 0 0 0 1 20 0 0 2 2 0 1 0 143272 4 49 10 4 1 0 1 2 0 1 1 1 1 1 0 8 0 0 0 0 0 0 1
474 GAT 1 2 0 48 6 1 1 0 2 1 0 2 2 1 3 2 5 2 2 5 1 2 1 2 4 0 0 0 1 1 0 1 8 8 4 143275 1 2 2 4 0 3 0 4 1 2 2 1 2 4 5 5 2 2 0 2 0 0 0 0 3 0 2 5
475 ATG 3 2 2 0 5 2 5 0 1 2 4 2 26 1 143495 13 1 0 1 0 1 2 2 1 1 1 0 0 5 1 7 4 3 4 4 3 2 1 0 1 2 1 3 2 6 1 12 0 3 1 4 3 1 1 2 4 3 2 1 1 9 2 11 2
476 AGG 3 2 62 2 3 7 4 3 34 5 142368 7 0 0 43 2 1 6 0 6 1 4 1 1 5 9 8 3 1 2 0 1 1 1 2 2 1 0 1 3 1 1 44 1 0 0 0 0 1 0 1 3 2 3 0 0 2 0 4 0 4 1 0 1
477 GAC 0 28 2 2 0 6 1 2 0 1 1 0 0 0 2 0 3 3 1 0 1 2 2 0 2 0 1 1 1 1 1 0 8 143486 2 24 2 2 2 1 0 11 0 0 0 1 1 0 2 2 1 0 0 2 0 0 1 2 0 0 2 0 1 0
478 AAT 5 10 1 142726 1 4 1 0 1 1 2 12 4 3 1 7 0 0 1 0 0 2 0 2 0 0 0 0 2 0 0 1 0 0 1 11 1 0 0 0 0 0 1 0 4 4 3 8 2 0 1 5 1 2 1 2 0 3 0 0 5 1 1 1
479 TGG 1 0 1 0 0 1 0 0 0 1 6 1 1 6 0 2 0 1 1 0 0 0 2 1 0 1 7 0 1 2 0 2 0 0 0 0 1 2 0 0 0 0 4 2 0 2 2 3 1 0 19 0 1 0 0 0 17 1 142215 0 2 3 7 2
480 AGA 44 1 1 0 0 1 0 2 143706 0 10 2 5 2 3 1 1 2 2 0 0 0 1 0 4 3 1 3 0 2 0 0 0 0 0 0 4 1 0 3 25 2 1 0 0 0 1 0 1 1 1 0 1 2 3 0 2 1 0 0 0 0 0 0
481 AGT 1 1 1 83 5 3 2 6 4 30 1 332350 1 0 2 6 3 3 11 1 1 3 1 0 0 0 0 0 1 3 0 2 0 0 2 1 5 7 6 1 5 4 10 27 2 0 2 0 4 0 1 0 3 3 2 5 0 0 1 3 3 0 4 3
482 GAA 113 2 2 0 1 0 0 0 1 1 0 0 1 1 1 3 7 4 0 3 1 0 0 0 3 0 0 0 1 1 2 1 332639 2 26 15 1 0 0 0 2 0 1 1 3 0 0 0 11 0 1 3 1 4 6 2 0 0 0 0 1 1 0 1
483 TTA 6 0 2 0 1 1 1 0 1 3 0 0 39 2 1 5 1 0 1 0 0 3 0 0 0 0 1 2 29 7 1 5 1 0 1 3 0 1 1 0 0 0 3 0 14 1 2 3 12 0 1 0 23 0 0 1 3 1 2 0 332385 6 13 7
484 TAT 3 2 4 13 4 3 1 0 1 4 1 6 0 2 4 5 5 3 1 26 0 4 2 0 2 1 2 0 8 4 3 6 4 0 4 1 3 7 1 3 5 3 4 0 5 0 0 3 56 49 11 332618 1 3 2 5 2 4 11 27 13 6 7 9
485 AAG 133 9 332369 18 1 1 5 2 3 1 57 3 1 1 17 1 2 6 11 6 17 8 4 4 5 4 5 3 1 3 2 1 1 3 92 2 5 3 5 1 2 7 13 3 3 5 1 0 5 5 7 3 2 7 0 0 0 0 1 4 2 0 1 3
486 TAT 0 0 1 3 2 1 0 0 0 2 0 0 2 0 1 0 1 0 0 8 2 1 0 1 0 0 0 0 2 0 0 0 1 1 1 0 0 1 1 2 1 0 2 0 2 1 1 4 19 15 2 332581 0 0 2 0 1 1 1 11 0 3 0 7
487 AAA 332139 5 94 7 5 3 1 1 23 1 1 2 3 1 0 2 2 0 0 1 0 2 1 2 0 0 0 2 1 1 0 0 29 0 2 1 1 3 1 2 4 0 0 1 0 1 1 1 1 2 2 1 0 0 0 1 0 1 0 2 0 0 0 4
488 GTA 0 0 1 2 9 5 3 2 1 1 1 0 134 3 0 2 1 2 2 0 2 2 0 0 0 1 1 2 6 2 2 2 5 1 0 1 12 0 2 0 2 0 1 0 331990 6 20 12 0 3 1 2 0 1 0 0 0 1 0 2 16 1 7 1
489 GTA 0 2 0 1 2 0 0 1 1 0 1 1 92 0 0 3 3 3 2 0 0 4 0 0 0 1 0 2 1 2 0 0 62 0 0 1 22 2 1 1 6 0 1 0 331982 1 42 3 2 0 3 1 2 0 0 0 1 2 0 1 1 1 0 4
490 AAA 332251 5 23 10 10 8 5 6 29 2 6 8 6 4 0 6 13 1 8 7 2 5 3 3 2 4 3 3 5 7 1 3 14 0 1 6 5 10 5 5 1 3 7 3 3 10 6 6 6 5 2 3 4 12 6 13 1 1 1 2 7 0 2 1
491 ATT 2 0 4 25 2 1 6 15 3 0 2 2 25 42 5 331815 1 2 1 1 1 1 0 4 0 1 5 0 0 10 7 5 0 0 0 2 1 0 0 0 0 1 2 5 7 0 8 23 2 1 5 0 1 0 0 1 0 0 1 3 11 2 8 66
492 GAA 108 7 11 1 2 12 4 6 6 3 7 4 4 2 5 4 9 17 6 8 1 1 0 2 6 3 6 7 6 4 5 8 332017 5 84 14 8 7 6 3 57 3 5 2 12 3 7 13 6 8 7 15 7 9 8 10 0 4 0 5 7 11 8 9
493 CCA 0 3 1 1 18 0 0 0 0 3 2 2 3 2 1 2 6 0 0 0 332635 7 23 8 1 0 0 0 20 0 0 4 2 3 2 1 7 3 3 2 2 1 0 0 1 1 1 0 1 1 0 0 47 4 3 0 1 1 0 0 0 1 2 2
494 ATA 4 0 2 0 4 0 3 1 0 1 3 1 188402 10 77 16 1 1 1 1 1 2 2 1 1 4 0 0 2 1 1 4 0 3 0 2 0 1 1 2 3 0 3 0 9 3 2 8 7 1 1 1 0 0 1 1 1 1 0 2 6 2 3 2
495 GGA 0 1 0 1 0 1 0 0 47 1 0 0 0 1 1 0 1 2 0 1 0 2 0 1 0 0 0 0 0 2 0 2 29 3 0 0 4 1 0 1 188347 14 33 14 4 1 2 1 2 1 0 0 1 1 0 3 21 0 0 0 0 0 0 0
496 GTA 2 2 3 1 5 4 1 0 0 1 0 0 94 3 3 3 0 1 0 1 0 1 0 1 0 0 3 5 4 7 0 4 5 2 1 0 11 2 1 0 0 1 0 2 188576 7 81 14 3 0 2 3 1 0 0 0 0 2 2 1 8 4 0 9
497 GCA 1 1 0 2 85 0 0 0 0 0 0 2 2 1 0 0 1 0 1 0 4 2 0 0 0 1 2 1 0 0 0 0 7 0 0 0 188398 5 21 14 4 0 1 5 156 1 5 6 0 0 0 2 3 0 0 0 2 0 0 0 0 0 0 0
498 CCC 2 0 0 0 1 4 2 1 1 1 0 0 0 1 1 2 2 14 1 1 25 188321 4 29 0 0 2 0 1 19 0 1 1 4 1 2 0 2 1 0 0 1 0 0 1 1 1 0 2 2 0 1 1 38 0 0 2 1 0 0 1 0 0 0
499 ACC 0 8 0 0 10 187957 2 51 0 4 2 0 0 19 0 0 3 0 0 0 2 3 0 0 0 0 0 2 0 0 0 1 0 1 1 0 0 4 0 0 0 3 1 0 0 3 2 1 2 1 1 0 2 4 4 3 5 2 0 0 1 0 1 2
500 AGG 3 3 42 2 2 0 0 0 41 3 187823 8 0 0 10 0 2 2 2 1 0 0 0 3 6 2 11 2 0 0 2 3 3 0 5 0 2 0 2 0 2 2 98 0 1 0 2 1 3 2 0 3 1 0 0 2 0 0 4 2 3 2 0 1
501 GCA 1 0 1 1 147 0 2 0 0 8 1 1 0 0 0 0 2 4 1 1 1 3 1 1 1 2 0 1 1 1 0 0 13 0 0 0 186984 12 22 4 2 0 2 0 22 1 1 1 1 1 0 1 10 0 0 2 0 0 0 1 0 1 1 0
502 AAA 188376 3 22 4 5 2 0 2 12 0 2 3 3 0 4 2 6 2 0 1 0 1 0 0 3 3 4 4 2 4 1 1 6 0 1 0 1 3 3 1 0 1 1 0 4 0 1 3 4 1 0 0 1 1 3 1 0 1 4 2 2 3 3 3
503 AGA 29 0 1 1 6 1 0 0 188402 1 34 3 2 0 1 3 0 1 0 1 1 2 0 0 11 4 3 9 0 0 0 0 1 2 2 2 0 0 1 0 143 0 3 4 1 1 0 0 0 1 3 1 0 0 0 0 7 1 0 3 3 3 0 0
504 AGA 23 2 1 3 3 0 4 2 188601 1 21 2 27 1 8 8 1 4 3 5 6 0 1 0 13 1 4 2 1 1 1 1 0 0 0 0 3 0 5 0 29 1 5 1 6 0 7 3 3 4 3 4 1 0 2 3 5 2 0 0 1 5 8 4
505 GTG 0 0 0 2 1 0 3 0 0 0 0 0 1 1 37 0 0 1 0 0 0 0 0 0 0 0 1 0 1 0 1 0 0 0 0 0 0 0 9 2 1 0 3 1 40 1 184340 4 0 0 1 0 0 0 0 0 1 0 0 0 1 0 3 0
506 GTG 0 0 0 0 0 0 1 0 0 0 0 0 1 0 33 0 0 2 0 0 1 0 0 0 0 0 0 1 0 0 2 1 0 1 1 0 0 1 6 0 0 0 0 0 41 0 183258 15 0 0 0 0 0 1 1 0 0 1 0 0 0 0 0 0
507 GAG 0 1 40 0 1 0 1 2 1 1 2 2 1 0 3 0 4 1 5 1 1 0 3 1 0 2 1 1 2 1 1 0 36 4 185932 7 4 2 6 2 0 0 39 3 2 4 4 0 0 0 5 2 2 3 4 1 0 1 2 2 1 1 1 1
508 AGA 29 0 1 2 2 0 0 0 187725 0 33 3 4 2 2 6 2 1 1 2 0 0 0 0 2 1 2 2 0 0 0 1 0 0 2 1 2 0 0 1 15 1 0 0 1 0 3 3 0 3 0 4 1 2 2 1 1 0 0 3 1 3 0 2
509 GAA 64 3 2 4 3 4 6 3 2 6 4 1 0 0 2 2 6 3 2 1 1 5 2 1 0 2 1 1 1 1 0 1 187057 12 17 4 11 12 12 3 25 4 11 3 5 4 1 15 2 2 0 1 1 0 1 1 0 0 1 1 1 0 2 2
510 AAA 188142 1 19 0 9 2 2 4 22 0 2 2 0 2 0 0 9 7 2 1 8 7 4 8 8 3 3 2 1 0 0 1 13 1 2 0 1 10 4 3 1 4 0 1 5 1 2 0 3 3 0 0 1 2 1 3 4 3 0 0 2 0 0 1
511 AGA 26 0 0 0 0 0 1 0 186204 0 8 1 7 1 0 0 0 0 0 1 3 1 0 0 11 1 3 2 0 0 0 0 0 1 0 0 1 0 0 0 447 1 1 0 1 0 0 2 0 0 0 0 0 0 0 0 1 0 0 0 0 0 0 0
512 GCA 0 1 0 0 34 1 0 0 0 1 0 0 0 0 0 0 0 0 0 0 0 0 0 0 0 0 0 0 0 0 1 0 3 0 0 0 186033 2 16 7 0 0 2 1 107 2 3 0 0 2 0 0 1 0 0 1 0 1 1 0 0 0 0 0
513 GTT 1 0 0 0 4 4 0 2 0 7 0 1 1 2 1 22 0 0 0 0 2 8 0 3 0 1 0 0 2 10 0 2 1 0 1 6 2 3 0 9 6 6 0 2 2 28 8 162785 1 2 0 0 0 3 1 2 0 0 2 0 1 4 2 4
514 GGA 0 1 1 3 1 5 0 3 27 0 0 5 0 2 3 0 8 5 1 1 4 10 2 2 3 0 1 0 1 1 4 1 42 1 1 0 3 3 2 2 186840 1 47 6 4 0 0 2 1 2 0 1 5 7 1 4 2 0 0 0 1 0 0 1
515 ATA 5 0 2 0 7 1 2 3 2 0 1 1 186030 4 61 6 1 1 0 1 2 1 3 4 0 0 0 1 5 4 1 3 0 0 2 0 0 3 2 1 2 2 0 1 12 3 1 4 3 6 2 8 0 0 1 1 0 2 2 0 10 2 2 5
516 GGA 0 0 0 0 0 0 1 0 22 0 0 0 0 0 1 0 1 0 0 0 2 0 1 0 2 0 0 0 0 2 0 0 9 0 0 0 1 0 1 0 184619 1 11 7 3 1 0 0 0 0 0 0 0 0 0 0 9 1 1 0 0 0 0 0
517 GCT 0 0 0 0 0 0 0 34 0 0 0 0 0 0 0 0 0 0 0 0 0 0 1 1 0 0 0 0 0 0 0 0 0 0 0 3 1 22 3 175749 0 0 0 0 0 1 1 29 0 1 0 0 0 0 0 3 0 1 0 0 0 0 0 0
518 GTC 0 0 0 0 1 4 0 1 0 2 0 1 2 37 2 1 0 0 1 0 0 0 0 0 1 2 0 0 1 0 0 1 0 0 2 0 4 22 3 0 14 7 13 2 17 176559 12 42 0 0 0 0 3 1 1 1 0 0 5 0 3 2 6 1
519 TTC 0 0 0 0 3 8 1 0 0 0 0 0 1 10 2 0 1 0 0 0 0 1 0 0 1 0 0 0 2 7 4 2 0 0 0 0 0 12 5 1 0 1 0 1 5 16 9 5 1 4 0 0 0 12 1 0 1 0 0 0 9 165139 6 9
520 ATT 0 1 0 2 0 3 1 22 0 0 0 4 0 12 0 180989 1 5 0 4 1 0 0 1 2 0 0 0 3 11 3 6 0 0 0 0 1 0 0 0 0 0 0 0 0 0 0 9 1 8 1 2 2 1 2 3 0 0 0 0 2 1 2 19
521 GGG 0 0 0 0 0 0 0 3 0 1 39 0 0 0 0 1 0 0 0 1 0 0 0 1 0 0 0 1 0 0 2 0 0 0 15 0 0 0 1 0 45 2 174386 3 0 0 5 0 0 1 0 0 1 0 1 0 1 0 7 0 0 0 0 0
522 TTC 0 0 0 0 0 0 0 0 0 0 0 0 1 4 0 0 0 0 0 0 0 0 0 0 0 0 0 0 0 8 0 0 0 0 0 0 1 1 0 0 0 0 0 0 1 5 0 0 0 2 0 2 0 8 0 0 0 0 0 0 4 158145 1 6
523 TTA 0 0 0 0 0 0 0 0 1 3 0 0 2 0 0 0 1 2 0 0 0 1 0 0 0 0 0 0 15 0 0 1 2 1 0 0 0 0 0 0 0 0 0 0 3 0 0 0 4 0 0 0 8 0 0 0 0 0 0 0 177363 0 83 6
524 GGA 3 1 3 4 8 6 3 3 50 9 4 2 2 1 2 3 8 10 2 1 2 2 0 4 3 1 1 0 1 0 0 0 27 3 1 1 7 3 0 2 172992 9 19 4 8 3 0 1 0 4 1 1 3 6 11 7 15 1 1 0 1 2 0 4
525 GCA 0 0 0 0 122 3 2 3 0 0 0 0 0 0 0 0 0 1 0 0 1 1 0 0 0 0 0 0 0 1 0 0 1 0 0 0 183445 5 10 1 2 0 0 0 45 1 1 0 0 0 0 0 8 6 1 2 0 0 0 0 0 1 2 0
526 GCA 0 0 0 0 69 0 0 0 0 0 0 0 0 0 0 0 0 0 0 0 2 0 0 0 0 0 0 0 0 0 0 0 1 0 0 0 180703 13 82 12 2 0 0 0 45 0 0 0 0 0 0 0 0 0 1 0 0 0 0 0 0 0 0 0
527 GGA 1 1 0 0 1 2 1 0 33 0 0 0 0 0 2 2 1 4 0 1 0 3 2 0 3 0 2 1 1 1 0 0 34 1 1 0 0 1 1 1 167273 5 21 11 3 1 3 2 1 0 5 0 0 0 1 1 3 0 0 3 1 0 0 0
528 AGC 0 34 0 0 0 2 1 0 5 168665 0 56 0 2 0 0 0 0 0 2 0 0 0 0 1 0 0 0 0 1 0 0 0 0 0 0 0 0 1 0 0 11 0 0 0 1 0 0 0 0 0 0 0 1 0 0 0 4 1 1 0 0 0 0
529 ACT 0 0 0 0 2 52 5 163120 0 0 0 1 0 0 0 7 0 0 0 0 0 0 0 2 0 0 0 0 0 0 0 0 0 0 0 0 1 0 0 2 0 0 0 0 0 0 0 1 0 0 0 0 0 0 0 0 0 0 0 0 0 1 0 0
530 ATG 0 0 2 1 0 0 6 0 0 0 0 0 15 0 156999 5 0 0 0 0 0 0 0 0 0 0 0 0 0 0 1 0 0 0 0 0 0 0 0 0 0 0 0 0 0 0 13 0 0 0 0 0 0 0 1 0 0 0 0 0 0 0 1 0
531 GGC 0 0 0 0 0 0 0 0 0 23 0 0 0 0 0 0 0 0 0 0 0 0 0 0 0 2 0 0 0 0 0 0 0 25 0 0 0 0 0 0 3 148983 0 27 0 1 0 0 0 0 0 0 0 0 0 0 0 7 0 0 0 0 0 0
532 GCG 0 0 0 0 0 0 49 0 0 0 0 0 0 0 0 0 0 0 0 0 0 0 1 0 0 0 0 0 0 0 0 0 0 0 5 0 78 0 179208 2 0 0 0 0 0 1 26 0 0 0 0 0 0 0 1 1 0 0 0 0 0 0 0 0
533 GCG 0 0 0 0 0 0 26 0 0 0 0 0 0 0 0 0 0 0 0 0 0 0 3 0 0 0 0 0 0 0 0 0 0 0 2 0 92 4 154267 9 0 0 1 0 0 0 32 0 0 0 0 0 0 0 0 0 0 0 0 0 0 0 0 0
534 TCA 1 1 1 0 19 6 10 6 1 8 1 8 0 5 8 1 0 4 0 3 36 1 1 1 1 0 2 2 1 4 0 4 0 2 1 3 9 7 8 11 5 2 2 4 3 2 6 10 8 7 1 4 172418 16 141 17 9 7 6 18 32 3 10 6
535 GTA 0 0 0 0 3 0 0 2 0 2 0 2 108 4 3 1 0 1 0 1 0 0 0 1 0 1 0 0 8 4 0 5 1 0 1 0 14 0 0 0 0 0 2 0 168515 0 48 2 1 8 0 6 1 0 0 2 1 0 1 0 15 5 2 3
536 ACG 0 1 4 0 64 3 147302 4 0 0 2 0 0 0 27 0 0 0 0 0 0 0 0 0 0 4 0 0 0 0 0 0 0 0 0 0 0 0 12 0 0 0 0 0 0 0 0 0 0 0 0 0 0 0 0 0 0 0 0 0 0 0 0 0
537 CTG 0 0 0 0 0 0 0 0 0 0 0 0 0 0 2 0 0 0 1 0 0 0 15 0 0 0 0 0 10 0 146992 0 0 0 0 0 0 0 1 0 0 0 0 0 0 0 1 0 0 0 0 0 0 0 0 0 0 0 4 0 0 0 12 0
538 ACG 0 0 5 0 19 0 130805 4 0 0 1 0 0 0 110 0 0 0 0 0 0 0 2 0 0 0 0 0 0 0 0 0 0 0 0 0 0 0 4 0 0 0 0 0 0 0 0 0 0 0 0 0 0 0 2 0 0 0 1 0 0 0 0 0
539 GTA 0 0 0 0 0 0 0 0 0 0 0 0 50 0 0 0 0 0 0 0 0 0 0 0 0 0 0 0 2 0 0 0 5 0 0 0 10 0 0 0 3 0 0 0 144484 0 11 2 0 0 0 0 0 0 0 0 0 0 0 2 6 0 0 0
540 CAG 0 0 5 0 2 0 0 0 0 0 0 0 0 0 0 0 29 4 126492 14 0 0 2 0 0 0 53 0 0 2 3 1 0 0 0 0 0 0 0 0 0 0 0 0 0 0 0 0 0 0 29 0 0 0 0 0 0 0 0 0 0 0 0 0
541 GCC 0 0 0 0 0 81 0 0 0 0 0 0 0 1 0 1 0 0 0 0 0 2 0 0 0 0 0 0 0 0 0 0 0 2 0 0 0 138206 0 11 0 0 0 0 0 35 0 0 0 0 0 0 0 3 0 0 0 0 0 0 0 0 0 0
542 AGA 27 0 1 0 2 0 0 0 172485 0 12 0 2 0 0 0 0 0 0 0 0 0 0 0 1 0 0 0 0 0 0 0 0 0 0 0 0 0 0 0 10 0 2 0 0 0 0 0 0 0 0 0 0 0 0 0 1 0 0 0 0 0 0 0
543 CAA 5 0 0 0 0 0 0 1 1 0 1 0 0 0 2 1 137455 2 7 2 0 1 1 0 7 0 0 0 3 0 0 1 0 0 0 1 0 0 0 0 0 1 0 0 0 0 0 0 5 0 0 0 0 1 0 0 0 0 0 1 3 1 1 0
544 TTA 0 0 0 0 1 1 0 0 0 0 0 0 4 0 0 1 1 0 0 0 0 0 0 0 0 0 1 0 11 0 1 0 1 0 0 0 2 0 0 0 0 0 0 1 3 0 0 0 4 0 0 1 7 0 0 0 2 1 0 0 142100 0 8 1
545 TTG 1 0 0 0 1 1 0 0 0 0 1 1 1 0 2 0 0 0 0 1 0 0 0 0 0 0 1 0 1 0 4 0 0 0 2 0 1 1 0 1 0 0 0 1 0 0 1 0 0 0 0 0 2 0 2 0 0 0 0 2 22 0 156911 3
546 TCT 0 0 0 0 0 0 1 3 0 0 0 0 0 0 0 0 0 0 0 0 0 0 0 6 0 0 0 0 0 1 0 0 0 0 0 0 0 0 0 1 0 0 0 0 0 0 0 0 0 0 0 5 2 16 1 124931 0 0 0 0 0 0 0 30
547 GGT 0 0 0 0 0 0 1 0 0 0 0 15 0 0 0 0 0 0 0 0 0 0 0 0 0 0 0 0 0 0 0 0 0 0 0 23 0 0 0 0 4 8 2 148856 0 0 0 2 0 0 0 0 0 0 0 0 0 0 0 0 0 0 0 0
548 ATA 2 1 0 0 4 0 0 0 3 0 0 0 179316 2 27 1 0 0 1 0 0 0 0 0 0 0 0 0 1 0 0 0 1 0 0 0 0 0 0 0 0 1 0 0 17 0 0 0 0 0 1 0 0 0 0 0 0 0 1 0 1 0 0 1
549 GTG 0 0 0 0 0 0 0 0 0 0 0 0 0 0 14 0 0 0 0 0 0 0 0 0 0 3 0 0 0 0 1 0 0 0 2 0 1 0 8 0 0 0 0 0 58 0 168991 0 0 0 0 0 0 0 0 0 0 0 0 2 0 0 1 0
550 CAA 4 0 0 0 0 0 0 0 0 1 0 0 0 0 0 0 182922 5 42 2 1 1 0 0 23 0 0 1 3 1 1 2 1 0 0 0 0 0 0 0 0 0 0 0 0 0 0 0 37 0 0 0 0 0 0 0 0 0 1 0 3 0 0 1
551 CAG 1 0 6 1 0 0 0 0 1 0 0 0 0 0 1 0 85 0 176055 0 0 0 0 1 0 0 7 0 1 0 1 0 1 0 0 0 0 0 0 0 2 1 1 0 0 2 0 0 0 0 23 0 0 0 0 0 1 0 0 0 2 1 0 0
552 CAA 4 1 0 0 0 0 0 1 3 0 1 0 0 0 0 0 175035 2 6 0 0 0 0 0 8 1 1 0 0 0 0 0 0 0 0 0 0 0 0 0 0 0 0 1 0 0 0 0 19 1 0 0 0 0 0 0 0 0 0 0 0 0 0 0
553 AGC 0 75 1 1 0 6 1 0 7 177406 1 66 1 2 0 0 1 2 1 0 0 0 0 0 0 4 0 0 0 1 2 1 0 0 4 0 1 3 0 1 0 12 0 2 0 1 0 1 0 0 0 1 0 0 0 3 0 6 3 0 0 1 0 2
554 AAT 5 19 2 183176 1 0 2 2 1 1 3 7 0 0 1 5 0 0 0 0 0 0 0 0 0 0 0 0 0 0 0 0 1 1 2 5 0 0 0 1 3 1 0 4 1 1 2 1 1 1 0 2 2 1 1 0 0 0 2 0 1 0 0 3
555 TTG 0 0 0 0 0 0 0 0 0 0 0 0 0 0 2 0 0 0 0 0 0 0 0 0 0 0 0 0 0 0 5 0 0 0 0 0 0 0 0 0 0 0 0 0 0 0 5 0 1 0 0 0 0 0 7 0 0 0 2 0 34 1 182771 3
556 CTG 0 0 0 0 0 0 0 0 0 0 0 0 0 0 2 0 1 5 9 5 1 0 20 0 1 1 9 0 28 5 184350 2 0 0 0 0 0 0 0 0 0 0 0 0 1 0 1 0 0 2 0 1 1 0 0 0 0 0 0 1 0 0 75 0
557 AGG 2 3 71 3 1 2 5 1 31 1 186391 6 0 0 38 0 3 1 6 4 0 0 2 0 2 0 14 0 3 4 2 1 0 0 1 0 1 2 4 2 0 0 62 0 0 3 2 0 2 0 1 0 5 0 1 0 0 1 7 0 1 0 1 2
558 GCT 1 0 0 0 5 5 0 145 1 1 0 2 0 2 1 1 0 0 0 0 0 0 0 1 0 0 0 2 0 0 1 1 0 0 0 9 3 44 2 184239 1 2 1 1 3 1 0 28 0 0 0 0 3 0 1 6 0 0 1 1 0 0 1 1
559 ATA 3 3 1 2 18 3 0 0 1 0 1 0 187083 8 104 5 2 3 1 1 2 1 0 0 3 0 1 0 3 4 1 1 3 1 0 0 0 1 1 0 0 1 0 0 5 0 2 0 3 2 0 1 0 0 0 0 1 1 0 1 7 3 2 3
560 GAG 4 0 14 0 3 2 2 0 1 1 1 1 0 0 0 0 0 2 1 2 0 2 0 0 1 0 2 3 0 1 2 1 49 6 186873 19 1 0 2 1 1 2 48 0 0 0 15 2 0 1 6 2 0 0 0 1 0 0 9 0 1 1 2 0
561 GCT 0 0 0 2 0 0 1 123 0 0 0 1 0 0 0 0 0 1 0 0 0 0 0 3 0 0 1 0 0 1 1 2 0 0 0 6 5 28 12 182438 0 0 1 5 1 0 0 44 2 0 0 1 1 1 1 4 0 1 1 0 3 0 3 1
562 CAA 0 1 0 0 1 1 0 0 0 0 0 0 0 0 0 1 187684 4 15 4 0 0 0 0 29 0 0 1 3 0 0 0 0 0 0 0 1 0 1 0 0 0 0 0 0 0 0 1 7 0 0 0 0 0 0 1 0 0 0 0 0 0 0 0
563 CAG 1 0 1 1 2 1 3 4 0 0 0 0 0 0 1 1 177 7 187325 13 0 0 1 0 1 1 20 1 3 2 3 0 0 0 0 0 0 1 0 0 0 2 0 0 0 0 0 2 0 1 29 1 0 1 0 0 0 0 4 1 0 0 2 0
564 CAT 1 0 1 9 0 0 2 1 1 0 0 0 1 0 1 0 9 14 2 186877 0 0 1 0 0 0 1 9 1 0 2 3 0 1 0 2 1 0 1 1 1 0 0 0 0 0 0 0 0 2 0 64 0 0 2 0 0 0 3 0 0 0 4 0
565 CTG 1 0 2 0 0 2 4 2 0 1 0 0 0 1 25 1 4 2 6 0 0 1 41 1 0 0 3 0 48 0 186993 0 0 0 0 0 1 0 0 0 0 0 1 0 0 1 10 2 0 0 0 0 0 0 0 0 0 0 2 1 0 0 43 1
566 TTG 0 3 1 0 0 1 1 0 0 0 0 0 0 0 2 0 1 0 2 1 0 0 0 0 1 0 0 0 2 0 23 3 0 1 0 0 1 3 1 1 0 0 1 0 0 0 1 1 0 0 2 1 0 0 65 0 0 0 0 0 17 2 187673 4
567 AAA 186896 0 13 2 10 13 2 1 24 3 4 4 4 1 0 0 0 0 3 1 0 1 0 1 0 1 1 0 0 1 0 0 9 0 0 0 4 1 2 2 1 8 4 14 1 1 1 0 1 0 1 0 0 1 2 5 1 1 0 0 0 1 1 0
568 CTC 0 1 0 0 0 2 0 1 0 1 1 0 0 6 0 0 1 4 0 1 0 26 0 2 1 3 2 2 5 185842 1 5 1 1 0 0 1 1 0 3 3 1 1 2 1 6 0 0 0 0 0 1 2 3 2 1 0 0 0 0 2 20 1 1
569 ACG 1 2 8 5 69 4 187459 29 1 2 4 5 0 0 147 0 1 1 0 1 1 1 2 0 1 1 1 0 0 0 3 0 0 0 2 1 2 2 44 0 3 9 7 10 3 1 1 1 0 0 2 2 3 2 8 1 2 1 3 1 0 0 0 0
570 GTC 0 1 0 0 0 4 0 0 0 1 1 0 2 59 0 1 0 2 2 1 0 1 1 0 2 2 0 0 0 5 0 1 0 2 0 0 2 21 0 0 0 0 0 0 8 187846 1 14 0 7 0 3 0 0 0 1 0 0 1 0 0 9 0 1
571 TGG 0 0 0 0 0 0 0 0 0 0 6 0 0 0 0 0 0 0 0 0 0 0 0 0 0 0 54 0 0 0 2 0 0 0 1 0 0 0 1 0 0 0 6 0 0 0 0 0 0 0 20 0 0 1 1 0 39 0 187811 14 0 0 3 0
572 GGC 0 0 3 0 0 0 1 1 0 37 0 0 0 1 1 0 0 1 0 1 1 0 1 0 0 1 2 0 0 0 1 0 0 106 0 1 0 2 0 1 9 187753 7 77 0 3 0 0 0 0 0 0 1 1 1 0 1 9 1 2 0 0 1 0
573 ATT 0 2 0 4 2 8 5 48 0 4 0 6 8 32 6 188379 1 2 0 0 1 1 0 2 0 0 0 0 1 3 5 7 1 2 2 1 1 7 6 6 0 0 0 2 5 3 1 7 0 1 0 2 2 2 0 1 0 0 1 0 1 1 2 1
574 AAA 188107 5 20 4 2 2 0 0 8 0 0 0 1 0 0 0 2 6 5 1 0 0 0 0 0 4 2 0 0 0 0 0 7 0 1 0 2 1 0 1 1 0 0 0 1 0 0 0 2 1 0 1 1 0 2 0 2 0 0 1 1 0 1 0
575 CAG 2 7 10 3 1 5 0 4 3 3 3 9 1 1 2 2 96 1 188181 4 4 0 2 2 1 0 25 2 1 1 5 2 2 1 8 4 5 2 5 2 0 0 7 3 4 0 0 5 1 5 39 4 4 4 1 1 0 1 7 2 1 0 0 0
576 CTC 0 0 0 0 0 1 0 1 0 0 0 0 0 5 0 0 1 5 0 2 4 19 1 0 0 1 0 1 4 187897 3 23 0 1 0 0 0 1 0 0 0 0 0 0 0 4 0 0 0 1 0 0 1 0 1 1 0 0 0 0 0 20 0 0
577 CAG 0 0 6 0 1 1 1 0 0 0 0 2 0 2 0 0 55 9 188573 15 1 0 3 0 3 0 71 2 2 1 9 4 0 1 0 1 1 2 0 0 0 0 0 0 0 0 0 0 0 1 14 1 2 1 4 2 0 1 2 0 0 5 2 0
578 GCA 1 0 0 0 113 0 0 0 1 1 0 0 1 0 0 0 0 0 0 0 2 0 0 0 0 0 0 0 0 0 1 0 8 0 0 0 187836 2 18 4 1 1 4 2 33 2 0 1 1 0 0 0 8 1 0 0 0 0 1 2 0 0 1 0
579 AGA 25 0 2 0 1 2 0 0 188506 0 23 0 17 0 0 0 1 1 1 0 0 0 0 1 8 0 3 1 1 2 1 1 1 1 0 0 0 5 1 2 19 2 1 0 3 0 2 1 0 1 3 0 1 2 0 0 3 0 0 0 1 0 0 0
580 GTC 0 0 0 0 0 1 1 0 0 2 0 0 1 64 1 4 0 0 0 0 1 0 0 0 0 0 0 0 0 5 0 1 0 1 1 0 0 13 0 1 0 2 0 1 6 186217 2 13 0 1 0 0 0 0 1 0 0 1 0 0 0 10 1 1
581 CTA 1 0 0 0 1 3 2 5 0 1 0 1 11 1 0 3 3 3 1 2 10 3 0 2 2 1 1 1 187863 10 51 15 1 0 1 0 0 4 0 2 0 0 1 0 2 0 0 1 0 0 0 1 0 1 0 4 0 0 1 2 16 3 0 1
582 GCT 0 0 0 0 1 0 0 26 0 1 0 0 0 0 0 0 0 0 0 0 2 0 0 1 0 0 0 0 0 0 0 0 0 0 0 3 1 12 0 188604 0 1 0 1 0 0 0 12 0 0 0 0 1 1 0 5 0 0 0 0 0 0 0 0
583 GTG 0 0 0 0 0 0 1 0 0 0 0 0 0 2 22 0 0 2 0 0 1 1 2 0 0 0 0 1 1 3 1 2 0 0 0 0 2 4 49 0 0 0 1 0 26 12 188690 4 0 0 0 0 0 0 0 0 0 0 0 1 0 0 1 0
584 GAA 27 2 1 0 0 1 3 0 0 0 1 1 1 0 0 0 0 1 2 1 3 1 0 0 0 0 0 0 2 0 1 0 188393 2 18 1 1 0 0 0 18 0 0 0 4 0 0 0 3 0 0 0 1 0 0 0 0 0 0 1 0 0 1 0
585 AGA 13 3 4 1 0 0 0 1 188356 3 6 1 2 0 0 0 0 0 1 0 1 1 0 0 3 1 0 0 0 1 1 1 0 1 1 2 1 0 0 0 24 0 1 0 1 0 0 0 1 1 0 2 0 1 1 0 1 1 0 0 3 0 3 2
586 TAC 0 23 0 0 1 1 0 0 0 2 0 0 0 1 1 0 0 8 0 0 0 0 0 0 0 0 0 0 0 0 0 2 0 0 1 0 0 0 0 0 0 0 0 0 0 0 0 0 3 188165 3 15 0 0 2 0 0 23 1 0 0 1 0 0
587 CTA 0 0 0 0 0 3 0 0 0 0 0 0 2 0 0 0 1 0 0 0 29 1 3 1 0 1 0 0 188610 5 6 1 0 0 0 0 0 1 0 0 0 0 0 0 0 0 1 0 0 0 0 1 0 1 1 0 0 1 2 0 6 0 0 1
588 AAG 46 4 188643 20 2 0 13 2 0 4 64 4 9 10 20 7 0 1 1 2 0 0 0 0 0 3 4 8 2 3 5 5 0 2 6 0 0 4 2 2 0 0 0 0 0 0 4 2 1 5 0 8 0 0 0 0 0 3 7 5 5 1 11 8
589 GAT 0 0 0 35 2 1 4 2 1 2 1 1 1 2 3 0 1 1 0 3 0 1 0 0 1 0 1 3 1 0 2 1 6 17 0 186843 0 0 1 3 0 2 3 3 0 0 2 2 0 2 1 5 0 1 1 0 0 2 6 1 1 0 2 1
590 CAA 8 3 0 0 2 0 1 3 1 2 2 1 7 2 2 4 188080 2 13 4 0 0 0 1 44 0 5 2 6 4 0 1 6 1 0 0 3 1 5 6 1 0 0 0 1 3 7 5 26 0 0 1 3 0 2 2 1 2 5 2 8 2 0 3
591 CAG 0 0 2 0 1 0 1 0 0 2 1 0 0 0 1 0 59 4 187578 6 0 0 1 0 0 0 41 0 2 1 13 1 0 1 3 0 2 0 7 4 0 0 3 1 1 0 3 2 0 0 36 0 0 1 1 0 0 1 3 0 0 0 3 0
592 CTC 0 0 0 0 0 0 0 0 1 0 0 0 0 6 1 0 0 0 0 1 0 5 0 0 2 2 0 1 1 187889 0 12 0 0 0 0 0 0 1 0 0 0 0 0 0 4 0 0 0 0 0 0 0 2 0 0 0 2 0 0 0 17 0 0
593 CTA 0 3 0 0 1 0 0 0 2 1 0 2 8 1 3 0 2 0 0 1 35 2 2 0 2 2 0 0 188579 8 27 8 1 0 0 0 1 0 0 0 0 2 0 2 2 0 2 0 1 0 0 3 0 0 0 1 0 0 2 1 13 1 7 3
594 GGA 4 3 4 3 3 1 3 3 51 2 2 1 0 2 4 1 1 5 4 6 3 2 1 0 6 3 2 2 4 3 4 0 34 3 5 2 3 2 6 0 188585 4 14 3 11 4 3 0 1 1 0 5 7 4 8 2 5 0 6 0 3 1 1 4
595 ATT 0 1 1 5 2 0 0 11 0 0 4 4 11 6 10 188247 3 1 1 0 1 1 1 1 2 2 1 3 3 0 4 4 1 2 0 1 0 0 0 1 1 1 0 3 2 1 0 6 2 0 0 5 0 0 3 0 0 0 2 3 6 2 4 9
596 TGG 2 3 1 0 0 0 1 1 0 1 0 1 0 1 6 2 2 0 0 0 0 0 1 0 0 0 26 1 0 6 0 3 0 2 3 0 0 0 1 2 0 0 7 2 3 0 3 0 0 0 29 2 2 0 2 0 63 4 188697 15 4 7 11 3
597 GGC 1 2 0 0 4 2 0 0 1 30 0 0 0 0 1 2 0 0 0 1 2 2 3 0 0 5 1 1 0 0 0 0 0 69 0 0 4 5 2 0 21 188271 16 61 1 1 2 0 1 0 1 1 1 2 1 1 0 7 0 0 0 0 0 0
598 TGC 0 1 0 0 0 0 0 0 0 6 0 0 0 1 0 0 0 1 0 0 1 0 0 0 0 13 0 0 0 0 0 0 0 0 1 0 0 0 0 0 0 3 0 0 0 1 0 2 0 140 0 0 0 2 0 0 5 250400 2 52 0 1 0 0
599 TCT 1 0 0 0 0 0 6 43 0 0 1 0 3 2 0 0 2 1 0 2 0 0 0 20 1 3 1 0 1 4 2 3 0 1 1 0 0 0 0 4 2 0 1 1 3 1 2 4 0 2 0 9 13 154 13 224604 0 1 4 1 2 6 2 13
600 GGA 8 4 4 6 5 4 2 5 81 4 6 4 0 2 2 5 9 14 7 8 2 0 1 0 8 4 6 4 3 3 0 6 70 7 4 3 5 5 5 10 250097 25 28 19 6 2 3 2 4 5 6 2 4 15 7 5 5 0 11 5 2 8 9 6
601 AAA 245876 2 22 2 4 1 0 2 18 2 7 0 3 4 2 0 65 9 2 3 0 0 0 1 5 4 8 6 5 0 0 1 4 1 0 1 0 0 0 2 1 0 1 0 3 0 0 0 3 2 3 1 0 1 0 0 4 0 0 2 1 1 0 2
602 CTC 0 0 0 0 1 0 1 0 1 1 0 1 1 12 1 1 1 5 0 0 0 20 1 2 1 1 0 2 6 250272 5 23 0 1 0 1 0 0 0 0 0 0 1 0 0 2 0 1 1 1 1 2 0 0 0 1 1 1 0 1 1 29 0 0
603 ATC 0 8 1 0 1 13 0 3 0 1 0 1 11 250720 3 25 0 1 0 0 0 0 0 0 2 1 0 3 1 2 0 0 4 0 0 0 1 0 0 1 0 1 0 4 2 21 1 0 2 2 0 1 1 2 1 3 0 1 0 1 2 5 1 0
604 TGC 1 2 2 4 0 3 0 3 0 5 0 0 0 0 1 0 0 1 0 0 0 3 2 0 1 51 0 1 0 1 0 0 2 1 1 0 0 0 1 1 1 3 0 0 0 2 0 0 0 136 0 4 1 7 0 0 2 250350 2 104 0 3 0 0
605 ACC 0 5 0 2 4 250705 3 44 0 2 0 0 0 35 1 0 2 0 1 4 1 7 2 3 1 1 0 0 1 3 0 1 0 0 1 0 1 7 0 0 0 0 0 0 1 2 1 0 0 1 1 0 0 4 2 1 0 0 0 0 3 0 0 0
606 ACT 0 2 0 0 2 64 5 250183 0 1 0 3 0 0 1 19 0 0 0 1 0 0 0 1 0 1 0 0 0 0 0 0 0 0 0 1 0 0 0 4 1 0 0 0 1 0 0 2 0 0 0 0 0 0 0 0 0 0 1 0 0 0 0 0
607 AAT 52 16 3 250534 0 0 0 5 0 0 1 20 1 1 0 4 1 3 0 0 0 0 0 1 1 1 0 1 1 0 0 2 0 2 1 27 2 0 0 1 3 0 1 2 1 5 1 0 0 0 0 2 13 0 2 3 0 0 0 5 3 0 0 0
608 GTG 2 2 1 2 1 4 2 0 1 1 5 1 1 0 66 0 2 1 0 0 3 0 4 3 0 0 8 4 1 1 4 0 0 0 2 0 0 0 12 0 0 2 3 0 116 3 250277 10 4 0 3 1 1 2 1 1 2 0 2 0 0 0 2 2
609 CCC 7 1 3 2 0 3 0 0 4 0 1 1 2 1 1 1 1 8 0 0 16 250219 4 30 1 2 0 2 2 14 5 3 2 1 0 1 1 3 1 0 0 0 0 1 2 0 0 1 1 2 1 0 0 81 0 1 0 2 0 0 3 0 1 0
610 TGG 0 2 0 2 0 0 1 2 0 0 15 1 3 0 3 3 0 0 0 0 0 0 0 0 1 0 165 1 0 1 0 0 3 0 1 0 1 0 0 3 3 0 19 1 0 0 2 1 1 0 42 1 1 0 1 1 36 1 249953 6 0 0 7 2
611 AAC 11 246276 10 58 2 2 1 0 4 21 15 9 2 3 3 1 2 4 4 0 0 0 1 0 3 1 8 3 1 2 0 0 5 8 4 3 3 2 1 0 4 0 10 1 1 0 6 0 1 3 3 0 2 3 6 2 0 3 4 6 1 1 6 1
612 TCT 7 6 15 4 4 3 5 4 6 4 6 5 6 6 2 3 10 4 3 2 5 12 8 32 6 7 5 4 5 4 4 1 13 6 3 4 5 4 9 4 5 4 7 1 4 6 3 9 0 2 2 33 21 26 6 249964 1 3 1 7 4 5 6 32
613 AGT 7 3 5 46 5 5 3 11 37 20 26 249957 8 2 2 17 10 8 5 2 0 1 3 2 5 5 6 4 5 0 11 3 6 5 9 5 6 8 17 10 6 1 13 71 6 3 3 10 1 2 0 3 10 3 1 1 2 4 6 19 9 1 4 8
614 TGG 2 0 0 4 3 1 4 0 2 1 10 0 3 2 1 3 0 3 2 1 2 0 3 0 0 0 13 3 0 1 1 2 1 1 0 1 1 0 1 2 3 1 2 2 3 2 2 1 3 1 44 0 0 0 4 1 36 1 250403 4 1 2 6 7
615 AGT 1 2 0 103 2 1 1 2 14 60 0 249673 0 0 0 5 0 0 2 0 0 0 0 0 1 0 2 3 2 0 2 2 0 1 1 0 0 0 1 2 2 0 3 62 0 2 4 7 0 0 0 0 4 2 4 3 2 0 1 9 0 0 0 3
616 AAT 15 40 8 250072 7 2 4 1 1 5 5 18 2 2 2 5 2 2 0 10 1 2 1 3 3 2 4 1 0 1 0 0 2 1 1 1 9 5 1 3 1 5 5 4 2 0 0 2 1 0 2 9 0 0 2 1 1 0 0 2 0 0 4 0
617 AAA 249394 4 6 4 8 0 0 0 15 0 4 1 4 0 0 2 1 2 0 3 1 2 2 1 0 6 4 2 1 1 0 1 62 2 0 0 2 0 2 0 1 0 0 0 0 1 0 3 1 0 1 0 0 0 0 2 1 0 0 1 3 1 3 2
618 TCC 6 2 3 3 8 19 9 7 3 6 5 14 3 2 4 3 1 1 4 1 1 13 3 2 3 4 6 2 1 0 0 1 1 3 2 1 4 4 5 2 2 5 6 4 1 5 0 1 6 1 1 1 20 249727 6 30 0 1 4 4 4 11 2 2
619 CAG 0 1 6 2 6 3 4 3 0 0 1 3 8 12 10 5 59 12 249798 28 0 4 14 2 2 0 103 1 16 3 14 10 4 0 7 2 1 2 3 4 2 5 6 2 11 9 10 5 3 7 22 8 3 6 2 1 0 4 6 10 12 3 8 8
620 GAT 3 1 7 68 6 8 4 4 6 5 6 5 8 6 6 9 8 14 8 8 5 6 1 3 6 5 5 2 2 0 5 4 22 20 8 246944 9 12 14 8 4 1 10 15 10 6 4 9 5 14 2 11 10 7 6 10 2 5 3 3 4 4 4 9
621 GAG 14 2 80 4 15 6 2 6 4 4 4 8 4 6 4 11 3 4 9 8 1 0 0 0 6 4 7 3 5 3 1 1 84 6 247276 14 5 7 18 3 0 1 76 1 6 6 24 8 5 5 7 8 13 6 6 14 3 3 4 4 6 8 10 14
622 ATA 8 1 1 3 10 0 1 4 5 0 0 3 249480 2 23 15 0 0 1 1 0 0 4 2 2 0 2 0 1 3 2 2 0 1 2 1 3 0 0 2 1 1 4 3 14 2 3 4 3 0 0 3 0 0 3 0 0 2 2 2 4 4 1 0
623 TGG 2 2 5 3 0 2 2 1 2 1 21 2 1 1 1 0 0 2 3 6 4 3 0 0 5 2 10 1 3 0 2 0 1 1 3 0 3 0 1 0 2 3 2 2 2 0 1 0 5 0 52 3 0 0 1 0 43 3 250047 16 0 4 23 7
624 GGA 8 7 5 2 3 8 4 6 80 4 8 8 2 0 6 1 2 7 6 10 5 2 1 3 8 4 5 9 9 6 7 3 94 6 11 2 9 7 1 3 249222 10 43 21 9 0 2 5 4 2 3 1 6 6 3 4 8 2 10 7 9 9 3 8
625 AAC 26 248009 8 91 16 15 6 11 12 48 7 7 2 10 2 8 7 23 8 6 2 3 3 0 10 6 4 6 5 6 5 7 9 17 3 4 3 5 10 12 6 13 8 8 6 3 9 12 6 9 0 13 10 11 6 3 4 2 3 3 11 11 12 19
626 ATG 1 4 8 0 10 15 64 12 1 2 4 2 46 3 249294 14 1 2 2 0 3 0 0 1 1 1 4 2 3 4 14 5 0 3 2 0 0 1 2 2 9 0 4 3 1 0 43 3 5 1 2 10 0 0 2 2 2 1 3 3 0 4 20 3
627 ACC 2 9 2 1 37 249863 12 44 1 8 2 8 3 34 0 0 1 1 3 2 2 3 3 1 0 4 0 1 1 1 1 4 1 3 2 2 2 46 4 2 8 4 5 3 2 2 1 2 0 2 1 0 5 9 6 3 4 3 1 1 0 1 0 1
628 TGG 1 1 7 2 4 4 1 3 10 5 13 3 3 0 4 1 2 3 5 4 3 2 2 2 3 3 13 5 4 2 4 3 2 1 3 2 3 1 4 3 3 4 8 3 2 1 6 3 7 3 52 5 1 2 3 0 100 6 245795 8 4 1 9 3
629 CTG 8 5 5 5 0 1 1 1 7 4 7 6 3 6 33 5 4 4 29 6 3 2 40 3 6 10 18 8 327 12 245707 16 2 0 3 1 1 3 7 9 3 6 6 2 4 4 4 4 1 1 2 2 4 4 2 5 2 6 1 3 8 1 127 8
630 CAA 54 3 5 1 8 3 3 1 4 9 5 6 2 1 15 1 248442 4 32 18 2 3 1 5 34 1 4 3 5 2 3 5 13 7 10 9 7 12 9 9 1 4 4 4 3 0 1 1 114 3 2 1 0 7 4 5 3 2 1 3 2 0 3 2
631 TGG 5 1 0 1 1 1 0 0 3 0 17 2 3 0 3 0 1 0 3 3 3 0 2 1 6 0 11 1 1 0 2 0 0 1 4 0 0 0 3 0 6 4 7 4 3 0 4 0 1 2 54 0 4 0 5 3 37 2 247460 13 2 2 26 1
632 GAT 3 3 1 84 5 16 9 11 5 7 6 28 5 4 8 2 6 8 7 11 2 2 2 2 3 0 7 5 0 6 4 4 8 28 6 248060 14 13 12 8 16 3 13 40 12 4 10 23 2 11 5 17 7 11 14 23 3 4 6 12 2 4 4 2
633 AAA 248345 13 75 10 3 1 7 3 36 1 5 2 4 7 3 2 15 5 3 6 0 0 0 1 1 5 8 7 2 5 3 5 35 2 6 3 5 7 8 5 1 7 6 2 7 4 6 3 6 12 6 4 1 5 6 2 1 0 4 1 3 6 8 3
634 GAA 42 2 0 0 6 7 2 4 1 3 1 2 3 6 3 6 4 7 7 5 2 1 2 3 2 3 2 5 9 10 9 8 245669 6 18 5 3 6 5 1 8 2 3 4 9 9 11 11 16 5 2 6 2 6 2 3 2 2 3 8 8 0 5 0
635 GTT 2 2 1 0 0 8 6 7 0 1 1 5 19 10 5 100 1 0 1 2 4 1 2 0 3 0 2 0 7 2 6 10 6 2 2 15 1 1 1 11 2 1 3 4 26 16 21 244813 4 1 2 1 1 6 1 0 2 1 4 0 7 1 6 7
636 AGC 16 142 10 4 5 11 3 5 38 246882 16 263 9 8 2 5 2 5 4 5 0 2 1 4 14 10 7 6 5 4 3 1 3 1 3 1 3 4 5 9 4 54 14 10 3 13 6 5 4 4 2 1 4 0 10 6 2 12 4 14 2 3 7 11
637 AAT 51 25 4 248806 6 1 2 4 7 7 3 17 8 0 2 10 1 3 8 10 3 1 3 1 4 1 7 7 3 5 7 4 7 7 2 7 6 5 7 4 7 6 6 3 8 2 8 4 3 2 4 15 6 4 2 5 6 1 2 1 2 2 8 2
638 TAC 3 19 2 2 0 1 0 1 0 1 2 2 5 3 1 1 0 19 0 6 2 3 1 0 1 0 0 2 5 1 0 0 2 1 1 0 1 7 2 5 1 5 2 4 7 3 11 8 10 245566 6 77 5 7 5 1 0 23 3 5 0 10 1 7
639 ACA 20 2 4 2 246518 8 36 10 5 4 10 3 52 1 2 2 0 8 1 2 2 0 1 1 4 2 7 2 1 0 5 3 3 0 7 2 17 2 4 3 2 0 3 2 2 2 5 4 3 5 2 4 7 2 2 3 0 1 2 7 1 4 6 1
640 CAG 3 3 15 4 1 3 1 0 0 1 2 5 3 1 0 0 56 2 246751 10 4 1 4 0 4 2 57 3 0 1 10 2 1 5 11 11 5 2 4 1 2 1 0 1 0 1 2 3 0 1 38 3 1 1 7 7 0 0 0 0 0 1 1 0
641 ATA 26 1 3 4 21 5 4 2 3 2 3 2 242737 3 28 9 5 7 4 1 0 1 0 2 1 1 1 2 2 4 7 4 1 5 4 1 2 1 5 2 5 5 6 2 9 3 4 7 2 2 1 2 3 3 7 4 0 3 6 6 4 6 5 2
642 ATA 29 1 1 4 10 5 0 1 5 1 1 1 244769 4 7 9 2 1 0 1 1 2 5 1 0 1 3 4 1 0 0 0 0 1 0 2 2 0 0 1 0 1 2 2 5 0 1 0 4 2 1 2 2 0 0 4 2 0 0 0 7 3 1 0
643 TAT 0 1 0 10 3 1 1 4 2 2 3 0 0 0 2 1 2 1 2 11 0 2 0 0 0 2 5 1 4 3 3 2 4 3 1 5 1 1 0 0 1 1 1 2 0 0 2 2 61 31 7 245288 0 0 3 2 3 0 16 9 8 5 3 25
644 ACT 9 6 7 22 18 20 12 228098 3 1 8 13 2 3 4 61 6 2 1 8 2 2 0 2 2 4 2 1 6 2 13 10 5 10 5 4 3 4 6 39 4 7 9 1 4 4 2 2 1 6 4 6 8 2 5 18 0 3 4 1 6 4 9 7
645 CTA 1 4 0 0 0 2 2 0 11 2 4 1 43 1 6 2 12 2 2 2 20 0 3 2 4 3 1 4 235311 7 23 7 1 3 2 1 3 8 0 11 0 0 0 2 2 1 0 0 2 2 1 7 0 2 3 3 4 0 0 2 45 1 15 5
646 ATT 1 1 2 3 4 2 0 9 2 1 0 1 14 12 17 229242 2 1 1 3 0 3 1 2 1 0 0 3 2 6 6 4 1 0 1 2 0 0 0 1 1 1 1 2 6 3 4 12 1 0 0 0 0 0 0 0 0 1 0 0 6 1 17 7
647 GAA 69 0 3 3 3 0 1 1 3 8 1 4 3 0 2 1 3 1 0 0 0 0 2 1 0 1 1 3 3 1 0 3 229336 9 81 9 7 2 3 0 38 5 5 3 2 2 2 1 11 6 1 4 2 3 1 2 3 0 3 2 2 5 1 3
648 GAA 64 1 4 6 1 2 1 4 5 4 5 1 10 7 4 3 5 5 2 3 0 1 0 1 0 0 2 1 5 2 7 5 227569 4 11 8 2 8 1 4 6 9 4 1 13 2 2 5 15 4 2 14 7 2 2 4 2 5 4 2 4 9 5 12
649 TCG 3 0 1 0 0 0 9 1 2 0 4 4 0 4 0 0 1 0 2 3 2 0 3 0 0 0 0 2 1 1 1 0 0 0 0 1 2 2 1 0 0 0 0 0 0 1 1 1 0 1 8 2 239 3 191991 9 0 0 1 2 1 0 58 1
650 CAG 1 8 2 3 2 4 1 0 6 0 1 1 0 0 5 1 66 1 214997 14 1 0 1 0 4 1 109 5 1 1 13 0 5 0 9 1 6 4 7 4 0 0 2 2 4 2 5 2 1 4 43 6 3 1 4 2 0 1 3 1 1 7 0 7
651 AAC 8 235791 2 47 0 10 4 3 9 11 1 2 4 6 3 2 1 3 3 1 2 1 0 0 1 1 3 3 1 5 1 4 6 11 1 2 1 5 2 3 2 3 7 3 2 8 0 7 1 5 0 3 3 2 3 1 0 2 2 0 5 2 1 3
652 CAG 6 1 10 1 4 1 1 1 1 0 2 3 0 2 1 3 99 6 124541 3 0 1 0 0 0 3 15 3 2 0 4 3 0 0 1 4 3 0 2 1 0 0 1 1 2 3 9 0 1 1 17 1 1 0 2 0 0 1 7 1 1 1 11 1
653 CAA 12 4 1 2 0 0 0 0 0 2 0 0 1 4 1 8 141649 0 8 0 1 0 1 0 3 0 2 1 3 1 0 5 4 1 3 1 1 3 2 8 0 1 1 1 1 1 1 5 50 2 1 0 1 2 1 2 0 0 0 0 2 0 4 1
654 GAA 403 2 2 1 1 1 0 0 3 0 0 5 2 1 0 2 4 0 0 1 0 0 0 1 2 0 0 1 1 1 1 0 190626 2 7 9 5 2 0 1 7 0 0 1 3 0 0 2 6 0 0 0 0 1 0 1 0 0 2 0 2 0 0 2
655 AAA 220163 7 7 9 1 1 5 2 11 2 2 4 13 6 11 3 9 8 4 1 0 2 0 1 4 4 2 7 7 5 2 4 4 1 1 0 1 2 5 6 1 0 4 0 5 1 2 9 1 5 1 4 2 10 2 2 2 2 2 2 10 4 10 7
656 AAT 28 12 8 220679 7 2 2 3 1 4 1 9 3 1 1 53 1 3 5 9 0 0 0 3 7 2 1 3 5 1 0 3 2 3 1 14 1 3 3 5 0 0 4 0 2 2 2 6 4 3 3 10 4 4 4 7 1 1 2 2 4 2 2 2
657 GAA 67 3 7 4 4 2 3 0 4 0 2 5 4 1 4 6 4 3 2 3 0 1 0 0 2 0 3 2 4 1 3 6 226443 3 24 4 6 5 4 4 21 2 7 3 4 0 3 3 10 1 3 10 8 6 2 4 13 1 6 1 3 4 2 14
658 CAA 26 4 9 7 10 2 1 0 1 5 4 3 4 4 7 7 176082 20 22 10 0 0 0 1 16 1 2 2 12 6 8 6 5 2 1 1 0 1 5 3 1 3 2 3 7 6 7 8 24 4 0 9 5 3 4 6 3 1 23 5 6 8 15 16
659 GAC 7 61 1 10 3 7 4 6 3 0 1 3 2 7 6 2 5 4 1 1 1 0 0 0 0 2 1 0 2 1 2 1 22 194456 8 32 7 2 5 6 0 5 4 1 7 6 3 9 4 9 0 2 3 2 1 7 2 2 1 7 3 0 0 2
660 TTA 3 0 2 2 0 0 2 0 1 0 0 2 22 0 6 0 4 0 1 1 1 1 0 1 1 0 0 1 23 6 5 8 11 1 0 1 1 2 2 2 0 3 0 0 2 1 0 3 4 2 0 7 9 0 0 2 8 0 2 1 223388 1 12 7
661 TTA 0 0 1 5 1 1 0 0 0 0 1 0 25 0 3 2 9 3 2 0 2 0 0 2 2 1 0 0 18 5 0 2 5 0 1 3 2 0 0 0 1 0 0 0 7 2 0 0 4 6 1 9 7 1 1 1 1 2 1 2 225128 12 51 14
662 GCA 5 0 7 2 85 0 5 5 3 11 1 19 8 0 3 5 4 0 7 3 7 0 0 4 5 4 0 3 0 1 2 0 32 1 8 1 228191 4 17 21 5 4 4 12 63 2 6 7 5 0 4 1 16 3 16 4 3 0 1 9 5 1 3 3
663 TTG 0 1 2 4 1 3 1 0 1 5 1 0 3 3 19 4 6 0 2 0 1 0 4 1 3 2 2 0 3 9 21 4 2 1 1 12 0 1 3 1 4 3 5 4 3 2 8 1 2 0 6 4 3 4 22 3 3 0 16 3 64 14 188619 36
664 GAC 0 91 3 7 7 6 3 5 0 6 3 18 1 1 3 1 1 6 4 4 2 4 0 1 0 2 1 3 4 1 1 3 64 236203 16 71 4 2 5 3 7 57 3 13 6 1 6 2 4 9 0 1 5 5 1 4 3 1 3 3 3 1 1 0
665 AAG 89 5 242720 17 0 1 23 11 8 8 71 5 1 4 23 3 8 4 2 1 0 2 1 2 2 2 7 3 0 1 2 3 2 4 37 3 4 6 13 3 2 1 2 3 2 3 6 5 2 2 5 5 2 2 5 2 3 2 2 2 3 2 1 6
666 TGG 0 0 1 1 0 0 1 0 1 0 7 1 0 3 1 1 2 1 1 1 0 2 0 0 3 0 13 1 0 0 3 2 2 1 1 0 0 0 0 0 1 1 4 1 0 0 6 1 2 3 52 2 1 0 1 0 21 4 226501 7 1 0 7 2
667 GCA 1 3 6 2 178 7 3 5 6 1 6 2 4 3 1 4 1 2 5 7 1 0 0 0 4 1 7 3 2 0 2 2 8 6 3 6 174216 8 22 9 16 4 6 6 236 3 8 5 3 4 4 3 4 0 2 4 2 4 2 4 6 1 1 1
668 AGT 0 5 2 57 3 1 4 4 5 20 5 202971 2 3 9 10 9 3 4 0 3 1 0 1 2 2 1 0 2 1 1 4 0 2 2 4 3 3 2 3 3 0 6 15 7 6 11 4 3 4 0 2 10 5 1 7 1 5 2 4 8 2 4 4
669 CTG 1 0 0 0 2 0 1 4 0 3 6 2 1 1 6 3 3 0 8 1 3 2 79 1 0 0 8 2 124 6 203610 6 1 0 5 3 0 1 1 4 3 2 4 4 2 1 3 4 1 1 3 1 2 2 0 2 4 2 3 1 4 0 33 3
670 TGG 3 4 1 2 2 3 0 1 1 0 5 4 7 3 15 11 2 1 1 1 0 0 0 0 3 2 58 0 5 0 7 4 2 0 8 3 1 2 5 6 3 5 6 11 3 1 22 8 1 6 34 2 2 3 4 6 38 7 239087 22 6 8 15 17
671 AAT 4 16 4 247387 8 3 4 1 1 13 5 11 3 1 3 5 3 1 3 3 0 0 3 1 2 2 6 0 1 2 3 2 6 2 1 11 2 3 7 1 7 6 12 4 1 2 6 0 1 3 0 1 7 1 8 1 2 2 5 3 2 0 3 2
672 TGG 0 4 2 1 1 1 2 0 3 1 4 1 2 1 4 3 3 2 0 1 1 5 1 1 4 2 17 1 2 1 2 2 2 1 0 2 3 3 6 4 2 1 5 4 2 2 2 0 3 7 47 1 4 3 0 4 48 2 237832 4 1 1 8 2
673 TTT 7 1 4 0 2 2 2 2 0 3 3 1 2 4 5 6 1 4 0 5 1 4 1 2 1 6 3 2 2 2 0 19 2 3 0 0 3 3 0 5 2 0 0 2 2 0 1 4 3 1 4 34 0 0 3 14 2 4 11 9 1 30 2 245359
674 AAC 39 246659 9 59 4 14 1 12 2 89 12 13 4 10 7 2 9 9 14 15 1 0 1 0 4 6 8 11 5 4 2 2 7 38 8 4 7 4 9 7 3 5 24 4 4 1 3 4 2 11 6 4 3 9 6 1 3 4 5 17 1 2 3 0
675 ATC 1 2 1 2 1 30 2 4 0 2 2 1 23 244671 4 49 4 1 0 0 1 1 1 2 3 2 2 5 9 5 6 11 3 1 5 1 0 0 1 3 1 2 6 4 2 20 3 5 2 8 2 1 1 3 3 4 5 4 5 5 6 10 9 0
676 TCA 1 0 1 0 30 6 12 9 1 2 4 6 8 4 4 11 3 0 1 0 52 0 1 0 1 1 2 0 4 5 4 8 1 2 3 1 6 6 7 7 3 6 7 4 38 7 9 16 8 1 1 3 245930 12 39 15 1 2 1 1 29 0 3 5
677 CAA 31 5 1 2 2 3 4 5 7 5 8 4 1 5 14 7 247896 10 41 10 2 1 1 0 41 7 8 2 20 2 5 4 8 5 5 0 3 2 4 3 2 1 6 2 3 4 5 2 36 5 0 7 6 3 6 4 0 0 2 2 3 5 6 3
678 TGG 1 0 0 0 0 0 0 0 1 0 1 0 0 0 0 0 0 0 4 0 0 1 1 1 1 1 6 0 0 0 2 0 0 0 0 0 0 1 0 2 1 0 6 0 3 0 1 0 0 0 38 3 0 0 0 0 94 0 244830 9 0 1 8 1
679 CTG 0 0 1 0 1 0 0 0 1 0 3 1 0 0 11 0 2 0 3 3 0 0 20 0 0 0 3 0 81 3 228863 8 2 0 2 1 2 3 1 0 1 0 0 2 1 0 3 0 1 2 0 0 1 2 0 0 3 2 1 2 0 0 60 2
680 TGG 1 6 2 2 0 1 2 1 1 3 1 2 0 1 3 0 0 2 1 0 1 2 0 1 0 3 8 0 0 0 1 1 3 1 2 0 2 1 2 2 1 1 5 3 0 1 3 1 2 8 22 1 2 0 7 2 69 4 235309 6 2 4 10 2
681 TAT 2 2 2 9 1 4 0 1 1 0 1 1 1 2 1 0 1 1 1 38 0 0 0 0 4 2 2 4 5 0 0 4 4 0 1 2 0 0 3 1 2 0 4 2 5 2 5 0 5 44 2 249917 1 0 2 1 5 1 3 12 0 5 0 5
682 ATA 4 2 1 1 7 4 5 2 2 4 6 11 250009 7 12 3 3 5 6 0 0 0 4 1 2 4 4 0 7 8 2 1 1 1 1 0 0 0 1 1 2 0 2 0 13 4 2 2 4 3 3 1 5 5 7 1 2 8 3 2 1 2 4 1
683 AAG 58 3 249384 4 1 1 3 1 7 0 23 2 2 1 7 3 4 4 8 7 0 1 1 0 10 10 10 5 0 1 0 0 0 1 19 3 1 0 2 2 1 2 1 2 2 0 4 0 2 2 7 6 3 1 1 0 2 0 5 0 1 2 2 3
684 ATA 15 7 1 4 13 2 6 5 2 1 0 4 249473 9 18 10 4 4 4 4 2 3 0 2 2 2 4 0 7 8 5 8 3 1 1 2 2 3 2 3 3 2 12 7 16 4 5 7 1 9 3 9 7 7 7 3 3 6 7 4 5 2 14 3
685 TTT 0 5 0 12 10 4 2 1 3 6 3 15 6 11 9 19 8 1 3 5 1 3 1 2 1 2 0 0 1 2 5 21 0 0 5 0 13 7 8 7 5 7 4 5 7 3 4 16 3 4 2 23 4 5 3 20 2 8 11 13 33 29 6 248477
686 ATA 18 7 3 14 24 3 1 7 4 0 4 5 249142 17 23 28 1 9 2 7 2 1 3 2 0 0 0 5 7 11 4 7 1 2 5 5 3 6 8 1 4 0 4 5 16 9 17 13 3 12 1 7 2 4 4 4 1 7 15 11 18 6 11 9
687 ATA 20 4 7 5 17 1 0 5 2 1 2 1 249422 5 33 4 5 1 3 3 1 1 1 0 1 0 1 0 0 4 2 0 6 0 3 1 3 2 0 6 4 4 0 2 16 3 4 1 0 3 1 1 0 4 3 0 1 2 3 1 8 3 2 5
688 ATA 7 3 3 2 8 5 2 3 1 6 1 1 248753 7 74 5 3 0 2 2 0 3 0 2 0 0 0 0 2 5 3 6 2 0 1 2 5 0 5 1 2 2 4 4 17 4 3 2 2 3 2 1 4 2 2 0 0 6 4 7 9 4 13 5
689 GTA 3 1 1 5 1 3 2 2 0 5 2 1 77 2 0 1 4 2 6 1 0 0 1 0 0 0 2 1 4 2 5 1 18 1 0 0 15 2 4 4 9 0 9 4 249775 5 80 5 1 3 0 1 2 3 1 4 0 4 6 4 14 3 4 0
690 GGA 6 1 0 1 8 4 1 7 34 4 2 5 5 2 3 5 0 3 3 3 4 1 3 5 1 2 2 0 1 5 1 2 41 0 2 2 9 0 2 4 249311 7 83 17 12 5 2 9 2 3 1 1 7 11 6 5 5 1 1 4 2 7 2 2
691 GGC 0 3 0 5 0 1 1 0 0 79 0 1 0 0 5 3 1 7 5 1 1 2 2 4 0 0 0 0 6 5 1 2 3 104 2 4 8 8 4 5 22 246523 13 56 1 6 6 6 0 0 0 5 2 2 2 2 1 19 16 7 8 2 0 8
692 TTA 4 0 0 2 5 7 1 1 2 5 2 6 69 3 0 5 4 4 3 3 2 4 5 2 2 1 0 2 42 2 4 0 3 2 3 0 1 2 4 3 3 4 10 8 13 6 12 5 20 5 0 14 63 2 2 1 2 8 6 5 249557 15 20 17
693 ATA 11 3 0 0 9 7 6 6 1 4 2 4 250054 5 69 6 2 4 4 0 5 1 2 0 1 0 0 3 6 7 7 6 2 0 9 0 10 2 5 5 5 8 9 5 15 4 4 3 0 4 1 3 2 7 1 4 2 9 5 8 9 3 3 3
694 GGA 1 2 3 8 12 4 5 2 47 8 2 4 8 8 0 3 5 5 5 0 10 0 4 6 2 2 3 1 4 6 1 8 46 1 1 2 9 7 17 5 249087 12 24 25 20 8 1 8 2 7 0 4 1 8 4 10 30 6 11 14 7 7 5 9
695 TTA 9 10 5 8 2 8 3 6 1 5 1 12 17 3 0 4 4 4 4 1 7 9 2 3 4 7 3 5 21 3 6 3 10 4 2 0 6 5 7 6 11 7 18 16 11 10 3 18 11 7 2 8 26 5 15 12 3 3 6 5 249442 9 41 18
696 AGA 65 9 11 8 4 1 8 8 249654 2 21 6 7 3 0 9 8 6 8 6 9 14 2 6 5 4 8 16 5 4 2 9 4 1 2 1 5 5 5 6 24 11 12 12 9 8 5 7 3 1 4 7 3 4 6 6 4 6 15 5 11 8 8 11
697 ATA 3 2 1 1 13 6 4 1 1 6 1 6 249247 11 46 12 0 0 0 2 4 2 2 1 5 0 1 1 10 14 3 6 1 1 0 2 5 7 3 2 2 4 6 7 15 8 7 16 3 0 0 7 3 7 11 5 0 10 7 7 10 12 8 8
698 GTT 0 3 3 2 1 3 7 8 7 5 4 7 2 3 6 59 2 3 2 6 12 0 3 2 2 0 0 2 4 3 12 10 5 1 3 4 9 2 3 24 12 4 21 11 19 28 13 249040 0 12 3 6 2 6 3 7 4 9 10 16 9 14 6 21
699 TTT 8 2 9 1 7 6 8 0 3 7 10 6 3 1 2 9 1 0 5 2 3 1 5 2 6 11 5 5 2 4 5 18 7 2 7 7 5 4 8 1 9 6 14 9 4 4 11 12 1 0 0 30 6 8 2 18 3 3 6 8 4 19 7 248390
700 GCA 2 2 4 2 154 2 2 8 0 9 7 3 1 2 6 2 2 4 3 2 5 4 6 2 2 4 2 4 14 4 3 5 13 7 2 1 249184 13 106 28 9 7 6 2 385 4 5 9 1 9 4 6 13 0 0 9 0 7 4 12 4 8 6 2
701 GTG 0 0 0 0 2 4 4 7 0 4 1 7 6 4 92 5 1 1 1 0 0 1 0 2 3 1 1 1 6 5 9 6 0 1 12 0 4 5 18 3 8 5 18 5 397 7 248768 10 1 0 5 3 6 6 3 4 2 4 2 10 10 5 14 7
702 CTT 1 5 5 15 11 12 6 11 6 4 7 1 12 3 8 22 8 7 7 20 6 11 4 42 7 17 9 23 19 41 13 245930 3 4 4 3 4 1 8 5 6 4 12 6 8 7 2 12 5 8 2 6 8 4 2 5 1 6 7 4 8 6 2 70
