# POSITION WT AAA AAC AAG AAT ACA ACC ACG ACT AGA AGC AGG AGT ATA ATC ATG ATT CAA CAC CAG CAT CCA CCC CCG CCT CGA CGC CGG CGT CTA CTC CTG CTT GAA GAC GAG GAT GCA GCC GCG GCT GGA GGC GGG GGT GTA GTC GTG GTT TAA TAC TAG TAT TCA TCC TCG TCT TGA TGC TGG TGT TTA TTC TTG TTT
32 GGA 0 0 0 0 0 0 0 0 93 0 0 0 0 0 0 0 0 0 0 0 0 0 0 0 2 0 0 0 0 0 0 0 50 0 0 0 0 0 0 0 253278 0 8 0 1 0 0 0 0 0 0 0 0 0 0 0 5 0 0 0 0 0 0 0
33 AAC 5 254141 3 16 0 0 0 0 0 7 0 0 0 1 0 0 0 0 0 0 0 0 0 0 0 0 0 0 0 0 0 0 0 1 0 0 0 0 0 0 0 0 0 0 0 0 0 0 0 2 0 0 0 0 0 0 0 0 0 0 0 0 0 0
34 TTG 0 0 0 0 0 0 0 0 0 0 0 0 0 0 3 0 0 0 0 0 0 0 0 0 0 0 0 0 0 0 22 0 0 0 0 0 0 0 0 0 0 0 0 0 0 0 2 0 0 0 1 0 0 0 39 0 0 0 2 0 37 0 254041 4
35 TGG 0 0 0 0 0 0 0 0 0 0 2 0 0 0 0 0 0 0 0 0 0 0 0 0 0 0 4 0 0 0 0 0 0 0 0 0 0 0 0 0 0 0 3 0 0 0 0 0 0 0 28 0 0 0 2 0 45 0 254071 4 0 0 11 0
36 GTT 0 0 0 0 0 0 0 0 0 0 0 0 0 0 0 93 0 0 0 0 0 0 0 0 0 0 0 0 0 0 0 1 0 0 0 5 0 0 0 22 0 0 0 0 0 17 0 252206 0 0 0 0 0 0 0 0 0 0 0 0 0 0 0 5
37 ACT 0 0 0 25 11 28 5 253819 0 0 0 6 0 0 0 71 0 0 0 0 0 0 0 0 0 0 0 0 0 0 0 0 0 0 0 0 0 0 0 14 0 0 0 0 0 0 0 0 0 0 0 0 0 0 0 1 0 0 0 0 0 0 0 0
38 GTC 0 1 0 0 0 0 0 0 0 0 0 0 0 126 0 0 0 0 0 0 0 0 0 0 0 0 0 0 0 7 0 0 0 0 0 0 0 17 0 0 0 3 0 0 25 253499 4 43 0 0 0 0 0 0 0 0 0 0 0 0 0 13 0 0
39 TAC 0 6 0 0 0 0 0 0 0 0 0 0 0 0 0 0 0 13 0 0 0 0 0 0 0 0 0 0 0 0 0 0 0 0 0 0 0 0 0 0 0 0 0 0 0 0 0 0 21 253499 3 34 0 1 0 0 0 6 0 0 0 2 0 0
40 TAT 0 0 0 8 0 0 0 0 0 0 0 0 0 0 0 0 0 0 0 33 0 0 0 0 0 0 0 0 0 0 0 0 0 0 0 2 0 0 0 0 0 0 0 0 0 0 0 0 2 11 0 254089 0 0 0 0 0 0 0 7 0 0 0 0
41 GGG 0 0 0 0 0 0 0 0 0 0 37 0 0 0 0 0 0 0 0 0 0 0 0 0 0 0 0 0 0 0 0 0 0 0 44 0 0 0 1 0 53 0 251846 5 0 0 15 0 0 0 0 0 0 0 0 0 0 0 5 0 0 0 0 0
42 GTG 0 0 0 0 0 0 0 0 0 0 0 0 0 0 62 0 0 0 0 0 0 0 0 0 0 0 0 0 0 0 0 0 0 0 2 0 0 0 11 0 0 0 2 0 140 2 251717 8 0 0 0 0 0 0 0 0 0 0 0 0 0 0 1 0
43 CCT 0 0 0 0 0 0 0 7 0 0 0 0 0 0 0 0 0 0 0 23 18 122 18 250133 0 0 0 2 0 0 0 32 0 0 0 0 0 0 0 5 0 0 0 0 0 0 0 0 0 0 0 0 0 0 0 110 0 0 0 0 0 0 0 0
44 GTG 0 0 0 0 0 0 0 0 0 0 0 0 0 0 69 0 0 0 0 0 0 0 0 0 0 0 0 0 0 0 1 0 0 0 2 0 0 0 23 0 0 0 2 0 75 1 247728 2 0 0 0 0 0 0 0 0 0 0 0 0 0 0 7 0
45 TGG 0 0 0 0 0 0 0 0 0 0 5 0 0 0 0 0 0 0 0 0 0 0 0 0 0 0 15 0 0 0 0 0 0 0 0 0 0 0 0 0 0 0 4 0 0 0 0 0 0 0 38 0 0 0 1 0 27 2 253313 5 0 0 12 0
46 AAG 94 2 249399 38 0 0 12 0 0 0 67 0 0 0 15 0 0 0 2 0 0 0 0 0 0 0 0 0 0 0 0 0 0 0 51 0 0 0 0 0 0 0 0 0 0 0 0 0 0 0 4 0 0 0 0 0 0 0 0 0 0 0 0 0
47 GAC 0 68 0 0 0 0 0 0 0 0 0 0 0 0 0 0 0 2 0 0 0 0 0 0 0 0 0 0 0 0 0 0 13 252258 0 61 0 1 0 0 0 24 0 0 0 2 0 0 0 6 0 0 0 0 0 0 0 0 0 0 0 0 0 0
48 GCA 0 0 0 0 252 0 0 0 0 0 0 0 0 0 0 0 0 0 0 0 0 0 0 0 0 0 0 0 0 0 0 0 10 0 0 0 250879 4 44 5 0 0 0 0 50 0 0 0 0 0 0 0 5 0 0 0 0 0 0 0 0 0 0 0
49 GAG 0 0 33 0 0 0 0 0 0 0 0 0 0 0 0 0 0 0 0 0 0 0 0 0 0 0 0 0 0 0 0 0 67 2 251445 3 0 0 0 0 0 0 27 0 0 0 0 0 0 0 3 0 0 0 0 0 0 0 0 0 0 0 0 0
50 ACC 0 5 0 0 4 250325 0 27 0 0 0 0 0 28 0 0 0 0 0 0 0 0 0 0 0 0 0 0 0 0 0 0 0 0 0 0 0 7 0 0 0 0 0 0 0 0 0 0 0 0 0 0 0 0 0 0 0 0 0 0 0 0 0 0
51 ACT 0 0 0 17 2 16 3 250620 0 0 0 6 0 0 0 41 0 0 0 0 0 0 0 1 0 0 0 0 0 0 0 0 0 0 0 0 0 0 0 7 0 0 0 0 0 0 0 0 0 0 0 0 0 0 0 1 0 0 0 0 0 0 0 0
52 CTA 0 0 0 0 0 0 0 0 0 0 0 0 20 0 0 0 3 0 0 0 20 0 0 0 1 0 0 0 252818 0 16 0 0 0 0 0 0 0 0 0 0 0 0 0 1 0 0 0 0 0 0 0 0 0 0 0 0 0 0 0 25 0 0 0
53 TTC 0 0 0 0 0 0 0 0 0 0 0 0 0 4 0 0 0 0 0 0 0 0 0 0 0 0 0 0 0 6 0 0 0 0 0 0 0 0 0 0 0 0 0 0 0 2 0 0 1 6 0 0 0 6 0 0 0 0 0 0 10 253900 0 39
54 TGT 0 0 0 0 0 0 0 0 0 0 0 16 0 0 0 0 0 0 0 0 0 0 0 0 0 0 0 40 0 0 0 0 0 0 0 0 0 0 0 0 0 0 0 1 0 0 0 0 0 0 0 59 0 0 0 2 3 22 1 251086 0 0 0 6
55 GCA 0 0 0 0 166 0 0 0 0 0 0 0 0 0 0 0 0 0 0 0 2 0 0 0 0 0 0 0 0 0 0 0 5 0 0 0 251986 3 9 2 1 0 0 0 115 0 0 0 0 0 0 0 1 0 0 0 0 0 0 0 0 0 0 0
56 TCA 0 0 0 0 2 0 0 0 0 0 0 0 0 0 0 0 0 0 0 0 12 0 0 0 0 0 0 0 0 0 0 0 0 0 0 0 1 0 0 0 0 0 0 0 0 0 0 0 6 0 0 0 252638 2 68 2 0 0 0 0 25 0 0 0
57 GAT 0 0 0 27 0 0 0 0 0 0 0 0 0 0 0 0 0 0 0 3 0 0 0 0 0 0 0 0 0 0 0 0 1 11 2 252129 0 0 0 1 0 0 0 6 0 0 0 2 0 0 0 209 0 0 0 0 0 0 0 0 0 0 0 0
58 GCT 0 0 0 0 0 0 0 110 0 0 0 0 0 0 0 0 0 0 0 0 0 0 0 0 0 0 0 0 0 0 0 0 0 0 0 14 2 12 0 247532 0 0 0 1 0 0 0 26 0 0 0 0 0 0 0 2 0 0 0 0 0 0 0 0
59 AAA 252532 1 28 8 0 0 0 0 12 0 0 0 5 0 0 0 0 0 0 0 0 0 0 0 0 0 0 0 0 0 0 0 9 0 0 0 0 0 0 0 0 0 0 0 0 0 0 0 0 0 0 0 0 0 0 0 0 0 0 0 201 0 0 0
60 GCA 0 0 0 0 113 0 0 0 0 0 0 0 0 0 0 0 0 0 0 0 0 0 0 0 0 0 0 0 0 0 0 0 3 0 0 0 249210 1 4 1 2 0 0 0 49 0 0 0 0 0 0 0 4 0 0 0 0 0 0 0 0 0 0 0
61 TAT 0 0 0 3 0 0 0 0 0 0 0 0 0 0 0 0 0 0 0 12 0 0 0 0 0 0 0 0 0 0 0 0 0 0 0 1 0 0 0 0 0 0 0 0 0 0 0 0 8 10 1 251624 0 0 0 202 0 0 0 27 0 0 0 2
62 GAT 0 0 0 37 0 0 0 0 0 0 0 0 0 0 0 0 0 0 0 0 0 0 0 0 0 0 0 0 0 0 0 0 0 10 3 250905 0 0 0 0 0 0 0 10 0 0 0 0 0 0 0 3 0 0 0 0 0 0 0 0 0 0 0 0
63 GCA 0 0 0 0 86 0 0 0 0 0 0 0 0 0 0 0 0 0 0 0 0 0 0 0 0 0 0 0 0 0 0 0 9 0 0 0 250882 1 55 2 0 0 0 0 143 0 0 0 0 0 0 0 2 0 0 0 0 0 0 0 0 0 0 0
64 GAA 58 0 0 0 0 0 0 0 0 0 0 0 0 0 0 0 5 0 0 0 0 0 0 0 0 0 0 0 0 0 0 0 248407 0 10 3 0 0 0 0 4 0 0 0 3 0 0 0 2 0 0 0 0 0 0 0 0 0 0 0 0 0 0 0
65 GTG 0 0 0 0 0 0 0 0 0 0 0 0 1 0 67 0 0 0 0 0 0 0 0 0 0 0 0 0 0 0 0 0 0 0 4 0 0 0 13 0 0 0 3 0 122 8 233005 6 0 0 0 0 0 0 0 0 0 0 0 0 0 0 6 0
66 CAT 0 0 0 9 0 0 0 0 0 0 0 0 0 0 0 0 4 14 2 238047 0 0 0 0 0 0 0 8 0 0 0 5 0 0 0 4 0 0 0 0 0 0 0 0 0 0 0 0 0 0 0 68 0 0 0 0 0 0 0 0 0 0 0 0
67 AAT 3 9 2 246235 0 0 0 0 0 0 0 9 0 0 0 3 0 0 0 2 0 0 0 0 0 0 0 0 0 0 0 0 0 0 0 12 0 0 0 0 0 0 0 0 0 0 0 0 0 0 0 0 0 0 0 0 0 0 0 0 0 0 0 0
68 ATC 0 1 0 0 0 7 0 0 0 0 0 0 15 230085 0 21 0 0 0 0 0 0 0 0 0 0 0 0 0 0 0 0 0 0 0 0 0 0 0 0 0 0 0 0 0 9 0 0 0 0 0 0 0 0 0 0 0 0 0 0 0 3 0 0
69 TGG 0 0 0 0 0 0 0 0 0 0 19 0 0 0 0 0 0 0 0 0 0 0 0 0 0 0 11 0 0 0 0 0 0 0 0 0 0 0 0 0 0 0 0 0 0 0 0 0 0 0 32 0 0 0 0 0 40 0 222067 6 0 0 9 0
70 GCT 0 0 0 0 0 0 0 114 0 0 0 0 0 0 0 0 0 0 0 0 0 0 0 1 0 0 0 0 0 0 0 0 0 0 0 16 2 7 0 163589 0 0 0 2 0 0 0 28 0 0 0 0 0 0 0 1 0 0 0 0 0 0 0 0
71 ACA 1 0 0 0 246185 0 14 1 6 0 0 0 55 0 0 0 0 0 0 0 0 0 0 0 0 0 0 0 0 0 0 0 0 0 0 0 6 0 0 0 0 0 0 0 0 0 0 0 0 0 0 0 2 0 0 0 0 0 0 0 0 0 0 0
72 CAT 0 0 0 3 0 0 0 0 0 0 0 0 0 0 0 0 6 12 0 243324 0 0 0 0 0 0 0 9 0 0 0 0 0 0 0 1 0 0 0 0 0 0 0 0 0 0 0 0 0 0 0 44 0 0 0 0 0 0 0 0 0 0 0 0
73 GCC 0 0 0 0 0 70 0 0 0 0 0 0 0 0 0 0 0 0 0 0 0 0 0 0 0 0 0 0 0 0 0 0 0 13 0 0 23 160340 1 22 0 1 0 0 0 58 0 0 0 0 0 0 0 4 0 0 0 0 0 0 0 0 0 0
74 TGT 0 0 0 1 0 0 0 0 0 0 0 10 0 0 0 0 0 0 0 0 0 0 0 0 0 0 0 93 0 0 0 0 0 0 0 0 0 0 0 0 0 0 0 7 0 0 0 0 0 0 0 76 0 0 0 2 1 17 0 212746 0 0 0 2
75 GTA 0 0 0 0 0 0 0 0 1 0 0 0 73 0 0 0 0 0 0 0 0 0 0 0 0 0 0 0 2 0 0 0 2 0 0 0 8 0 0 0 0 0 0 0 237125 1 18 0 0 0 0 0 0 0 0 0 0 0 0 0 1 0 0 0
76 CCT 0 0 0 0 0 0 0 4 0 0 0 0 0 0 0 0 0 0 0 23 5 52 1 225477 0 0 0 1 0 0 0 16 0 0 0 0 0 0 0 3 0 0 0 0 0 0 0 0 0 0 0 0 0 0 0 67 0 0 0 0 0 0 0 0
77 ACA 3 0 0 0 223717 10 66 7 1 0 0 0 47 0 0 0 0 0 0 0 1 0 0 0 0 0 0 0 0 0 0 0 0 0 0 0 11 0 0 0 0 0 0 0 0 0 0 0 0 0 0 0 3 0 0 0 0 0 0 0 0 0 0 0
78 GAC 0 39 0 0 0 0 0 0 0 0 0 0 0 0 0 0 0 2 0 0 0 1 0 0 0 0 0 0 0 0 0 0 13 196158 0 23 0 0 0 0 0 15 0 0 0 7 0 0 0 2 0 0 0 0 0 0 0 0 0 0 0 0 0 0
79 CCC 0 1 0 0 0 50 0 0 0 0 0 0 0 0 0 0 0 18 0 0 28 138579 1 13 0 0 0 0 0 17 0 1 0 0 0 0 0 0 0 0 0 0 0 0 0 0 0 0 0 1 0 0 0 22 0 0 0 0 0 0 0 0 0 0
80 AAC 2 218741 0 40 0 17 0 0 0 12 0 0 0 1 0 0 3 1 0 0 0 0 0 1 0 0 0 0 0 0 0 0 0 17 0 0 0 0 0 0 0 0 0 0 0 0 0 0 0 3 0 0 0 0 0 0 0 0 0 0 0 0 0 0
81 CCA 1 1 0 0 2 0 0 0 0 0 0 0 0 0 0 0 8 16 0 0 229810 6 3 3 1 0 0 0 12 0 0 0 0 0 0 0 0 0 0 0 0 0 0 0 0 0 0 0 0 0 0 0 16 0 0 0 0 0 1 0 0 0 0 0
82 CAA 3 0 15 0 4 0 0 0 0 0 0 0 0 0 1 0 170981 4 11 1 1 0 0 0 28 0 0 0 1 0 0 0 0 1 0 0 0 0 0 0 0 0 0 0 0 0 0 0 9 0 0 0 0 0 0 0 0 0 0 0 0 0 0 0
83 GAA 13 0 0 0 0 0 0 0 0 0 0 0 0 0 0 0 0 0 0 0 0 0 0 0 0 0 0 0 0 0 0 0 118517 0 1 0 0 0 0 0 0 0 0 0 0 0 0 0 3 0 0 0 0 0 0 0 0 0 0 0 0 0 0 0
84 ATA 9 0 0 0 5 0 0 0 0 0 0 0 112980 0 7 3 0 0 0 0 0 0 0 0 0 0 0 0 0 0 0 0 0 0 0 0 0 0 0 0 0 0 0 0 5 0 0 0 0 0 0 0 0 0 0 0 0 0 0 0 0 0 0 0
85 AAT 18 7 1 154172 0 0 0 0 0 0 0 2 0 0 0 0 0 0 0 0 0 0 0 0 0 0 0 0 0 0 0 0 0 0 0 1 0 0 0 0 0 0 0 0 0 0 0 0 0 0 0 1 0 0 0 0 0 0 0 0 0 0 0 0
86 TTG 0 0 0 0 0 0 0 0 0 0 0 0 0 0 12 0 0 0 0 0 0 0 0 0 0 0 0 0 0 0 10 0 0 0 0 0 0 0 0 0 0 0 0 0 0 0 4 0 1 0 2 0 0 0 4 0 0 0 4 0 7 1 93038 48
87 GAA 49 0 0 0 0 0 0 0 0 0 0 0 2 0 0 1 0 0 0 0 0 0 0 0 0 0 0 0 1 0 0 0 207952 0 13 6 0 0 0 0 91 0 0 0 0 0 0 0 4 0 0 0 0 0 0 0 0 0 0 0 0 0 0 0
88 AAT 15 6 1 180646 0 0 0 1 0 0 0 4 3 0 1 1 0 0 0 0 0 0 0 0 0 0 0 0 0 0 0 0 0 0 0 7 0 0 0 0 0 0 0 0 0 0 0 0 0 0 0 1 0 0 0 0 0 0 0 0 0 0 0 2
89 GTG 0 1 2 2 0 0 0 0 0 0 0 0 0 0 54 0 0 0 0 0 0 0 0 0 0 0 0 0 0 0 2 0 1 0 6 0 0 0 6 0 1 0 0 0 35 2 223790 2 0 0 0 0 0 0 0 0 1 0 3 1 0 0 7 0
90 ACA 11 0 0 0 219753 1 10 3 0 0 0 0 52 0 0 0 1 0 1 0 0 0 0 0 0 0 0 0 0 0 0 0 1 1 0 0 27 0 0 0 0 0 0 0 0 0 0 0 0 0 0 0 0 0 0 0 0 0 0 0 0 0 1 0
91 GAA 57 0 1 2 0 0 0 0 0 0 0 0 0 0 0 0 2 0 0 0 0 0 0 0 0 0 0 0 0 0 0 0 213473 4 24 4 0 0 0 0 6 0 0 0 1 0 0 0 9 0 0 0 0 0 0 0 0 0 0 1 0 0 0 0
92 GAG 1 0 23 2 0 0 0 0 1 0 0 0 0 0 0 1 0 0 1 0 0 0 0 0 0 0 0 0 0 0 0 0 58 3 214168 15 0 0 0 0 0 0 5 1 0 0 4 0 0 0 8 0 0 0 0 0 0 0 0 0 0 0 1 0
93 TTT 0 0 1 1 0 0 0 0 0 0 0 0 0 0 0 4 0 0 0 0 0 0 0 0 0 0 0 0 0 0 0 5 0 0 0 0 0 0 0 0 0 0 0 0 0 0 1 0 0 0 0 25 0 0 0 9 0 0 1 0 5 8 0 193046
94 AAC 14 231643 1 46 0 3 0 0 0 36 0 0 0 2 0 0 0 0 0 0 0 0 0 0 0 0 0 0 0 0 0 0 0 13 0 0 0 0 0 0 0 0 0 0 0 0 0 0 0 6 0 0 0 0 0 0 0 0 0 0 0 0 0 0
95 ATG 0 0 8 0 0 0 11 0 0 0 0 0 59 2 242569 7 0 0 0 0 0 0 0 0 0 0 0 0 0 0 0 0 0 0 0 0 0 0 0 0 0 0 0 0 0 0 16 0 0 0 0 0 0 0 0 0 0 0 0 1 0 0 4 0
96 TGG 0 0 0 0 0 0 0 0 0 0 6 0 0 0 0 0 0 0 0 0 0 0 0 0 0 0 24 0 0 0 0 0 0 0 0 0 0 0 0 0 1 0 1 0 0 0 0 0 1 0 35 0 0 0 0 0 53 1 209632 5 0 0 6 0
97 AAA 250924 2 2 1 1 0 0 0 13 0 0 0 1 0 0 0 0 0 0 0 0 0 0 0 0 0 0 0 0 0 0 0 14 0 0 0 0 0 0 0 0 0 0 0 0 0 0 0 1 0 0 0 0 0 0 0 0 0 0 0 0 0 0 0
98 AAT 4 4 0 250248 0 0 0 2 0 0 0 7 0 0 0 56 0 0 0 0 0 0 0 0 0 0 0 0 0 0 0 0 0 0 0 3 0 0 0 0 0 0 0 0 0 0 0 0 0 0 0 1 0 0 0 0 0 0 0 0 0 0 0 0
99 AAC 6 247172 1 54 0 0 0 0 0 16 0 0 0 3 0 0 0 0 0 0 0 0 0 0 0 0 0 0 0 0 0 0 0 39 0 0 0 0 0 0 0 0 0 0 0 0 0 0 0 0 0 0 0 0 0 0 0 0 0 0 0 0 0 0
100 ATG 0 0 2 0 0 0 5 0 0 0 4 0 45 0 229251 5 0 0 0 0 0 0 0 0 0 0 0 0 0 0 0 0 0 0 0 0 0 0 0 0 0 0 0 0 0 0 18 0 0 0 0 0 0 0 0 0 0 0 0 0 0 0 3 0
101 GTA 0 0 0 0 0 0 0 0 0 0 0 0 87 0 0 0 0 0 0 0 0 0 0 0 0 0 0 0 1 0 0 0 1 0 0 0 13 0 0 0 0 0 0 0 236335 0 21 0 0 0 0 0 0 0 0 0 0 0 0 0 2 0 0 0
102 GAA 60 0 0 0 0 0 0 0 0 0 0 0 0 0 0 0 0 0 0 0 0 0 0 0 0 0 0 0 0 0 0 0 246731 2 15 2 0 0 0 0 10 0 0 0 1 0 0 0 3 0 0 0 0 0 0 0 0 0 0 0 0 0 0 0
103 CAG 0 0 9 0 0 0 0 0 0 0 0 0 0 0 0 0 74 1 251875 6 0 0 2 0 0 0 34 0 0 0 1 0 0 0 2 0 0 0 0 0 0 0 0 0 0 0 0 0 0 0 39 0 0 0 0 0 0 0 0 0 0 0 0 0
104 ATG 1 0 11 0 0 0 7 0 0 0 1 0 116 5 251657 6 0 0 0 0 0 0 0 0 0 0 0 0 0 0 0 0 0 0 0 0 0 0 0 0 0 0 0 0 0 0 4 0 0 0 0 0 0 0 0 0 0 0 0 0 0 0 2 0
105 CAT 0 0 0 22 0 0 0 0 0 0 0 0 0 0 0 0 8 9 2 249573 0 0 0 1 0 0 0 2 0 0 0 2 0 0 0 0 0 0 0 0 0 0 0 0 0 0 0 0 0 0 0 55 0 0 0 0 0 0 0 0 0 0 0 0
106 ACA 24 0 0 1 253023 2 18 5 1 0 0 0 70 0 0 0 1 0 0 0 0 0 0 0 0 0 0 0 0 0 0 0 0 0 0 0 36 0 0 0 0 0 0 0 0 0 0 0 0 0 0 0 2 0 0 0 0 0 0 0 0 0 0 0
107 GAT 0 0 0 46 0 0 0 1 0 0 0 0 0 0 0 0 0 0 0 2 0 0 0 0 0 0 0 0 0 0 0 0 1 19 1 252023 0 0 0 2 0 0 0 3 0 0 0 1 0 0 0 9 0 0 0 0 0 0 0 0 0 0 0 0
108 ATA 3 0 0 0 12 0 0 0 1 0 0 0 252879 0 25 0 0 0 0 0 0 0 0 0 0 0 0 0 0 0 0 0 0 0 0 0 0 0 0 0 0 0 0 0 17 0 0 0 0 0 0 0 0 0 0 0 0 0 0 0 0 0 0 0
109 ATC 0 11 0 0 0 10 0 1 0 1 0 0 10 251185 1 48 0 0 0 0 0 0 0 0 0 0 0 0 0 1 0 0 0 0 0 0 0 0 0 0 0 0 0 0 0 11 0 0 0 0 0 0 0 0 0 0 0 0 0 0 0 1 0 0
110 AGC 1 49 0 0 0 1 0 0 4 249189 0 56 0 6 0 0 0 0 0 0 0 0 0 0 0 1 0 0 0 0 0 0 0 0 0 0 0 0 0 0 0 19 0 0 0 1 0 0 0 0 0 0 0 0 0 0 0 5 0 0 0 0 0 0
111 CTA 0 0 0 0 0 0 0 0 0 0 0 0 22 0 0 0 6 0 0 1 41 0 0 0 3 0 0 0 253283 1 11 1 0 0 0 0 0 0 0 0 0 0 0 0 1 0 0 0 0 0 0 0 0 0 0 0 0 0 0 0 13 0 0 0
112 TGG 0 0 0 0 0 0 0 0 0 0 0 0 0 0 0 0 0 0 0 0 0 0 0 0 0 0 7 0 0 0 0 0 0 0 0 0 0 0 0 0 0 0 0 0 0 0 0 0 1 0 44 0 0 0 0 0 41 1 251668 14 0 0 8 0
113 GAC 0 73 0 0 0 0 0 0 0 0 0 0 0 0 0 0 0 5 0 0 0 0 0 0 0 0 0 0 0 0 0 0 17 252998 0 27 0 0 0 0 0 8 0 0 0 4 0 0 0 2 0 0 0 0 0 0 0 0 0 0 0 0 0 0
114 CAA 3 0 0 0 0 0 0 0 0 0 0 0 0 0 0 0 251195 4 48 11 0 0 0 0 37 0 0 0 4 0 0 0 0 0 0 0 0 0 0 0 0 0 0 0 0 0 0 0 10 0 0 0 0 0 0 0 0 0 0 0 0 0 0 0
115 GGC 1 0 0 0 0 0 0 0 0 43 0 0 0 0 0 0 0 0 0 0 0 0 0 0 0 2 0 0 0 0 0 0 0 64 0 0 0 2 0 0 11 247919 1 20 0 4 0 0 0 0 0 0 0 0 0 0 0 36 0 0 0 0 0 0
116 CTA 0 0 0 0 0 0 0 0 0 0 0 0 19 0 0 0 3 0 0 0 42 0 0 0 3 0 0 0 252951 0 34 0 0 0 0 0 0 0 0 0 0 0 0 0 0 0 0 0 0 0 0 0 0 0 0 0 0 0 0 0 24 0 0 0
117 AAG 76 1 253415 4 0 0 4 0 0 0 14 0 0 0 5 0 0 0 0 0 0 0 0 0 0 0 0 0 0 0 0 0 0 0 8 0 0 0 0 0 0 0 0 0 0 0 0 0 0 0 4 0 0 0 0 0 0 0 0 0 0 0 0 0
118 CCA 0 0 0 0 5 0 0 0 0 0 0 0 0 0 0 0 6 0 0 0 250162 0 8 1 0 0 0 0 18 0 0 0 0 0 0 0 0 0 0 0 0 0 0 0 0 0 0 0 0 0 0 0 64 0 0 0 0 0 0 0 0 0 0 0
119 TGT 0 0 0 0 0 0 0 0 0 0 0 5 0 0 0 0 0 0 0 1 0 0 0 0 0 0 0 21 0 0 0 0 0 0 0 0 0 0 0 0 0 0 0 4 0 0 0 0 0 0 0 59 0 0 0 1 6 13 2 253631 0 0 0 9
120 GTA 0 0 0 0 0 0 0 0 0 0 0 0 82 0 0 0 0 0 0 0 0 0 0 0 0 0 0 0 3 0 0 0 1 0 0 0 16 0 0 0 0 0 0 0 253749 1 19 0 0 0 0 0 0 0 0 0 0 0 0 0 4 0 0 0
121 AAG 65 0 251744 6 0 0 0 0 0 0 20 0 0 0 3 0 0 0 1 0 0 0 0 0 0 0 0 0 0 0 0 0 0 0 12 0 0 0 0 0 0 0 0 0 0 0 0 0 0 0 0 0 0 0 0 0 0 0 0 0 0 0 1 0
122 TTA 0 0 0 0 0 0 0 0 0 0 0 0 9 0 0 0 0 0 0 0 0 0 0 0 0 0 0 0 24 0 0 0 0 0 0 0 0 0 0 0 0 0 0 0 1 0 0 0 3 0 0 0 8 0 0 0 0 0 0 0 252924 1 23 1
123 ACC 0 9 0 0 8 251583 1 23 0 5 0 0 0 37 0 0 0 0 0 0 0 0 0 0 0 0 0 0 0 0 0 0 0 1 0 0 0 18 0 0 0 0 0 0 0 0 0 0 0 0 0 0 0 6 0 0 0 0 0 0 0 0 0 0
124 CCT 0 0 0 0 0 0 0 9 0 0 0 0 0 0 0 0 0 0 0 10 1 24 0 253910 0 0 0 0 0 0 0 26 0 0 0 0 0 0 0 0 0 0 0 0 0 0 0 0 0 0 0 0 0 0 0 16 0 0 0 0 0 0 0 0
125 CTC 0 0 0 0 0 0 0 0 0 0 0 0 0 6 0 0 0 1 0 0 0 13 0 0 0 1 0 0 13 253325 0 21 0 0 0 0 0 0 0 0 0 0 0 0 0 1 0 0 0 0 0 0 0 0 0 0 0 0 0 0 0 14 0 0
126 TGT 0 0 0 2 0 0 0 1 0 0 0 25 0 0 0 0 0 0 0 0 0 0 0 0 0 0 0 59 0 0 0 0 0 0 0 0 0 0 0 0 0 0 0 4 0 0 0 0 0 0 0 43 0 0 0 0 3 53 0 253331 0 0 0 5
127 GTT 0 0 0 0 0 0 0 0 0 0 0 0 0 0 0 66 0 0 0 0 0 0 0 0 0 0 0 0 0 0 0 1 0 0 0 13 0 0 0 20 0 0 0 2 2 20 2 253546 0 0 0 0 0 0 0 0 0 0 0 0 0 0 0 1
128 ACT 0 0 0 9 3 22 4 253878 0 0 0 4 0 0 0 44 0 0 0 0 0 0 0 1 0 0 0 0 0 0 0 0 0 0 0 0 0 0 0 8 0 0 0 0 0 0 0 0 0 0 0 0 0 0 0 1 0 0 0 0 0 0 0 0
129 TTA 0 0 0 0 0 0 0 0 0 0 0 0 18 0 0 0 0 0 0 0 0 0 0 0 0 0 0 0 19 0 0 0 0 0 0 0 0 0 0 0 0 0 0 0 5 0 0 0 1 0 0 0 5 0 0 0 1 0 0 0 253913 0 53 1
130 GAT 0 0 0 40 0 0 0 0 0 0 0 0 0 0 0 0 0 0 0 1 0 0 0 0 0 0 0 0 0 0 0 0 19 19 1 253812 0 0 0 1 0 0 0 6 0 0 0 2 0 0 0 3 0 0 0 0 0 0 0 0 0 0 0 0
131 TGC 0 0 0 0 0 0 0 0 0 9 0 0 0 0 0 0 0 0 0 0 0 0 0 0 0 9 0 0 0 0 0 0 0 0 0 0 0 0 0 0 0 2 0 0 0 0 0 0 0 143 0 0 0 2 0 0 13 253639 1 87 0 3 0 0
132 CAT 0 0 0 10 0 0 0 0 0 0 0 0 0 0 0 0 14 21 0 253859 0 0 0 0 0 0 0 7 0 0 0 3 0 0 0 0 0 0 0 0 0 0 0 0 0 0 0 0 0 0 0 19 0 0 0 0 0 0 0 0 0 0 0 0
133 AAT 10 10 1 254164 0 0 0 0 0 0 0 7 0 0 0 0 0 0 0 2 0 0 0 0 0 0 0 0 0 0 0 0 0 0 0 30 0 0 0 0 0 0 0 0 0 0 0 0 0 0 0 0 0 0 0 0 0 0 0 0 0 0 0 0
134 GTC 0 0 0 0 0 0 0 0 0 0 0 0 0 57 0 0 0 0 0 0 0 0 0 0 0 0 0 0 0 1 0 1 0 3 0 0 0 13 0 0 0 2 0 0 8 254005 0 29 0 0 0 0 0 0 0 0 0 0 0 0 0 3 0 0
135 ACC 1 9 0 0 32 254004 1 17 0 1 0 0 1 24 0 0 0 0 0 0 0 0 0 0 0 0 0 0 0 0 0 0 0 0 0 0 0 13 0 0 0 0 0 0 0 0 0 0 0 0 0 0 0 4 0 1 0 0 0 0 0 0 0 0
136 TAT 0 0 0 5 0 0 0 0 0 0 0 0 0 0 0 0 0 0 0 71 0 0 0 0 0 0 0 0 0 0 0 0 0 0 0 2 0 0 0 0 0 0 0 0 0 0 0 0 1 13 0 253995 0 0 0 0 0 0 0 1 0 0 0 4
137 AAT 38 13 1 253874 0 0 0 4 0 0 0 14 0 0 0 12 0 0 0 2 0 0 0 0 0 0 0 0 0 0 0 0 0 0 0 21 0 0 0 0 0 0 0 0 0 0 0 0 0 0 0 1 0 0 0 0 0 0 0 0 0 0 0 0
138 ATC 2 25 0 2 1 6 0 0 0 3 0 0 15 253718 1 32 0 0 0 0 0 0 0 0 0 0 0 0 0 0 0 0 0 0 0 0 0 0 0 0 0 0 0 0 0 9 0 0 0 0 0 0 0 0 0 0 0 0 0 0 0 0 0 1
139 ACC 0 25 0 1 40 253912 4 40 0 4 0 0 0 30 0 0 0 0 0 0 0 0 0 0 0 0 0 0 0 0 0 0 0 0 0 0 0 10 0 0 0 0 0 0 0 0 0 0 0 0 0 0 0 7 0 0 0 0 0 0 0 0 0 0
140 AGT 0 0 0 57 0 0 0 1 14 10 2 253871 0 0 0 5 0 0 0 0 0 0 0 0 0 0 0 1 0 0 0 0 0 0 0 0 0 0 0 0 0 0 0 22 0 0 0 0 0 0 0 0 0 0 0 0 0 0 0 6 0 0 0 0
141 GAC 0 71 0 0 0 0 0 0 0 0 0 0 0 0 0 0 0 3 0 0 0 0 0 0 0 0 0 0 0 0 0 0 2 227383 5 49 0 0 0 0 0 14 0 0 0 0 0 0 0 2 0 0 0 0 0 0 0 0 0 0 0 0 0 0
142 ATG 0 0 9 0 0 0 17 0 0 0 1 0 56 3 226988 6 0 0 0 0 0 0 0 0 0 0 0 0 0 0 1 0 0 0 0 0 0 0 0 0 0 0 0 0 0 0 24 0 0 0 0 0 0 0 0 0 0 0 0 0 0 0 3 0
151 AAG 56 1 227211 20 0 0 5 0 0 0 27 0 0 0 19 0 0 0 1 0 0 0 0 0 0 0 0 0 0 0 0 0 0 0 32 0 0 0 0 0 0 0 0 0 0 0 0 0 0 0 3 0 0 0 0 0 0 0 0 0 0 0 0 0
152 GAA 66 0 0 0 0 0 0 0 0 0 0 0 0 0 0 0 1 0 0 0 0 0 0 0 0 0 0 0 0 0 0 0 227384 1 19 6 0 0 0 0 18 0 0 0 1 0 0 0 3 0 0 0 0 0 0 0 0 0 0 0 0 0 0 0
153 GAA 62 0 0 0 0 0 0 0 0 0 0 0 0 0 0 0 0 0 0 0 0 0 0 0 0 0 0 0 0 0 0 0 227451 0 9 3 0 0 0 0 5 0 0 0 1 0 0 0 8 0 0 0 0 0 0 0 0 0 0 0 0 0 0 0
154 ATA 2 0 0 0 5 0 0 0 1 0 0 0 227290 0 18 0 0 0 0 0 0 0 0 0 0 0 0 0 0 0 0 0 0 0 0 0 0 0 0 0 0 0 0 0 7 0 0 0 0 0 0 0 0 0 0 0 0 0 0 0 1 0 0 0
155 ACA 1 0 0 0 227366 3 8 0 0 0 0 0 28 0 0 0 0 0 0 0 1 0 0 0 0 0 0 0 0 0 0 0 0 0 0 0 7 0 0 0 0 0 0 0 0 0 0 0 0 0 0 0 0 0 0 0 0 0 0 0 0 0 0 0
156 AAC 6 227028 2 21 0 0 0 0 0 4 0 0 0 4 0 0 0 0 0 0 0 0 0 0 0 0 0 0 0 0 0 0 0 6 0 0 0 0 0 0 0 0 0 0 0 0 0 0 0 2 0 0 0 0 0 0 0 0 0 0 0 0 0 0
157 TGC 0 0 0 0 0 0 0 0 0 5 0 0 0 0 0 0 0 0 0 0 0 0 0 0 0 13 0 0 0 0 0 0 0 0 0 0 0 0 0 0 0 2 0 0 0 0 0 0 0 60 0 0 0 2 0 0 5 226869 4 30 0 10 1 0
158 TCT 0 0 0 0 0 0 0 3 0 0 0 0 0 0 0 0 0 0 0 0 0 0 0 6 0 0 0 0 0 0 0 0 0 0 0 0 0 0 0 0 0 0 0 0 0 0 0 0 0 0 0 4 5 12 1 227525 0 0 0 0 0 0 0 16
159 TAC 0 8 0 0 0 0 0 0 0 0 0 0 0 0 0 0 0 29 0 0 0 0 0 0 0 0 0 0 0 0 0 0 0 3 0 0 0 0 0 0 0 0 0 0 0 0 0 0 7 227051 0 34 0 1 0 0 0 9 0 0 0 1 0 0
160 AAT 9 18 6 227107 0 0 0 1 0 0 0 18 0 0 0 3 0 0 0 2 0 0 0 0 0 0 0 0 0 0 0 0 0 0 0 25 0 0 0 0 0 0 0 0 0 0 0 0 0 0 0 5 0 0 0 0 0 0 0 0 0 0 0 0
161 GTG 0 0 0 0 0 0 0 0 0 0 0 0 0 0 62 0 0 0 0 0 0 0 0 0 0 0 0 0 0 0 2 0 0 0 5 0 0 0 10 0 0 0 0 0 66 1 226783 4 0 0 0 0 0 0 0 0 0 0 0 0 0 0 1 0
162 ACC 0 11 0 0 7 227299 0 28 0 4 0 0 0 33 0 0 0 0 0 0 0 0 0 0 0 0 0 0 0 0 0 0 0 0 0 0 0 30 0 0 0 0 0 0 0 0 0 0 0 0 0 0 0 1 0 0 0 0 0 0 0 0 0 0
163 ACA 12 0 0 0 227045 8 94 4 1 0 0 0 35 0 0 0 0 0 0 0 4 0 0 0 0 0 0 0 0 0 0 0 0 0 0 0 5 0 0 0 0 0 0 0 0 0 0 0 0 0 0 0 11 0 0 0 0 0 0 0 0 0 0 0
164 GTA 0 0 0 0 1 0 0 0 0 0 0 0 57 0 0 0 0 0 0 0 0 0 0 0 0 0 0 0 6 0 0 0 20 0 0 0 15 0 0 0 0 0 0 0 226581 0 12 3 0 0 0 0 0 0 0 0 0 0 0 0 10 0 0 0
165 ATA 4 1 0 0 8 0 0 0 1 0 0 0 226547 0 66 1 0 0 0 0 0 0 0 0 0 0 0 0 0 0 0 0 0 0 0 0 0 0 0 0 0 0 0 0 7 0 0 0 0 0 0 0 0 0 0 0 0 0 0 0 7 0 0 0
166 AGG 1 0 49 0 0 0 0 0 62 0 226449 17 0 0 10 0 0 0 0 0 0 0 0 0 0 0 8 0 0 0 0 0 0 0 0 0 0 0 0 0 0 0 68 0 0 0 0 0 0 0 0 0 0 0 0 0 0 0 9 0 0 0 0 0
167 GAT 0 0 0 36 0 0 0 0 0 0 0 0 0 0 0 0 0 0 0 1 0 0 0 0 0 0 0 0 0 0 0 0 13 14 1 225997 0 0 0 0 0 0 0 7 0 0 0 0 0 0 0 4 0 0 0 0 0 0 0 0 0 0 0 0
168 AAG 40 0 226326 3 0 0 10 0 0 0 45 0 0 0 5 0 0 0 0 0 0 0 0 0 0 0 0 0 0 0 0 0 0 0 58 0 0 0 0 0 0 0 0 0 0 0 0 0 0 0 0 0 0 0 0 0 0 0 0 0 0 0 0 0
169 AAA 227307 0 2 2 0 0 0 0 6 0 0 0 3 0 0 0 1 0 0 0 0 0 0 0 0 0 0 0 0 0 0 0 7 0 0 0 0 0 0 0 0 0 0 0 0 0 0 0 1 0 0 0 0 0 0 0 0 0 0 0 0 0 0 0
170 CAG 0 0 8 0 0 0 0 0 0 0 0 0 0 0 0 0 23 1 226047 1 0 0 0 0 0 0 22 0 0 0 1 0 0 0 2 0 0 0 0 0 0 0 0 0 0 0 0 0 0 0 16 0 0 0 0 0 0 0 0 0 0 0 0 0
171 AAA 227434 0 11 3 0 0 0 0 7 0 0 0 7 0 0 0 0 0 0 0 0 0 0 0 0 0 0 0 0 0 0 0 4 0 0 0 0 0 0 0 0 0 0 0 0 0 0 0 3 0 0 0 0 0 0 0 0 0 0 0 0 0 0 0
172 GTA 0 0 0 0 0 0 0 0 0 0 0 0 120 0 0 0 0 0 0 0 0 0 0 0 0 0 0 0 7 0 0 0 10 0 0 0 12 0 0 0 0 0 0 0 226713 2 6 1 0 0 0 0 0 0 0 0 0 0 0 0 5 0 0 0
173 TCC 0 0 0 0 0 3 0 0 0 0 0 0 0 0 0 0 0 0 0 0 0 3 0 0 0 0 0 0 0 0 0 0 0 0 0 0 0 1 0 0 0 0 0 0 0 0 0 0 0 4 0 0 9 225255 0 19 0 0 0 0 0 20 0 0
174 TCA 0 0 0 0 2 0 0 0 0 0 0 0 0 0 0 0 0 0 0 0 31 0 0 0 0 0 0 0 0 1 0 0 0 0 0 0 3 0 0 0 0 0 0 0 0 0 0 0 11 0 0 0 226349 1 7 5 1 0 0 0 10 0 0 0
175 CTT 0 0 0 0 0 0 0 1 0 0 0 0 0 0 0 8 0 0 0 0 0 0 0 789 0 0 0 0 23 8 3 225058 0 0 0 0 0 0 0 0 0 0 0 0 0 0 0 0 0 0 0 0 0 0 0 0 0 0 0 0 0 0 0 55
176 TTT 0 0 0 1 0 0 0 0 0 0 0 0 0 0 0 8 0 0 0 0 0 0 0 0 0 0 0 0 0 0 0 7 0 0 0 0 0 0 0 0 0 0 0 0 0 0 0 2 0 0 0 5 0 0 0 5 0 0 0 4 11 14 1 224226
177 TAT 0 0 0 1 0 0 0 0 0 0 0 0 0 0 0 0 0 0 0 10 0 0 0 0 0 0 0 0 0 0 0 0 0 0 0 0 0 0 0 0 0 0 0 0 0 0 0 0 3 7 0 226784 0 0 0 0 0 0 0 5 0 0 0 13
178 AAA 226161 0 10 4 0 0 0 0 9 0 0 0 3 0 0 0 0 0 0 0 0 0 0 0 0 0 0 0 0 0 0 0 9 0 0 0 0 0 0 0 0 0 0 0 0 0 0 0 1 0 0 0 0 0 0 0 0 0 0 0 0 0 0 0
179 CTT 0 0 0 0 0 0 0 0 0 0 0 0 0 0 0 33 0 0 0 3 0 0 0 13 0 0 0 1 23 16 4 223862 0 0 0 0 0 0 0 0 0 0 0 0 0 0 0 6 0 0 0 0 0 0 0 0 0 0 0 0 0 0 0 25
180 GAT 0 0 0 34 0 0 0 0 0 0 0 0 0 0 0 0 0 0 0 0 0 0 0 0 0 0 0 0 0 0 0 0 0 8 2 225941 0 0 0 4 0 0 0 5 0 0 0 1 0 0 0 5 0 0 0 0 0 0 0 0 0 0 0 0
181 GTA 0 0 0 0 0 0 0 0 0 0 0 0 94 0 0 0 0 0 0 0 0 0 0 0 0 0 0 0 4 0 0 0 6 0 0 0 14 0 0 1 2 0 0 0 225563 0 29 1 0 0 0 0 0 0 0 0 0 0 0 0 5 0 0 0
182 GTA 0 0 0 0 0 0 0 0 0 0 0 0 97 0 0 0 0 0 0 0 0 0 0 0 0 0 0 0 1 0 0 0 4 0 0 0 23 0 0 0 6 0 0 0 220305 0 28 1 0 0 0 0 0 0 0 0 0 0 0 0 3 0 0 0
183 CAA 6 0 0 0 0 0 0 0 0 0 0 0 0 0 0 0 224684 2 16 3 1 0 0 0 5 0 0 0 5 0 0 0 1 0 0 0 0 0 0 0 0 0 0 0 0 0 0 0 43 0 0 0 0 0 0 0 0 0 0 0 0 0 0 0
184 ATT 0 0 0 1 0 0 0 6 0 0 0 0 6 13 0 215636 0 0 0 0 0 0 0 0 0 0 0 0 0 0 0 0 0 0 0 0 0 0 0 0 0 0 0 0 1 0 0 3 0 0 0 0 0 0 0 0 0 0 0 0 0 0 0 7
184a GGA 2 0 0 0 0 0 0 0 38 0 0 0 0 0 0 0 0 0 0 0 0 0 0 0 0 0 0 0 0 0 0 0 33 0 0 0 2 0 0 0 191502 2 58 6 3 0 0 0 0 0 0 0 0 0 0 0 4 0 0 0 0 0 0 0
184b GGT 0 0 0 0 0 0 0 0 3 0 0 51 0 0 0 0 0 0 0 0 0 0 0 0 0 0 0 1 0 0 0 0 0 0 0 90 0 0 0 1 15 22 0 196660 0 0 0 2 0 0 0 0 0 0 0 0 0 0 0 12 0 0 0 1
185 AAT 34 13 3 223110 0 0 0 3 0 0 0 10 0 0 0 1 0 0 0 0 0 0 0 0 0 0 0 0 0 0 0 0 0 0 0 10 0 0 0 0 0 0 0 0 0 0 0 0 0 0 0 0 0 0 0 0 0 0 0 0 0 0 0 0
186 AAT 3 7 0 221618 0 0 0 3 0 0 0 10 3 0 0 6 0 0 0 2 0 0 0 0 0 0 0 0 0 0 0 0 0 0 0 21 0 0 0 0 0 0 0 0 0 0 0 0 0 0 0 2 0 0 0 0 0 0 0 0 0 0 0 0
187 AGG 0 0 57 0 0 0 2 0 69 2 204784 14 0 0 15 1 0 0 0 0 0 0 0 0 0 0 2 0 0 0 0 0 0 0 0 0 0 0 0 0 0 0 40 0 0 0 0 0 0 0 0 0 0 0 0 0 0 0 2 0 0 0 0 0
188 ACT 0 0 0 14 7 23 1 213922 0 0 0 2 0 0 0 23 0 0 0 0 0 0 0 0 0 0 0 0 0 0 0 0 0 0 0 0 0 0 0 7 0 0 0 0 0 0 0 0 0 0 0 0 0 0 0 0 0 0 0 0 0 0 0 0
189 AAT 16 7 1 222611 0 0 0 0 0 0 0 4 0 0 0 5 0 0 0 0 0 0 0 0 0 0 0 0 0 0 0 0 0 0 0 26 0 0 0 0 0 0 0 0 0 0 0 0 0 0 0 1 0 0 0 0 0 0 0 0 0 0 0 0
190 AGT 2 0 0 24 0 1 0 2 40 15 3 204051 1 0 0 1 0 0 0 0 0 0 0 0 0 0 0 0 0 0 0 0 0 0 0 0 0 0 0 0 0 0 0 7 0 0 0 0 0 0 0 0 0 0 0 0 0 0 0 0 0 0 0 0
190a CAG 0 0 3 0 0 0 0 0 0 0 0 0 0 0 0 0 73 6 205289 11 0 0 1 0 0 0 5 0 1 0 4 0 0 0 1 0 0 0 0 0 0 0 0 0 0 0 0 0 0 0 20 0 0 0 0 0 0 0 0 0 0 0 0 0
191 TAT 0 0 0 6 0 0 0 0 0 0 0 0 0 0 0 0 0 0 0 10 0 0 0 0 0 0 0 0 0 0 0 0 0 0 0 2 0 0 0 0 0 0 0 0 0 0 0 0 2 3 0 190659 0 0 0 0 0 0 0 8 0 0 0 2
192 AGA 34 0 1 0 2 0 0 0 180140 0 1 1 1 0 0 0 0 0 0 0 0 0 0 0 0 0 0 0 0 0 0 0 0 0 0 0 0 0 0 0 16 0 0 0 0 0 0 0 0 0 0 0 0 0 0 0 1 0 0 0 0 0 0 0
193 TTA 0 0 0 0 0 0 0 1 1 0 0 0 17 0 0 0 0 0 0 0 0 0 0 0 0 0 0 0 10 0 0 0 0 0 0 0 0 0 0 0 1 0 0 0 1 0 0 0 2 0 0 2 11 0 0 0 0 0 0 0 189489 0 10 0
194 ATA 1 1 0 0 6 0 0 0 1 0 0 0 213289 0 8 0 0 0 0 0 0 0 0 0 0 0 0 0 0 0 0 0 0 0 0 0 0 0 0 0 0 0 0 0 7 0 0 0 1 0 0 0 0 0 0 0 0 0 0 0 4 0 0 0
195 AAC 19 199216 5 31 0 0 0 1 0 6 0 0 1 3 0 0 0 0 0 0 0 0 0 0 0 0 0 0 0 0 0 0 0 4 0 0 0 0 0 0 0 0 0 0 0 0 0 0 1 0 0 0 0 0 0 0 0 0 0 1 0 0 0 0
196 TGT 0 1 0 0 0 0 0 0 0 0 0 3 0 0 0 0 0 0 0 0 0 0 0 1 0 0 0 15 0 1 0 0 0 0 0 0 0 0 0 0 0 0 0 3 5 1 0 0 0 1 0 56 1 0 0 0 0 28 0 191894 0 0 0 3
197 AAC 7 198174 0 56 6 1 0 0 0 11 0 0 1 2 0 0 0 1 0 0 0 0 0 0 0 0 0 0 0 0 0 0 0 31 0 0 0 0 0 0 0 0 0 0 0 0 0 0 1 0 0 0 0 0 0 0 0 0 0 1 0 0 0 0
198 ACC 0 0 0 0 7 96532 0 15 0 0 0 0 0 8 0 0 0 2 0 0 0 0 0 0 0 0 0 0 0 0 0 0 0 0 0 0 0 0 0 0 0 0 0 0 0 0 0 0 0 0 0 0 0 1 0 0 0 0 0 0 0 0 0 0
199 TCA 0 0 0 0 3 0 0 0 0 0 0 0 0 0 0 0 0 0 0 0 14 0 0 0 0 0 0 0 0 0 0 0 0 0 0 0 0 0 0 0 0 0 0 0 0 0 0 0 2 0 0 0 111604 0 15 1 0 0 0 0 7 0 0 0
200 GCC 0 0 0 0 0 46 0 0 0 0 0 0 0 1 0 0 0 0 0 0 0 1 0 0 0 0 0 0 0 0 0 0 0 4 0 0 2 86455 0 4 0 0 0 0 0 19 0 0 0 0 0 0 0 2 0 0 0 0 0 0 0 0 0 0
201 ATT 1 0 0 0 0 0 0 15 0 0 0 1 2 17 0 150189 0 0 0 0 0 0 0 0 0 0 0 0 0 0 0 0 0 0 0 0 0 0 0 0 0 0 0 0 0 0 0 2 0 0 0 0 0 0 0 0 0 0 0 0 0 0 0 1
202 ACA 1 0 0 0 166321 0 9 0 1 0 0 0 27 0 0 0 0 3 1 0 1 0 0 0 0 0 0 0 0 0 0 0 0 0 0 0 19 0 0 0 0 0 0 0 0 0 0 0 0 5 0 0 0 0 0 0 0 0 0 0 1 0 0 0
203 CAG 0 0 3 0 9 0 0 0 0 0 2 0 0 0 0 0 38 0 178942 12 1 0 4 0 0 0 62 0 0 0 5 0 0 0 0 0 0 0 0 0 0 0 2 0 0 0 0 0 0 0 34 0 3 0 0 0 0 0 0 0 1 0 0 0
204 GCT 0 0 0 0 0 0 0 41 0 0 0 0 0 0 0 0 0 1 1 1 0 0 0 0 0 0 0 0 0 0 0 2 0 0 0 8 3 11 2 169047 0 6 0 3 0 0 0 27 0 0 0 0 0 0 0 4 0 0 0 0 1 0 0 0
205 TGT 0 0 0 1 0 0 0 0 0 0 1 1 0 0 0 2 0 0 0 0 0 0 0 0 0 0 0 15 0 0 0 0 0 0 0 0 0 0 0 0 0 0 0 2 0 3 0 0 0 0 0 41 0 0 0 2 2 46 0 203928 0 0 4 7
206 CCA 0 0 0 0 7 0 0 0 0 0 0 0 0 0 0 0 15 0 0 0 190131 1 7 1 1 0 0 0 11 0 0 0 0 0 0 0 3 0 0 0 0 0 0 0 0 0 0 0 0 0 0 0 15 6 0 0 1 0 0 0 0 0 0 0
207 AAG 36 1 199178 11 1 0 7 0 0 0 29 0 0 0 3 0 0 0 2 0 0 0 0 0 0 0 0 0 0 0 0 1 0 0 10 0 0 0 0 0 0 0 1 0 0 0 0 0 0 0 1 0 0 0 0 0 0 0 0 0 0 0 0 0
208 GTA 0 0 0 0 0 0 0 0 0 0 0 0 87 0 0 0 0 0 0 0 0 0 0 0 0 0 0 0 4 0 0 0 0 0 0 0 10 0 0 1 1 0 0 1 218934 0 18 2 0 0 0 0 0 0 0 0 0 0 0 0 3 0 0 0
209 ACC 0 7 0 0 17 198239 2 24 0 3 0 0 0 24 0 0 0 0 0 0 0 0 0 0 0 0 0 0 0 0 0 0 0 0 0 0 1 14 0 0 0 0 0 0 0 0 0 0 0 0 0 0 0 3 0 0 0 0 0 0 0 0 0 0
210 TTT 0 0 0 0 0 0 0 0 0 0 0 0 0 0 0 9 0 0 0 0 0 0 0 0 0 0 0 0 0 0 0 33 0 0 0 0 0 0 0 0 0 0 0 0 0 0 0 8 0 0 0 1 0 0 0 21 0 0 0 2 3 13 1 211264
211 GAG 0 0 28 0 0 0 0 0 0 0 1 0 0 0 0 0 0 0 1 0 0 0 0 0 0 0 0 0 0 0 0 0 80 2 210591 5 0 0 0 0 0 0 25 0 0 0 1 0 0 0 4 0 0 0 0 0 0 0 0 0 0 0 0 0
212 CCA 0 0 0 0 17 0 0 0 0 0 0 0 0 0 0 0 8 0 0 0 190623 2 4 1 0 0 0 0 21 0 0 0 0 0 0 0 3 0 0 0 0 0 0 0 0 0 0 0 0 0 0 0 134 0 0 0 0 0 0 0 0 0 0 0
213 ATT 3 0 18 16 1 0 0 12 4 0 0 3 7 15 1 219820 0 0 0 0 0 0 0 0 0 0 0 0 0 0 0 4 0 0 0 0 0 0 0 1 0 0 0 0 0 0 0 6 0 0 0 0 0 0 0 0 0 0 0 0 0 0 0 3
214 CCC 0 0 0 0 0 1 0 0 0 1 0 0 0 0 0 0 0 10 0 0 4 205143 0 18 0 0 0 0 0 20 0 0 0 0 0 0 0 0 0 0 0 0 0 0 0 0 0 0 0 0 0 0 0 32 0 0 0 0 0 0 0 0 0 0
215 ATA 8 0 5 0 16 0 0 0 13 0 0 0 222202 0 9 3 0 0 0 0 0 0 0 0 0 0 0 0 1 0 0 0 0 0 0 0 0 0 0 0 0 0 0 0 3 0 0 0 0 0 0 0 0 0 0 0 0 0 0 0 1 0 0 0
216 CAT 0 1 0 7 0 0 0 0 0 0 0 0 0 0 0 0 11 10 4 222041 0 0 0 0 0 0 0 2 0 0 0 1 0 0 0 0 0 0 0 0 0 0 0 0 0 0 0 0 0 0 0 35 0 0 0 0 0 0 0 0 0 0 0 0
217 TAT 0 0 0 4 0 0 0 0 0 0 0 0 0 0 0 0 0 0 0 12 0 0 0 0 0 0 0 0 0 0 0 0 0 0 0 2 0 0 0 0 0 0 0 0 0 0 0 0 8 8 0 221087 0 0 0 0 0 0 0 8 0 0 0 1
218 TGT 0 0 0 0 0 0 0 0 0 0 0 4 0 0 0 0 0 0 0 1 0 0 0 0 0 0 0 10 0 0 0 0 0 0 0 0 0 0 0 0 0 0 0 4 0 0 0 0 0 0 0 51 0 0 0 0 9 10 0 223298 0 0 0 2
219 GCC 0 0 0 0 0 101 0 0 0 0 0 0 0 0 0 0 0 0 0 0 0 4 0 0 0 0 0 0 0 0 0 0 0 6 0 0 7 221232 0 22 0 9 0 0 0 49 0 0 0 0 0 0 0 11 0 0 0 0 0 0 0 0 0 0
220 CCA 0 0 0 0 9 0 0 0 0 0 0 0 0 0 0 0 7 0 0 0 218285 4 9 0 1 0 0 0 9 0 0 0 0 0 0 0 1 0 0 0 0 0 0 0 0 0 0 0 0 0 0 0 14 0 0 0 0 0 0 0 0 0 0 0
221 GCT 0 0 0 0 0 0 0 108 0 0 0 0 0 0 0 0 0 0 0 0 0 0 0 5 0 0 0 0 0 0 0 0 0 0 0 13 0 25 1 224543 0 0 0 1 0 0 0 34 0 0 0 0 0 0 0 4 0 0 0 0 0 0 0 0
222 GGT 0 0 0 0 0 0 0 0 0 0 0 41 0 0 0 0 0 0 0 0 0 0 0 0 0 0 0 0 0 0 0 0 0 0 0 35 0 0 0 0 4 14 2 226356 0 0 0 2 0 0 0 0 0 0 0 0 0 0 0 2 0 0 0 0
223 TTT 0 0 0 0 0 0 0 0 0 0 0 0 0 0 0 0 0 0 0 0 0 0 0 0 0 0 0 0 0 0 0 7 0 0 0 0 0 0 0 0 0 0 0 0 0 0 0 2 0 0 0 4 0 0 0 13 0 0 0 1 0 30 1 223536
224 GCG 0 0 0 0 0 0 54 0 0 0 0 0 0 0 0 0 0 0 0 0 0 0 0 0 0 0 0 0 0 0 0 0 0 0 0 0 51 0 219888 2 0 0 0 0 0 0 200 0 0 0 0 0 0 0 3 0 0 0 0 0 0 0 0 0
225 ATT 0 0 0 1 0 0 0 7 0 0 0 1 0 12 1 224454 0 0 0 0 0 0 0 0 0 0 0 0 0 0 0 0 0 0 0 0 0 0 0 0 0 0 0 0 0 0 0 4 0 0 0 0 0 0 0 0 0 0 0 0 0 0 0 2
226 CTA 0 0 0 0 0 0 0 0 0 0 0 0 8 0 0 0 2 0 0 0 38 0 1 0 0 0 0 0 221596 0 27 1 0 0 0 0 0 0 0 0 0 0 0 0 1 0 0 0 0 0 0 0 0 0 0 0 0 0 0 0 7 0 0 0
227 AAG 89 15 226905 5 0 0 1 0 0 0 24 0 0 0 5 0 0 0 2 0 0 0 0 0 0 0 0 0 0 0 0 0 0 0 11 0 0 0 0 0 0 0 0 0 0 0 0 0 0 0 3 0 0 0 0 0 0 0 0 0 0 0 0 0
228 TGT 0 0 0 0 0 0 0 0 0 0 0 9 0 0 0 0 0 0 0 0 0 0 0 0 0 0 0 8 0 0 0 0 0 0 0 1 0 0 0 0 0 0 0 5 0 0 0 0 0 0 0 76 0 0 0 0 12 16 2 226287 0 0 0 7
229 AAG 71 3 226267 15 0 0 20 0 0 0 87 0 0 0 20 0 0 0 0 0 0 0 0 0 0 0 0 0 0 0 0 0 0 0 32 0 0 0 0 0 0 0 0 0 0 0 0 0 0 0 0 0 0 0 0 0 0 0 0 0 0 0 0 0
230 GAT 0 0 0 43 0 0 0 0 0 0 0 0 0 0 0 0 0 0 0 3 0 0 0 0 0 0 0 0 0 0 0 0 10 10 3 227178 0 0 0 0 0 0 0 4 0 0 0 3 0 0 0 9 0 0 0 0 0 0 0 0 0 0 0 0
231 GAG 0 0 26 0 0 0 0 0 0 0 0 0 0 0 0 0 0 0 0 0 0 0 0 0 0 0 0 0 0 0 0 0 59 1 227149 7 0 0 5 0 0 0 42 0 0 0 3 0 0 0 1 0 0 0 0 0 0 0 0 0 0 0 0 0
232 AAG 50 7 226762 14 0 0 0 0 0 0 3 0 0 0 2 0 0 0 0 0 0 0 0 0 0 0 0 0 0 0 0 0 0 0 12 0 0 0 0 0 0 0 0 0 0 0 0 0 0 0 0 0 0 0 0 0 0 0 0 0 0 0 0 0
233 TTC 0 0 0 0 0 0 0 0 0 0 0 0 0 1 0 0 0 0 0 0 0 0 0 0 0 0 0 0 0 17 0 0 0 0 0 0 0 0 0 0 0 0 0 0 0 3 0 0 0 19 0 0 0 8 0 0 0 3 0 0 17 226111 0 25
234 AAT 10 4 2 227058 0 0 0 2 0 0 0 54 0 0 0 5 0 0 0 5 0 0 0 0 0 0 0 0 0 0 0 0 0 0 0 58 0 0 0 0 0 0 0 0 0 0 0 0 0 0 0 9 0 0 0 0 0 0 0 0 0 0 0 0
235 GGA 0 0 0 0 0 0 0 0 33 0 0 0 0 0 0 0 0 0 0 0 0 0 0 0 1 0 0 0 0 0 0 0 36 0 0 0 5 0 0 0 225767 0 11 1 3 0 0 0 0 0 0 0 0 0 0 0 11 0 0 0 0 0 0 0
236 ACA 3 0 0 0 227085 13 96 5 1 0 0 0 41 0 0 0 0 0 0 0 0 0 0 0 0 0 0 0 0 0 0 0 0 0 0 0 5 0 0 0 0 0 0 0 0 0 0 0 0 0 0 0 0 0 0 0 0 0 0 0 0 0 0 0
237 GGG 0 0 0 0 0 0 0 0 0 0 22 0 0 0 0 0 0 0 0 0 0 0 0 0 0 0 0 0 0 0 0 0 0 0 36 0 0 0 0 0 81 1 226235 3 0 0 7 0 0 0 0 0 0 0 0 0 0 0 25 0 0 0 0 0
238 CTA 0 0 0 0 0 0 0 0 0 0 0 0 13 0 0 0 3 0 0 0 16 0 0 0 3 0 0 0 227015 0 8 4 0 0 0 0 0 0 0 0 0 0 0 0 1 0 0 0 0 0 0 0 0 0 0 0 0 0 0 0 21 0 0 0
239 TGT 0 0 0 0 0 0 0 0 0 0 0 2 0 0 0 0 0 0 0 0 0 0 0 0 0 0 0 35 0 0 0 0 0 0 0 0 0 0 0 0 0 0 0 1 0 0 0 0 0 0 0 52 0 0 0 1 2 26 1 227029 0 0 0 3
240 AAA 227197 0 9 4 2 0 0 0 10 0 0 0 1 0 0 0 0 0 0 0 0 0 0 0 0 0 0 0 0 0 0 0 15 0 0 0 0 0 0 0 0 0 0 0 0 0 0 0 3 0 0 0 0 0 0 0 0 0 0 0 0 0 0 0
241 AAT 4 7 1 226893 0 0 0 0 0 0 0 2 0 0 0 16 0 0 0 1 0 0 0 0 0 0 0 0 0 0 0 0 0 0 0 13 0 0 0 0 0 0 0 0 0 0 0 0 0 0 0 2 0 0 0 0 0 0 0 0 0 0 0 0
242 GTC 0 0 0 0 0 0 0 0 0 0 0 0 0 68 0 0 0 0 0 0 0 0 0 0 0 0 0 0 0 2 0 0 0 7 0 0 0 15 0 0 0 1 0 0 3 226957 0 50 0 0 0 0 0 0 0 0 0 0 0 0 0 5 0 0
243 AGC 0 123 0 0 0 1 0 0 3 226890 0 62 0 2 0 0 0 0 0 0 0 0 0 0 0 0 0 0 0 0 0 0 0 0 0 0 0 0 0 0 0 28 0 0 0 0 0 0 0 0 0 0 0 0 0 0 0 1 0 0 0 0 0 0
244 ACA 2 0 0 0 227343 0 39 4 3 0 0 0 32 0 0 0 0 0 0 0 0 0 0 0 0 0 0 0 0 0 0 0 0 0 0 0 14 0 0 0 0 0 0 0 0 0 0 0 0 0 0 0 0 0 0 0 0 0 0 0 0 0 0 0
245 GTA 0 0 0 0 0 0 0 0 0 0 0 0 143 0 0 0 0 0 0 0 0 0 0 0 0 0 0 0 6 0 0 0 2 0 0 0 28 0 0 0 0 0 0 0 227059 0 21 2 0 0 0 0 0 0 0 0 0 0 0 0 8 0 0 0
246 CAA 12 0 0 0 0 0 0 0 0 0 0 0 0 0 0 0 227112 4 23 5 2 0 0 0 12 0 0 0 4 0 0 0 2 0 0 0 0 0 0 0 0 0 0 0 0 0 0 0 41 0 0 0 0 0 0 0 0 0 0 0 0 0 0 0
247 TGC 0 1 0 0 0 0 0 0 0 5 0 0 0 0 0 0 0 0 0 0 0 0 0 0 0 8 0 0 0 0 0 0 0 1 0 0 0 0 0 0 0 0 0 0 0 0 0 0 0 156 0 0 0 4 0 0 9 226900 0 64 0 8 0 0
248 ACA 14 0 1 0 227222 0 12 6 1 0 0 0 50 0 0 0 0 0 0 0 0 0 0 0 0 0 0 0 0 0 0 0 0 0 0 0 8 0 0 0 0 0 0 0 0 0 0 0 0 0 0 0 3 0 0 0 0 0 0 0 0 0 0 0
249 CAT 0 0 0 5 0 0 0 0 0 0 0 0 0 0 0 0 3 33 1 227331 0 0 0 0 0 0 0 10 0 0 0 1 0 0 0 0 0 0 0 0 0 0 0 0 0 0 0 0 0 0 0 21 0 0 0 0 0 0 0 0 0 0 0 0
250 GGA 0 0 0 0 0 0 0 0 31 0 0 0 0 0 0 0 0 0 0 0 0 0 0 0 1 0 0 0 0 0 0 0 36 0 0 0 2 0 0 0 227264 0 9 5 4 0 0 0 0 0 0 0 0 0 0 0 12 0 0 0 0 0 0 0
251 ATC 1 2 0 0 0 10 0 0 0 3 0 0 14 227497 0 36 0 0 0 0 0 0 0 0 0 0 0 0 0 1 0 0 0 0 0 0 0 0 0 0 0 0 0 0 0 9 0 0 0 0 0 0 0 0 0 0 0 0 0 0 0 0 0 0
252 AAG 59 1 226927 8 0 0 4 0 0 0 22 0 0 0 7 0 0 0 2 0 0 0 0 0 0 0 0 0 0 0 0 0 0 0 60 0 0 0 0 0 0 0 0 0 0 0 0 0 0 0 1 0 0 0 0 0 0 0 0 0 0 0 0 0
253 CCA 0 0 0 0 12 0 0 0 0 0 0 0 0 0 0 0 3 0 0 0 227275 3 9 0 0 0 0 0 18 0 0 0 0 0 0 0 0 0 0 0 0 0 0 0 0 0 0 0 0 0 0 0 79 0 0 0 0 0 0 0 0 0 0 0
254 GTA 0 0 0 0 1 0 0 0 0 0 0 0 85 0 0 0 0 0 0 0 0 0 0 0 0 0 0 0 3 0 0 0 11 0 0 0 13 0 0 0 2 0 0 0 227322 2 31 4 0 0 0 0 0 0 0 0 0 0 0 0 11 0 0 0
255 GTA 0 0 0 0 1 0 0 0 0 0 0 0 178 0 0 0 0 0 0 0 0 0 0 0 0 0 0 0 11 0 0 0 6 0 0 0 23 0 0 0 0 0 0 0 227278 0 9 1 0 0 0 0 0 0 0 0 0 0 0 0 6 0 0 0
256 TCA 0 0 0 0 3 0 0 0 0 0 0 0 0 0 0 0 0 0 0 0 10 0 0 0 0 0 0 0 0 0 0 0 0 0 0 0 0 0 0 0 0 0 0 0 0 0 0 0 6 0 0 0 227290 1 17 3 0 0 0 0 24 0 0 0
257 ACT 0 0 0 4 10 31 1 227207 0 0 0 3 0 0 0 27 0 0 0 0 0 0 0 1 0 0 0 0 0 0 0 0 0 0 0 0 0 0 0 4 0 0 0 0 0 0 0 0 0 0 0 0 0 0 0 2 0 0 0 0 0 0 0 0
258 CAA 12 0 0 0 1 0 0 0 0 0 0 0 0 0 0 0 401808 1 19 6 1 0 0 0 38 0 0 0 2 0 0 0 0 0 0 0 0 0 0 0 0 0 0 0 0 0 0 0 43 0 0 0 0 0 0 0 0 0 0 0 0 0 0 0
259 CTG 0 0 3 0 0 0 0 0 0 0 0 0 0 0 7 0 0 0 4 0 0 0 14 0 0 0 1 0 181 0 402050 6 0 0 0 0 0 0 0 0 0 0 0 0 0 0 8 0 0 0 0 0 0 0 0 0 0 0 0 0 0 0 56 0
260 CTG 0 0 0 0 0 0 0 0 0 0 0 0 0 0 27 0 0 0 3 0 0 0 56 0 0 0 10 0 90 3 401414 4 0 0 0 0 0 0 0 0 0 0 0 0 0 0 8 0 0 0 0 0 0 0 0 0 0 0 0 0 0 0 66 0
261 TTA 0 0 0 0 0 0 0 0 0 0 0 0 11 0 0 2 0 0 0 0 0 0 0 0 0 0 0 0 41 0 0 0 0 0 0 0 0 0 0 0 0 0 0 0 1 0 0 0 5 0 0 0 19 0 0 0 0 0 0 0 401634 1 26 2
262 AAT 16 14 3 402254 0 0 0 2 0 0 0 13 0 0 0 18 0 0 0 0 0 0 0 0 0 0 0 0 0 0 0 0 0 0 0 23 0 0 0 0 0 0 0 0 0 0 0 0 0 0 0 5 0 0 0 0 0 0 0 0 0 0 0 0
263 GGC 0 1 0 0 0 0 0 0 0 60 0 0 0 0 0 0 0 0 0 0 0 0 0 0 0 1 0 0 0 0 0 0 0 292 0 0 0 0 0 0 9 400971 0 231 0 11 0 0 0 0 0 0 0 0 0 0 0 12 0 0 0 0 0 0
264 AGT 0 0 0 113 0 0 0 4 2 26 0 401349 0 0 0 8 0 0 0 0 0 0 0 0 0 0 0 0 0 0 0 0 0 0 0 0 0 0 0 0 0 0 0 29 0 0 0 0 0 0 0 0 0 0 0 0 0 0 0 2 0 0 0 0
265 CTA 0 0 0 0 0 0 0 0 0 0 0 0 60 0 0 0 6 0 0 0 21 0 0 0 0 0 0 0 401424 2 60 3 0 0 0 0 0 0 0 0 0 0 0 0 0 0 0 0 0 0 0 0 0 0 0 0 0 0 0 0 62 0 0 0
266 GCA 0 0 0 0 122 0 0 0 0 0 0 0 0 0 0 0 0 0 0 0 5 0 0 0 0 0 0 0 0 0 0 0 6 0 0 0 401030 3 53 2 0 0 0 0 99 0 0 0 0 0 0 0 3 0 0 0 0 0 0 0 0 0 0 0
267 GAA 93 0 0 0 0 0 0 0 0 0 0 0 0 0 0 0 4 0 0 0 0 0 0 0 0 0 0 0 0 0 0 0 401256 4 37 4 0 0 0 0 20 0 0 0 3 0 0 0 7 0 0 0 0 0 0 0 0 0 0 0 0 0 0 0
268 GGA 0 0 0 1 0 0 0 0 86 0 0 0 0 0 0 0 0 0 0 0 0 0 0 0 0 0 0 0 0 0 0 0 48 0 0 0 1 0 0 0 401639 0 45 7 3 0 0 0 0 0 0 0 0 0 0 0 10 0 0 0 0 0 0 0
269 GAG 5 0 70 0 0 0 0 0 0 0 0 0 1 0 0 0 0 0 2 0 0 0 0 0 0 0 0 0 0 0 0 0 105 0 401139 13 0 0 4 0 0 0 66 0 0 0 4 0 0 0 5 0 0 0 0 0 0 0 0 0 0 0 0 0
270 GTA 0 0 0 0 0 0 0 0 0 0 0 0 112 0 0 0 0 0 0 0 0 0 0 0 0 0 0 0 3 0 0 0 10 0 0 0 18 0 0 0 0 0 0 0 402058 0 65 2 0 0 0 0 0 0 0 0 0 0 0 0 5 0 0 0
271 AGA 103 0 1 0 3 0 0 0 401947 2 19 4 28 0 0 0 0 0 0 0 0 0 0 0 4 0 0 0 0 0 0 0 0 0 0 0 0 0 0 0 17 0 0 0 0 0 0 0 0 0 0 0 0 0 0 0 10 0 0 0 0 0 0 0
272 ATT 0 0 0 5 0 0 0 11 0 0 0 1 11 12 0 402440 0 0 0 0 0 0 0 0 0 0 0 0 0 0 0 3 0 0 0 0 0 0 0 0 0 0 0 0 0 0 0 6 0 0 0 0 0 0 0 0 0 0 0 0 0 0 0 2
273 AGA 65 0 0 1 0 0 0 0 401875 0 13 1 7 0 0 0 0 0 0 0 0 0 0 0 0 0 0 0 0 0 0 0 0 0 0 0 0 0 0 0 93 0 0 0 0 0 0 0 0 0 0 0 0 0 0 0 2 0 0 0 0 0 0 0
274 TCT 0 0 0 0 0 0 0 14 0 0 0 0 0 0 0 0 0 0 0 0 0 0 0 22 0 0 0 0 0 0 0 0 0 0 0 0 0 0 0 2 0 0 0 0 0 0 0 0 0 0 0 16 34 128 5 400891 0 0 0 0 0 0 1 51
275 GAA 128 0 0 0 0 0 0 0 0 0 0 0 0 0 0 0 0 0 0 0 0 0 0 0 0 0 0 0 0 0 0 0 400691 4 10 3 1 0 0 0 9 0 0 0 3 0 0 0 4 0 0 0 0 0 0 0 0 0 0 0 0 0 0 0
276 AAT 34 14 1 401765 0 1 0 2 0 0 0 16 0 0 0 11 0 0 0 0 0 0 0 0 0 0 0 0 0 0 0 0 0 0 0 12 0 0 0 0 0 0 0 0 0 0 0 0 0 0 0 8 0 0 0 0 0 0 0 0 0 0 0 0
277 ATC 0 7 0 0 0 17 0 0 0 3 0 0 7 400639 0 56 0 0 0 0 0 0 0 0 0 0 0 0 0 2 0 0 0 0 0 0 0 0 0 0 0 0 0 0 0 10 0 0 0 0 0 0 0 0 0 0 0 0 0 0 0 3 0 0
278 ACA 19 0 0 0 401313 1 13 12 1 0 0 0 46 0 0 1 0 0 0 0 1 0 0 0 0 0 0 0 0 0 0 0 0 0 0 0 37 0 0 0 0 0 0 0 0 0 0 0 0 0 0 0 3 0 0 0 0 0 0 0 0 0 0 0
279 AAC 14 401541 0 66 0 3 0 0 0 12 0 0 0 2 0 0 0 1 0 0 0 0 0 0 0 0 0 0 0 0 0 0 0 10 0 0 0 0 0 0 0 0 0 0 0 0 0 0 0 3 0 0 0 0 0 0 0 0 0 0 0 0 0 0
280 AAT 18 11 1 399912 0 0 0 3 0 0 0 11 0 0 0 3 0 0 0 0 0 0 0 0 0 0 0 0 0 0 0 0 0 0 0 17 0 0 0 0 0 0 0 0 0 0 0 0 0 0 0 8 0 0 0 0 0 0 0 0 0 0 0 0
281 GCC 0 0 0 0 0 249 0 0 0 0 0 0 0 0 0 0 0 0 0 0 0 7 0 0 0 0 0 0 0 0 0 0 0 14 0 0 7 396643 0 37 0 0 0 0 0 104 0 0 0 0 0 0 0 12 0 0 0 0 0 0 0 0 0 0
282 AAA 402079 0 5 3 1 0 0 0 11 0 0 0 2 0 0 0 28 0 0 0 0 0 0 0 0 0 0 0 0 0 0 0 6 0 0 0 0 0 0 0 0 0 0 0 0 0 0 0 4 0 0 0 0 0 0 0 0 0 0 0 0 0 0 0
283 AAC 10 401027 2 52 0 1 0 0 0 12 0 0 0 7 0 0 0 0 0 0 0 0 0 0 0 0 0 0 0 0 0 0 0 8 0 0 0 0 0 0 0 0 0 0 0 0 0 0 0 1 0 0 0 0 0 0 0 0 0 0 0 0 0 0
284 ATA 6 0 0 0 26 0 0 0 1 0 0 0 401541 1 43 1 0 0 0 0 0 0 0 0 0 0 0 0 1 0 0 0 0 0 0 0 0 0 0 0 0 0 0 0 11 0 0 0 0 0 0 0 0 0 0 0 0 0 0 0 1 0 0 0
285 ATA 16 0 0 0 13 0 0 0 1 0 0 0 402078 0 29 3 0 0 0 0 0 0 0 0 0 0 0 0 0 0 0 0 0 0 0 0 0 0 0 0 0 0 0 0 26 0 0 0 0 0 0 0 0 0 0 0 0 0 0 0 10 0 0 0
286 GTA 0 0 0 0 0 0 0 0 0 0 0 0 181 0 0 0 0 0 0 0 0 0 0 0 0 0 0 0 7 0 0 0 6 0 0 0 69 0 0 0 2 0 0 0 398658 0 70 3 0 0 0 0 0 0 0 0 0 0 0 0 20 0 0 0
287 CAA 13 0 0 0 0 0 0 0 0 0 0 0 0 0 0 0 400467 1 13 2 2 0 0 0 10 0 0 0 3 0 0 0 2 0 0 0 0 0 0 0 0 0 0 0 0 0 0 0 64 0 0 0 0 0 0 0 0 0 0 0 0 0 0 0
288 CTT 0 0 0 0 0 0 0 0 0 0 0 0 0 0 0 15 0 0 0 14 0 0 0 12 0 0 0 0 25 21 1 398282 0 0 0 0 0 0 0 0 0 0 0 0 0 0 0 6 0 0 0 0 0 0 0 0 0 0 0 0 0 0 0 41
289 GCC 0 0 0 0 0 209 0 0 0 0 0 0 0 0 0 0 0 0 0 0 0 7 0 0 0 0 0 0 0 0 0 0 0 31 0 0 50 394356 4 115 0 5 0 0 0 215 0 0 0 0 0 0 0 7 0 0 0 0 0 0 0 0 0 0
290 AGC 0 124 0 1 0 4 0 0 13 391738 4 58 0 15 0 0 0 0 0 0 0 0 0 0 0 1 0 0 0 0 0 0 0 0 0 0 0 0 0 0 0 36 0 0 0 0 0 0 0 0 0 0 0 0 0 0 0 7 0 0 0 0 0 0
291 CCT 0 0 0 0 0 0 0 17 0 0 0 0 0 0 0 0 0 0 0 50 15 187 17 395795 0 0 0 0 0 0 0 26 0 0 0 0 0 0 0 2 0 0 0 0 0 0 0 0 0 0 0 0 0 0 0 24 0 0 0 0 0 0 0 0
292 GTA 0 0 0 0 0 0 0 0 0 0 0 0 204 0 0 0 0 0 0 0 0 0 0 0 0 0 0 0 6 0 0 0 1 0 0 1 39 0 0 0 3 0 0 0 391326 0 14 1 0 0 0 0 0 0 0 0 0 0 0 0 7 0 0 0
293 ACA 14 0 0 0 397346 1 6 4 1 0 0 0 41 0 0 0 0 0 0 0 1 0 0 0 0 0 0 0 0 0 0 0 0 0 0 0 12 0 0 0 0 0 0 0 0 0 0 0 0 0 0 0 3 0 0 0 0 0 0 0 0 0 0 0
294 ATT 2 0 0 14 0 0 0 9 0 0 0 4 27 15 3 396975 0 0 0 0 0 0 0 0 0 0 0 0 0 0 0 2 0 0 0 0 0 0 0 0 0 0 0 0 0 0 0 4 0 0 0 0 0 0 0 0 0 0 0 0 0 0 0 5
295 AAT 11 14 3 401244 0 0 0 4 0 0 0 6 0 0 0 14 0 0 0 3 0 0 0 0 0 0 0 0 0 0 0 0 0 0 0 11 0 0 0 0 0 0 0 0 0 0 0 0 0 0 0 11 0 0 0 0 0 0 0 0 0 0 0 0
296 TGT 0 0 0 3 0 0 0 0 0 0 0 6 0 0 0 0 0 0 0 0 0 0 0 0 0 0 0 15 0 0 0 0 0 0 0 0 0 0 0 0 0 0 0 1 0 0 0 0 0 0 0 132 0 0 0 15 7 37 0 353475 0 0 0 10
297 ATC 0 23 0 0 0 14 0 0 0 4 0 0 14 393403 0 81 0 0 0 0 0 0 0 0 0 0 0 0 0 0 0 0 0 0 0 0 0 0 0 0 0 0 0 0 0 20 0 0 0 0 0 0 0 0 0 0 0 0 0 0 0 3 0 0
298 AGA 50 0 0 0 2 0 0 0 374937 2 14 1 8 0 0 0 0 0 0 0 0 0 0 0 2 0 0 0 0 0 0 0 0 0 0 0 0 0 0 0 148 0 0 0 0 0 0 0 0 0 0 0 0 0 0 0 9 0 0 0 0 0 0 0
299 CCT 0 0 0 0 0 0 0 13 0 0 0 0 0 0 0 0 0 0 0 24 42 58 0 378132 0 0 0 0 0 0 0 37 0 0 0 0 0 0 0 2 0 0 0 0 0 0 0 0 0 0 0 0 0 0 0 37 0 0 0 0 0 0 0 0
300 AAC 19 394636 4 68 0 2 0 0 0 18 0 0 0 9 0 0 0 1 0 0 0 0 0 0 0 0 0 0 0 0 0 0 0 15 0 0 0 0 0 0 0 0 0 0 0 0 0 0 0 2 0 0 0 0 0 0 0 0 0 0 0 0 0 0
301 AAC 36 397295 3 55 0 0 0 0 0 10 0 0 1 5 0 0 0 0 0 0 0 0 0 0 0 0 0 0 0 0 0 0 0 13 0 0 0 1 0 0 0 0 0 0 0 0 0 0 0 1 0 0 0 1 0 0 0 0 0 0 0 0 0 0
302 AAT 7 17 2 377372 0 0 0 0 0 0 0 13 0 0 0 15 0 0 0 2 0 0 0 0 0 0 0 0 1 0 0 0 0 0 0 14 0 0 0 0 0 0 0 0 0 0 0 0 0 0 0 10 0 0 0 0 0 0 0 0 0 0 0 0
303 ACA 6 2 0 0 386707 0 32 2 4 0 0 1 52 0 0 0 0 0 0 0 0 0 0 0 0 0 0 0 0 0 0 0 0 0 0 0 38 0 0 0 0 0 0 0 0 0 0 0 0 1 0 0 0 0 0 0 0 0 0 0 0 0 0 0
304 AGA 48 0 2 0 1 0 0 0 388321 1 1 0 8 0 0 0 0 0 0 0 0 0 0 1 10 0 0 0 0 0 0 0 0 0 0 0 0 0 0 0 44 0 0 0 0 0 0 0 0 0 0 0 0 0 0 0 5 0 0 0 0 0 0 0
305 AAA 395023 1 2 3 1 0 0 0 12 0 0 0 0 0 0 0 0 0 0 0 0 0 0 0 0 0 0 0 0 0 0 0 3 0 0 0 0 0 0 0 0 0 0 0 0 0 0 0 0 0 0 0 0 0 0 0 0 0 0 0 0 0 0 0
306 AGT 0 0 7 65 0 2 0 8 12 9 1 276272 0 0 0 6 0 0 0 0 0 0 0 0 0 0 0 2 0 0 0 0 0 0 0 0 0 0 0 0 0 0 0 792 0 0 92 0 0 0 0 0 0 0 0 0 0 0 0 3 0 0 0 0
307 GTA 0 0 1 0 1 1 0 0 0 0 0 0 181 0 0 0 0 0 0 0 0 0 0 0 0 0 0 0 5 0 0 0 2 2 0 0 23 0 0 0 0 0 0 0 305357 2 21 1 0 157 0 0 0 0 0 0 0 0 0 1 1 0 0 0
308 CAC 0 15 2 0 18 191 0 0 0 0 0 0 1 0 0 1 31 354697 13 41 3 2 0 0 0 9 0 0 0 5 0 0 0 4 0 0 0 0 0 0 0 0 0 0 0 0 0 0 0 113 0 0 0 0 0 0 0 1 0 0 0 0 0 0
309 CTA 0 2 2 0 0 0 0 0 1 1 0 0 42 0 0 1 11 1 3 2 42 0 0 19 1 0 0 0 329312 6 55 1 0 0 0 0 9 0 0 0 8 0 0 0 0 0 0 0 0 0 217 0 0 0 0 0 0 0 0 0 31 0 0 0
312 GGA 10 1 0 0 2 0 0 0 92 0 4 0 0 0 1 0 14 0 0 1 0 0 0 0 2 0 0 0 1 0 0 0 70 112 0 1 7 0 0 0 219420 8 4 0 13 0 0 0 0 0 0 0 0 0 0 1 2 0 0 0 0 3 0 0
313 CCA 0 1 2 0 26 17 0 0 0 0 0 0 0 0 1 5 31 0 141 0 328709 2 58 6 1 0 0 0 41 0 0 0 0 0 0 0 14 0 0 0 0 0 0 0 0 0 0 0 0 0 0 6 37 0 0 1 0 0 0 0 0 1 0 0
314 GGA 0 1 0 0 0 0 0 0 66 1 1 0 0 0 0 0 0 0 1 4 0 0 0 0 4 0 0 0 6 0 0 0 38 101 0 0 18 0 0 0 278051 7 1 0 9 0 0 0 0 0 0 1 0 0 0 0 12 0 0 0 0 4 0 0
315 CAA 11 0 0 0 0 0 0 0 0 0 0 0 0 0 0 0 294205 1 0 0 0 0 0 0 0 0 0 0 0 0 0 0 0 0 0 0 0 0 0 0 0 0 0 0 0 0 0 0 35 0 0 0 0 0 0 0 0 0 0 0 0 0 0 0
316 GCA 1 0 0 0 89 0 0 0 0 0 0 0 0 0 0 0 0 0 0 0 1 0 0 0 0 0 0 0 0 0 0 0 9 0 0 0 229996 1 1 1 0 0 0 0 74 0 0 0 0 0 0 0 2 0 0 0 0 0 0 0 0 0 0 0
317 TTC 1 0 1 0 1 0 0 0 1 0 0 1 1 10 0 6 0 0 7 0 0 0 0 0 0 0 0 0 0 6 0 0 0 6 0 0 0 0 0 0 2 0 0 0 0 1 1 0 0 2 0 0 0 2 0 0 0 0 0 0 21 141948 0 31
317a TAT 1 0 0 13 1 0 0 0 0 0 1 0 0 0 4 0 1 0 8 31 0 0 0 0 0 0 0 0 3 0 0 0 0 0 0 14 0 0 0 0 0 0 0 0 0 0 1 0 2 5 4 311704 0 0 0 0 0 0 0 11 0 0 0 1
318 GCA 0 0 0 0 178 0 0 0 0 0 1 0 0 0 0 0 1 0 0 0 0 0 0 0 0 0 0 0 0 0 0 0 7 0 0 0 150286 1 7 1 2 0 0 0 106 0 0 0 0 0 0 0 1 0 0 0 0 0 0 0 0 0 0 0
319 ACA 21 5 0 0 339560 2 43 4 1 0 2 0 86 0 0 0 0 0 1 0 1 0 0 0 0 0 0 0 0 0 0 0 0 0 0 0 8 0 0 0 0 0 0 0 0 0 0 0 0 0 0 0 1 0 0 0 0 0 0 0 0 1 0 0
320 GAT 0 0 0 54 2 0 0 0 10 0 0 0 0 0 1 0 0 1 0 1 0 0 0 0 0 0 0 0 1 0 0 0 9 13 1 263332 0 0 0 0 0 0 0 5 0 0 0 3 0 0 0 7 0 0 0 0 0 0 0 0 0 0 0 0
321 GGC 0 0 0 0 0 0 0 0 0 75 0 0 0 0 0 0 0 0 0 0 0 0 0 0 0 2 0 0 0 0 0 0 1 157 0 0 2 3 0 0 7 159426 0 58 0 1 0 0 0 0 0 0 0 0 0 0 0 8 0 0 0 0 0 0
322 ATA 5 0 0 0 21 0 0 0 0 0 0 0 386563 2 29 1 0 0 0 4 0 0 0 0 0 0 0 0 0 0 0 0 0 0 0 0 1 0 0 0 0 0 0 0 4 0 0 0 4 0 0 0 0 0 0 0 0 0 0 0 2 0 0 0
323 ATA 18 0 0 6 6 0 0 0 1 0 0 0 381819 4 98 7 1 0 0 0 0 0 0 0 0 0 0 0 2 0 0 0 0 0 0 0 0 0 0 0 0 0 0 0 19 0 0 0 1 0 2 0 0 0 0 0 0 0 0 0 14 0 0 0
324 GGG 0 0 1 0 0 0 0 0 0 0 73 0 0 0 0 0 0 0 0 0 0 0 0 0 0 0 2 0 0 0 0 0 1 0 59 1 0 0 3 0 73 3 347822 13 0 0 11 0 0 0 1 0 0 0 0 0 0 0 27 0 0 0 0 0
325 GAG 1 0 77 0 0 0 0 0 0 0 0 0 0 0 0 0 0 0 1 0 0 0 0 0 0 0 0 0 0 0 0 0 180 1 381420 5 0 0 0 0 0 0 43 0 0 0 3 0 0 0 9 0 0 0 0 0 0 0 0 0 0 0 0 0
326 ATA 13 0 0 1 13 0 0 0 2 0 0 0 395926 0 73 3 0 0 0 0 0 0 0 0 0 0 0 0 2 0 0 0 0 0 0 0 0 0 0 0 0 0 0 0 7 0 0 0 0 0 0 0 0 0 0 0 0 0 0 0 1 0 0 0
327 AGA 60 0 0 0 4 0 0 0 397078 0 11 0 12 0 0 0 0 0 0 0 0 0 0 0 1 0 0 0 0 0 0 0 0 0 0 0 0 0 0 0 24 0 0 0 0 0 0 0 0 0 0 0 0 0 0 0 5 0 0 0 0 0 0 0
328 CAA 84 0 0 0 0 0 0 0 0 0 0 0 0 0 0 0 393930 1 27 11 2 0 0 0 15 0 0 0 15 0 0 0 6 0 0 0 0 0 0 0 0 0 0 0 0 0 0 0 64 0 0 0 0 0 0 0 0 0 0 0 0 0 0 0
329 GCA 2 0 0 0 169 0 0 0 0 0 0 0 0 0 0 0 0 0 0 0 9 0 0 0 0 0 0 0 0 0 0 0 10 0 0 0 366013 0 8 5 1 0 0 0 122 0 0 0 0 0 0 0 13 0 0 0 0 0 0 0 0 0 0 0
330 CAT 2 0 0 52 0 0 0 0 0 0 0 1 0 0 0 0 35 28 1 375868 0 0 0 0 1 0 0 11 0 0 0 9 0 0 0 2 0 0 0 0 0 0 0 0 0 0 0 0 0 0 0 72 0 0 0 0 0 0 0 0 0 0 0 0
331 TGT 0 0 0 2 0 0 0 0 0 0 0 23 0 0 0 0 0 0 0 0 0 0 0 0 0 0 0 23 0 0 0 0 0 0 0 0 0 0 0 0 0 0 0 5 0 0 0 0 0 0 0 78 0 0 0 2 28 49 0 385367 0 0 0 6
332 AAT 19 18 6 395452 0 0 0 7 0 0 0 21 0 0 0 2 0 0 0 0 0 0 0 0 0 0 0 0 0 0 0 0 0 0 0 45 0 0 0 0 0 0 0 0 0 0 0 0 0 0 0 10 0 0 0 0 0 0 0 0 0 0 0 0
333 GTT 0 0 0 2 0 0 0 0 0 0 0 0 0 0 0 92 0 0 0 0 0 0 0 0 0 0 0 0 0 0 0 6 0 0 0 17 0 0 0 23 0 0 0 3 11 22 2 382344 0 0 0 1 0 0 0 0 0 0 0 0 0 0 0 9
334 AGT 0 1 0 103 0 0 0 4 9 33 0 393843 0 0 0 7 0 0 0 0 0 0 0 0 0 0 0 2 0 0 0 0 0 0 0 0 0 0 0 0 0 0 0 48 0 0 0 0 0 0 0 0 0 0 0 0 0 0 0 0 0 0 0 0
335 AAA 401090 1 21 14 0 0 0 0 10 0 0 0 0 0 0 0 0 0 0 0 0 0 0 0 0 0 0 0 0 0 0 0 17 0 0 0 0 0 0 0 0 0 0 0 0 0 0 0 2 0 0 0 0 0 0 0 0 0 0 0 0 0 0 0
336 AAA 401368 3 344 4 1 0 0 0 11 0 1 0 4 0 0 0 3 0 0 0 0 0 0 0 0 0 0 0 0 0 0 0 20 0 0 0 0 0 0 0 1 0 0 0 0 0 0 0 7 0 0 0 0 0 0 0 0 0 0 0 0 0 0 0
337 GAA 68 0 0 0 0 0 0 0 0 0 0 0 0 0 0 0 4 0 0 0 0 0 0 0 0 0 0 0 0 0 0 0 401221 0 29 9 4 0 0 0 10 0 0 0 7 0 0 0 10 0 0 0 0 0 0 0 0 0 0 0 0 0 0 0
338 TGG 0 0 2 0 0 0 0 0 0 0 13 0 0 0 0 0 0 0 0 0 0 0 0 0 0 0 12 0 0 0 0 0 0 0 0 0 0 0 0 0 0 0 2 0 0 0 0 0 0 0 72 0 0 0 0 0 81 2 399431 8 0 0 14 0
339 AAT 26 11 0 400754 0 0 0 0 0 0 0 16 0 0 0 3 0 0 0 1 0 0 0 0 0 0 0 0 0 0 0 0 0 0 0 16 0 0 0 0 0 0 0 1 0 0 0 0 0 0 0 3 0 0 0 0 0 0 0 0 0 0 0 0
340 AGC 0 175 0 1 0 3 0 0 19 399303 0 145 0 13 0 0 0 0 0 0 0 0 0 0 0 3 0 0 0 0 0 0 0 0 0 0 0 0 0 0 0 74 0 1 0 0 0 0 0 0 0 0 0 0 0 0 0 8 0 0 0 0 0 0
341 ACT 0 0 0 16 18 22 7 389930 0 0 0 8 0 0 0 49 0 0 0 0 0 0 0 2 0 0 0 0 0 0 0 0 0 0 0 0 0 1 0 18 0 0 0 0 0 0 0 0 0 0 0 0 0 0 0 0 0 0 0 0 0 0 0 0
342 TTG 0 0 0 0 0 0 0 0 0 0 0 0 0 0 15 0 0 0 0 0 0 0 0 0 0 0 0 0 0 0 24 0 0 0 0 0 0 0 0 0 0 0 0 0 0 0 4 0 0 0 3 0 0 0 64 0 0 0 3 0 242 4 392967 3
343 CAA 11 0 0 0 0 0 0 0 0 0 0 0 0 0 0 0 400610 2 9 3 2 0 0 0 37 0 0 0 0 0 0 0 1 0 0 0 0 0 0 0 0 0 0 0 0 0 0 0 227 0 0 0 0 0 0 0 0 0 0 0 0 0 0 0
344 AAG 116 0 400968 9 0 0 3 0 0 0 203 0 0 0 8 0 0 0 4 0 0 0 0 0 0 0 0 0 0 0 0 0 0 0 18 0 0 0 0 0 0 0 0 0 0 0 0 0 0 0 10 0 0 0 0 0 0 0 0 0 0 0 0 0
345 GTA 0 0 0 0 0 0 0 0 0 0 0 0 179 0 0 0 0 0 0 0 0 0 0 0 0 0 0 0 13 0 0 0 7 0 0 0 10 0 0 0 0 0 0 0 400277 0 50 5 0 0 0 0 0 0 0 0 0 0 0 0 9 0 0 0
346 GCC 0 2 0 0 0 154 0 0 0 0 0 0 0 0 0 0 0 0 0 0 0 6 0 0 0 0 0 0 0 0 0 0 0 21 0 0 15 392137 1 46 0 4 0 0 0 133 0 0 0 0 0 0 0 16 0 0 0 0 0 0 0 0 0 0
347 AAC 9 400298 3 68 0 1 0 0 0 16 0 0 0 4 0 0 0 3 0 0 0 0 0 0 0 0 0 0 0 0 0 0 0 6 0 0 0 0 0 0 0 0 0 0 0 0 0 0 0 10 0 0 0 0 0 0 0 0 0 0 0 0 0 0
348 CAA 8 0 0 0 0 0 0 0 0 0 0 0 0 0 0 0 400770 0 4 4 0 0 0 0 6 0 0 0 15 0 0 0 2 0 0 0 0 0 0 0 0 0 0 0 0 0 0 0 25 0 0 0 0 0 0 0 0 0 0 0 0 0 0 0
349 TTA 0 0 0 0 0 0 0 0 0 0 0 0 3 0 0 0 0 0 0 0 0 0 0 0 0 0 0 0 15 0 0 0 0 0 0 0 0 0 0 0 0 0 0 0 1 0 0 0 13 0 0 0 21 0 0 0 1 0 0 0 401203 0 29 4
350 AGA 121 0 0 3 6 0 0 1 401428 2 27 7 26 0 0 0 0 0 0 0 0 0 0 0 3 0 0 0 0 0 0 0 1 0 0 0 0 0 0 0 27 0 0 0 0 0 0 0 0 0 0 0 0 0 0 0 5 0 0 0 1 0 0 0
351 CCA 1 0 0 0 39 0 0 0 0 0 0 0 0 0 0 0 11 0 0 1 401607 4 11 4 1 0 0 0 43 0 0 0 0 0 0 0 6 0 0 0 0 0 0 0 0 0 0 0 0 0 0 0 51 0 0 0 0 0 0 0 0 0 0 3
352 TAC 0 13 0 0 0 0 0 0 0 0 0 0 0 0 0 0 0 19 0 0 0 0 0 0 0 0 0 0 0 0 0 0 0 0 0 0 0 0 0 0 0 0 0 0 0 0 0 0 16 400399 11 75 0 1 0 0 0 27 0 0 0 2 0 0
353 TTT 0 0 0 0 0 0 0 0 0 0 0 0 0 0 1 19 0 0 0 0 0 0 0 0 0 0 0 0 0 0 0 24 0 0 0 0 0 0 0 0 0 0 0 0 0 0 0 2 0 0 0 21 0 0 0 22 0 0 0 2 43 20 3 397899
354 AAG 155 7 401449 32 0 0 3 0 0 0 32 0 0 0 17 0 0 0 2 0 0 0 0 0 0 0 0 0 0 0 0 0 0 0 32 0 0 0 0 0 0 0 0 0 0 0 0 0 0 0 7 0 0 0 0 0 0 0 0 0 0 0 0 0
355 AAC 42 401626 4 65 0 0 0 0 0 13 0 0 0 13 0 0 0 1 0 0 0 0 0 0 0 0 0 0 0 0 0 0 0 14 0 0 0 0 0 0 0 0 0 0 0 0 0 0 0 5 0 0 0 0 0 0 0 0 0 0 0 0 0 0
356 AAC 30 401543 3 48 0 2 0 0 0 27 0 0 0 18 0 0 0 3 0 0 0 0 0 0 0 0 0 0 0 0 0 0 0 21 0 0 0 0 0 0 0 0 0 0 0 0 0 0 0 6 0 0 0 0 0 0 0 0 0 0 0 0 0 0
357 ACA 38 0 0 0 401486 0 9 12 7 0 0 0 46 0 0 0 0 0 0 0 2 0 0 0 0 0 0 0 0 0 0 0 0 0 0 0 21 0 0 0 0 0 0 0 0 0 0 0 0 0 0 0 4 0 0 0 0 0 0 0 1 0 0 0
358 ATA 13 0 0 0 19 0 0 0 1 0 0 0 401644 0 16 1 0 0 0 0 0 0 0 0 0 0 0 0 0 0 0 0 0 0 0 0 0 0 0 0 0 0 0 0 13 0 0 0 0 0 0 0 0 0 0 0 0 0 0 0 4 0 0 0
359 ATA 50 0 0 0 22 0 0 0 3 0 0 0 401903 0 35 1 0 0 0 0 0 0 0 0 0 0 0 0 0 0 0 0 0 0 0 0 0 0 0 0 0 0 0 0 7 0 0 0 0 0 0 0 0 0 0 0 0 0 0 0 3 0 0 0
360 AAA 401540 6 18 12 2 0 0 0 18 0 0 0 3 0 0 0 0 0 0 0 0 0 0 0 0 0 0 0 0 0 0 0 7 0 0 0 0 0 0 0 0 0 0 0 0 0 0 0 2 0 0 0 0 0 0 0 0 0 0 0 0 0 0 0
361 TTT 0 0 0 3 0 0 0 0 0 0 0 0 0 0 0 13 0 0 0 0 0 1 0 0 0 0 0 0 0 0 0 23 0 0 0 0 0 0 0 0 0 0 0 0 0 0 0 1 0 0 0 12 1 0 0 15 0 0 0 1 16 16 0 401450
362 GCT 0 0 0 1 0 0 0 168 0 0 1 0 0 0 0 0 0 0 0 0 0 0 0 5 0 0 0 0 0 0 0 0 0 0 0 30 7 18 2 401189 0 0 0 5 0 0 0 178 0 0 0 0 0 0 0 11 0 0 0 0 0 0 0 0
363 AAC 21 402025 4 74 0 0 0 0 0 18 0 0 0 8 0 0 0 1 0 0 0 0 0 0 0 0 0 0 0 0 0 0 0 10 0 0 0 0 0 0 0 0 0 0 0 0 0 0 0 3 0 0 0 0 0 0 0 0 0 0 0 0 0 0
364 TCA 6 0 0 0 25 0 0 0 0 0 0 0 0 0 0 0 2 0 0 0 36 0 0 0 0 0 0 0 0 0 0 0 0 0 0 0 11 0 0 0 0 0 0 0 0 0 0 0 28 0 0 0 401714 0 24 7 1 0 0 0 43 0 0 1
365 TCA 2 0 0 0 26 0 0 0 0 0 0 0 0 0 0 0 0 0 0 0 24 0 0 0 0 0 0 0 0 0 0 0 0 0 0 0 4 0 0 0 0 0 0 0 0 0 0 0 14 0 0 0 400403 9 115 5 3 0 0 0 71 0 0 0
366 GGA 2 0 0 0 0 0 0 0 66 0 0 0 0 0 0 0 0 0 0 0 0 0 0 0 1 0 0 0 0 0 0 0 38 0 0 0 0 0 0 0 402068 1 29 2 6 0 0 0 0 0 0 0 0 0 0 0 8 0 0 0 0 0 0 0
367 GGG 0 0 0 0 0 0 0 0 0 0 412 0 0 0 0 0 0 0 0 0 0 0 0 0 0 0 0 0 0 0 0 0 1 0 58 0 0 0 1 0 78 0 401434 7 0 0 14 0 0 0 0 0 0 0 0 0 0 0 7 0 0 0 0 0
368 GAT 0 0 0 60 0 0 0 0 0 0 0 0 0 0 0 0 0 0 0 0 0 0 0 0 0 0 0 0 0 0 0 0 4 12 1 401914 0 0 0 0 0 0 0 11 0 0 0 4 0 0 0 9 0 0 0 0 0 0 0 0 0 0 0 0
369 CTA 0 0 0 0 0 0 0 0 0 0 0 0 16 0 0 0 3 0 0 0 89 0 0 0 1 0 0 0 401960 0 28 2 0 0 0 0 0 0 0 0 0 0 0 0 0 0 0 0 0 0 0 0 0 0 0 0 0 0 0 0 39 0 0 0
370 GAA 45 0 0 0 0 0 0 0 0 0 0 0 0 0 0 0 0 0 0 0 0 0 0 0 0 0 0 0 0 0 0 0 402037 1 9 6 1 0 0 0 10 0 0 0 5 0 0 0 5 0 0 0 0 0 0 0 0 0 0 0 0 0 0 0
371 ATT 0 0 0 36 0 0 0 16 0 0 0 1 11 44 4 402009 0 0 0 0 0 0 0 0 0 0 0 0 0 0 0 0 0 0 0 0 0 0 0 0 0 0 0 0 0 0 0 9 0 0 0 0 0 0 0 0 0 0 0 0 0 0 0 7
372 ACA 8 0 0 0 173116 2 19 3 0 0 0 0 38 0 0 0 0 0 0 0 0 0 0 0 0 0 0 0 0 0 0 0 0 0 0 0 6 0 0 0 0 0 0 0 0 0 0 0 0 0 0 0 1 0 0 0 0 0 0 0 0 0 0 0
373 ACA 2 0 0 0 173264 0 7 1 1 0 0 0 21 0 0 0 0 0 0 0 0 0 0 0 0 0 0 0 0 0 0 0 0 0 0 0 10 0 0 0 0 0 0 0 0 0 0 0 0 0 0 0 3 0 0 0 0 0 0 0 0 0 0 0
374 CAT 0 0 0 7 0 0 0 4 0 0 0 0 0 0 0 0 3 8 1 173235 0 0 0 0 0 0 0 3 0 0 0 2 0 0 0 1 0 0 0 0 0 0 0 0 0 0 0 0 0 0 0 13 0 0 0 0 0 0 0 0 0 0 0 0
375 AGT 1 0 0 39 0 0 0 4 3 9 0 172808 0 0 0 3 0 0 0 0 0 0 0 0 0 0 0 1 0 0 0 0 0 0 1 0 0 0 0 0 0 0 1 11 0 0 0 0 0 0 0 0 0 0 0 0 0 0 0 2 0 0 0 0
376 TTT 0 0 0 0 0 0 0 0 0 0 0 0 0 0 0 1 0 0 0 1 0 0 0 0 0 0 0 0 0 0 0 7 0 0 0 0 0 0 0 0 0 0 0 0 0 0 0 2 1 0 0 4 0 0 0 2 0 0 0 0 1 14 0 173063
377 AAT 4 5 0 173232 0 0 0 0 0 0 0 8 0 0 0 5 0 0 0 0 0 0 0 0 0 0 0 0 0 0 0 0 0 0 0 23 0 0 0 0 0 0 0 0 0 0 0 0 0 0 0 1 0 0 0 0 0 0 0 0 0 0 0 0
378 TGT 0 0 0 0 0 0 0 0 0 0 0 3 0 0 0 0 0 0 0 0 0 0 0 0 0 0 0 3 0 0 0 0 0 0 0 0 0 0 0 0 0 0 0 4 0 0 0 0 2 0 0 37 0 0 0 1 2 7 0 173008 0 0 0 1
379 GGA 0 0 0 0 0 0 0 0 27 0 0 0 0 0 0 0 0 0 0 0 0 0 0 0 0 0 0 0 0 0 0 0 18 0 0 0 0 0 0 0 173071 0 20 2 3 0 0 0 0 0 0 0 0 0 0 0 1 0 0 0 0 0 0 0
380 GGA 0 0 0 0 0 0 0 0 43 0 0 0 0 0 0 0 0 0 0 0 0 0 0 0 2 0 0 0 0 0 0 0 19 0 0 0 0 0 0 0 173162 0 5 0 3 0 0 0 0 0 0 0 0 0 0 0 4 0 0 0 0 0 0 0
381 GAA 22 0 0 0 0 0 0 0 0 0 0 0 0 0 0 0 1 0 0 0 0 0 0 0 0 0 0 0 0 0 0 0 173145 0 3 1 0 0 0 0 2 0 0 0 0 0 0 0 2 0 0 0 0 0 0 0 0 0 0 0 0 0 0 0
382 TTT 0 0 0 0 0 0 0 0 0 0 0 0 0 0 0 26 0 0 0 0 0 0 0 0 0 0 0 0 0 0 0 6 0 0 0 0 0 0 0 0 0 0 0 0 0 0 0 1 0 0 0 7 0 0 0 5 0 0 0 1 6 7 1 173004
383 TTC 0 0 0 0 0 0 0 0 0 0 0 0 0 4 0 0 0 0 0 0 0 0 0 0 0 0 0 0 0 12 0 0 0 0 0 0 0 0 0 0 0 0 0 0 0 0 0 0 1 3 0 0 0 5 0 0 0 1 0 0 8 173141 1 42
384 TAT 0 0 0 2 0 0 0 0 0 0 0 0 0 0 0 1 0 0 0 14 0 0 0 0 0 0 0 0 0 0 0 0 0 0 0 0 0 0 0 0 0 0 0 0 0 0 0 0 7 9 0 173039 0 0 0 0 0 0 0 7 0 0 0 5
385 TGT 0 0 0 0 0 0 0 0 0 0 0 5 0 0 0 0 0 0 0 0 0 0 0 0 0 0 0 10 0 0 0 0 0 0 0 0 0 0 0 0 0 0 0 5 0 0 0 0 0 0 0 46 0 0 0 1 3 17 0 172910 0 0 0 5
386 AAC 7 173094 0 35 0 1 0 0 0 9 0 0 0 0 0 0 0 0 0 0 0 0 0 0 0 0 0 0 0 0 0 0 0 13 0 0 0 0 0 0 0 0 0 0 0 0 0 0 0 2 0 0 0 0 0 0 0 0 0 0 0 0 0 0
387 ACA 3 0 0 0 173236 0 5 1 0 0 0 0 23 0 0 0 0 0 0 0 0 0 0 0 0 0 0 0 0 0 0 0 0 0 0 0 6 0 0 0 0 0 0 0 0 0 0 0 0 0 0 0 1 0 0 0 0 0 0 0 0 0 0 0
388 TCA 0 0 0 0 8 0 0 0 0 0 0 0 0 0 0 0 0 0 0 0 13 0 0 0 0 0 0 0 0 0 0 0 0 0 0 0 0 0 0 0 0 0 0 0 0 0 0 0 5 0 0 0 172730 3 48 1 0 0 0 0 18 0 0 0
389 GGC 0 0 0 0 0 0 0 0 0 24 0 0 0 0 0 0 0 0 0 0 0 0 0 0 0 2 0 0 0 0 0 0 0 33 0 0 0 4 0 0 9 172008 3 27 0 1 0 0 0 0 0 0 0 0 0 0 0 3 0 0 0 0 0 0
390 CTG 0 0 0 0 0 0 0 0 0 0 0 0 0 0 15 0 0 0 3 0 0 0 30 0 0 0 4 0 45 2 172633 2 0 0 0 0 0 0 0 0 0 0 0 0 0 0 1 0 0 0 0 0 0 0 0 0 0 0 0 0 0 0 23 0
391 TTT 0 0 0 0 0 0 0 0 0 0 0 0 0 0 0 3 0 0 0 0 0 0 0 0 0 0 0 0 0 0 0 12 0 0 0 0 0 0 0 0 0 0 0 0 0 0 0 0 0 0 0 6 0 0 0 10 0 0 0 0 0 2 0 172260
392 AAT 11 8 0 173208 0 0 0 2 0 0 0 6 0 0 0 2 0 0 0 0 0 0 0 0 0 0 0 0 0 0 0 0 0 0 0 6 0 0 0 0 0 0 0 0 0 0 0 0 0 0 0 4 0 0 0 0 0 0 0 0 0 0 0 0
393 AGC 1 45 0 0 0 1 0 0 7 171393 0 31 0 2 0 0 0 0 0 0 0 0 0 0 0 1 0 0 0 0 0 0 0 0 0 0 0 0 0 0 0 38 0 0 0 0 0 0 0 0 0 0 0 0 0 0 0 1 0 0 0 0 0 0
394 ACT 0 0 0 7 18 12 2 172973 0 0 0 8 0 0 0 29 0 0 0 0 0 0 0 1 0 0 0 0 0 0 0 0 0 0 0 0 0 0 0 7 0 0 0 0 0 0 0 0 0 0 0 0 0 0 0 2 0 0 0 0 0 0 0 0
395 TGG 0 0 0 0 0 0 0 0 0 0 6 0 0 0 0 0 0 0 0 0 0 0 0 0 0 0 35 0 0 0 0 0 0 0 0 0 0 0 0 0 0 0 3 0 0 0 0 0 0 0 20 0 0 0 1 0 9 0 172004 2 0 0 6 0
395a GAG 0 0 31 0 0 0 0 0 0 0 0 0 0 0 0 0 0 0 0 0 0 0 0 0 0 0 0 0 0 0 0 0 43 1 172424 0 0 0 0 0 0 0 14 0 0 0 0 0 0 0 1 0 0 0 0 0 0 0 0 0 0 0 0 0
396 TTT 0 0 0 0 0 0 0 0 0 0 0 0 0 0 0 5 0 0 0 0 0 0 0 0 0 0 0 0 0 0 0 11 0 0 0 0 0 0 0 0 0 0 0 0 0 0 0 0 0 0 0 10 0 0 0 9 0 0 0 1 9 21 2 171909
397 AAT 9 8 4 172998 0 0 0 0 0 0 0 6 0 0 0 3 0 0 0 0 0 0 0 0 0 0 0 0 0 0 0 0 0 0 0 7 0 0 0 0 0 0 0 0 0 0 0 0 0 0 0 2 0 0 0 0 0 0 0 0 0 0 0 0
398 AGC 0 66 0 0 0 0 0 0 9 170139 0 18 0 6 0 0 0 0 0 0 0 0 0 0 0 1 0 0 0 0 0 0 0 0 0 0 0 0 0 0 0 22 0 0 0 0 0 0 0 0 0 0 0 0 0 0 0 1 0 0 0 0 0 0
399 ACT 0 0 0 8 19 14 2 171129 0 0 0 6 0 0 0 26 0 0 0 1 0 0 0 1 0 0 0 0 0 0 0 0 0 0 0 0 0 0 0 1 0 0 0 0 0 0 0 0 0 0 0 0 0 0 0 3 0 0 0 0 0 0 0 0
400 TGG 0 0 1 0 0 0 0 0 0 0 15 0 0 0 0 0 0 0 0 0 0 0 0 0 0 0 24 0 0 0 0 0 0 0 0 0 0 0 0 0 0 0 2 0 0 0 0 0 2 0 19 0 0 0 1 0 30 1 171199 3 0 0 4 0
406 AAT 6 13 3 172826 0 0 0 1 0 0 0 10 1 0 0 2 0 0 0 0 0 0 0 0 0 0 0 0 0 0 0 0 0 0 0 11 0 0 0 0 0 0 0 0 0 0 0 0 0 0 0 1 0 0 0 0 0 0 0 0 0 0 0 0
407 AAT 7 13 2 172126 0 0 0 0 0 0 0 8 0 0 0 3 0 0 0 0 0 0 0 0 0 0 0 0 0 0 0 0 0 0 0 6 0 0 0 0 0 0 0 0 0 0 0 0 0 0 0 1 0 0 0 0 0 0 0 0 0 0 0 0
408 TCA 0 0 0 0 14 0 0 0 0 0 0 0 0 0 0 0 0 0 0 0 8 0 0 0 0 0 0 0 0 0 0 0 0 0 0 0 0 0 0 0 0 0 0 0 0 0 0 0 6 0 0 0 172394 1 20 2 0 0 0 0 17 0 0 0
409 AAT 10 3 0 172717 0 0 0 1 0 0 0 11 0 0 0 9 0 0 0 0 0 0 0 0 0 0 0 0 0 0 0 0 0 0 0 10 0 0 0 0 0 0 0 0 0 0 0 0 0 0 0 0 0 0 0 0 0 0 0 0 0 0 0 0
410 AGC 0 61 0 0 0 4 0 0 13 166481 0 30 0 3 0 0 0 0 0 0 0 0 0 0 0 0 0 0 0 0 0 0 0 0 0 0 0 1 0 0 0 12 0 0 0 0 0 0 0 0 0 0 0 0 0 0 0 1 0 0 0 0 0 0
411 ACA 7 0 0 0 172315 0 18 3 3 0 0 0 27 0 0 0 0 0 0 0 1 0 0 0 0 0 0 0 0 0 0 0 0 0 0 0 5 0 0 0 0 0 0 0 0 0 0 0 0 0 0 0 1 0 0 0 0 0 0 0 0 0 0 0
412 GAG 0 0 21 0 0 0 0 0 0 0 0 0 0 0 0 0 0 0 1 0 0 0 0 0 0 0 0 0 0 0 0 0 24 1 169056 3 0 0 0 0 0 0 8 0 0 0 1 0 0 0 2 0 0 0 0 0 0 0 0 0 0 0 0 0
413 AAT 7 9 0 170463 0 0 0 1 0 0 0 5 0 0 0 1 0 0 0 1 0 0 0 0 0 0 0 0 0 0 0 0 0 0 0 6 0 0 0 0 0 0 0 0 0 0 0 0 0 0 0 2 0 0 0 0 0 0 0 0 0 0 0 0
414 ATA 2 0 0 0 11 0 0 0 0 0 0 0 172141 0 10 2 0 0 0 0 0 0 0 0 0 0 0 0 0 0 0 0 0 0 0 0 0 0 0 0 0 0 0 0 8 0 0 0 0 0 0 0 0 0 0 0 0 0 0 0 1 0 0 0
415 ACT 1 0 0 13 3 12 0 162731 0 0 0 4 0 0 0 24 0 0 0 2 0 0 0 1 0 0 0 0 0 0 0 0 0 0 0 0 0 0 0 9 0 0 0 0 0 0 0 0 0 0 0 0 0 0 0 3 0 0 0 0 0 0 0 0
416 CTC 0 0 0 0 0 0 0 0 0 0 0 0 0 3 0 0 0 1 0 0 1 20 0 0 0 0 0 0 10 164219 0 14 0 0 0 0 0 0 0 0 0 0 0 0 0 0 0 0 0 0 0 0 0 0 0 0 0 0 0 0 0 10 0 0
417 CAA 12 0 0 0 0 0 0 0 0 0 0 0 0 0 0 0 171070 1 5 3 0 0 0 0 2 0 0 0 5 0 0 0 2 0 0 0 0 0 0 0 0 0 0 0 0 0 0 0 14 0 0 0 0 0 0 0 0 0 0 0 0 0 0 0
418 TGC 0 0 0 0 0 0 0 0 0 1 0 0 0 0 0 0 0 0 0 0 0 0 0 0 0 3 0 0 0 0 0 0 0 0 0 0 0 0 0 0 0 1 0 0 0 0 0 0 0 57 0 0 0 2 0 0 11 156190 0 80 0 3 0 0
419 AGA 31 0 0 0 1 0 0 0 163739 0 10 2 5 0 0 0 0 0 0 0 0 0 0 0 0 0 0 0 0 0 0 0 0 0 0 0 0 0 0 0 20 0 0 0 0 0 0 0 0 0 0 0 0 0 0 0 0 0 0 0 0 0 0 0
420 ATA 1 0 0 0 4 0 0 0 0 0 0 0 169773 0 7 0 0 0 0 0 0 0 0 0 0 0 0 0 0 0 0 0 0 0 0 0 0 0 0 0 0 0 0 0 5 0 0 0 0 0 0 0 0 0 0 0 0 0 0 0 0 0 0 0
421 AAG 50 1 165816 2 0 0 0 0 0 0 4 0 0 0 0 0 0 0 0 0 0 0 0 0 0 0 0 0 0 0 0 0 0 0 10 0 0 0 0 0 0 0 0 0 0 0 0 0 0 0 3 0 0 0 0 0 0 0 0 0 0 0 0 0
422 CAA 4 0 0 0 0 0 0 0 0 0 0 0 0 0 0 0 169741 0 3 2 0 0 0 0 2 0 0 0 2 0 0 0 0 0 0 0 0 0 0 0 0 0 0 0 0 0 0 0 16 0 0 0 0 0 0 0 0 0 0 0 0 0 0 0
423 ATT 0 0 0 8 0 0 0 7 0 0 0 1 8 7 1 135167 0 0 0 0 0 0 0 0 0 0 0 0 0 0 0 1 0 0 0 0 0 0 0 0 0 0 0 0 0 0 0 3 0 0 0 0 0 0 0 0 0 0 0 0 0 0 0 0
424 ATA 0 0 0 0 3 0 0 0 0 0 0 0 153677 1 13 0 0 0 0 0 0 0 0 0 0 0 0 0 1 0 0 0 0 0 0 0 0 0 0 0 0 0 0 0 0 0 0 0 0 0 0 0 0 0 0 0 0 0 0 0 0 0 0 0
425 AAT 11 9 1 161317 0 0 0 0 1 0 0 7 0 0 0 5 0 0 0 0 0 0 0 0 0 0 0 0 0 0 0 0 0 0 0 6 0 0 0 0 0 0 0 0 0 0 0 0 0 0 0 1 0 0 0 0 0 0 0 0 0 0 0 0
426 ATG 0 0 1 0 0 0 3 0 0 0 0 0 47 0 126582 1 0 0 0 0 0 0 0 0 0 0 0 0 0 0 0 0 0 0 0 0 1 0 0 0 0 0 0 0 0 0 6 0 0 0 0 0 0 0 0 0 0 0 0 1 0 0 0 0
427 TGG 0 0 0 0 0 0 0 0 0 0 0 0 1 0 0 0 0 0 0 0 0 0 0 0 0 0 4 0 0 0 0 0 0 0 0 0 0 0 0 0 1 0 0 0 0 0 0 0 0 0 16 0 0 0 2 0 56 2 143721 4 0 0 2 0
428 CAA 4 0 0 0 0 0 0 0 0 0 0 0 0 0 0 0 163203 1 4 0 0 0 0 0 10 0 0 0 0 0 0 0 1 0 0 0 0 0 0 0 0 0 0 0 0 0 0 0 31 0 0 0 0 0 0 0 0 0 0 0 0 0 0 0
429 AGA 46 0 0 0 0 0 0 0 158151 0 7 0 5 0 0 0 0 0 0 0 0 1 0 0 3 0 0 0 0 0 0 0 0 0 3 0 1 0 0 0 7 0 0 0 0 0 0 0 0 0 0 0 0 0 0 0 2 0 0 0 0 0 0 0
430 GCA 0 0 0 0 45 0 0 0 0 1 0 0 1 0 0 0 0 0 3 0 1 0 0 0 0 0 0 0 0 0 0 0 2 0 0 0 126410 3 36 1 1 0 0 0 86 0 0 0 0 0 0 0 6 0 0 0 0 0 0 0 0 0 0 0
431 GGA 0 0 0 0 0 0 0 0 29 1 0 0 0 0 0 0 0 0 0 1 0 0 0 0 0 0 0 0 0 0 0 0 25 2 0 0 0 0 0 0 125737 0 5 0 4 0 0 0 0 0 0 1 0 0 0 0 7 0 0 0 0 0 0 0
432 CAA 14 0 4 0 1 2 0 0 0 0 0 0 0 0 0 0 142688 1 14 0 0 0 0 0 10 0 0 0 4 0 0 0 0 0 0 0 0 1 0 0 0 0 0 0 0 0 0 0 9 0 0 0 0 0 0 0 0 0 0 0 0 0 0 0
433 GCA 0 0 0 2 57 0 0 0 0 4 0 0 0 0 0 0 1 0 1 0 2 0 0 0 0 0 0 0 0 0 0 0 8 0 0 0 129489 2 1 0 0 0 0 0 39 0 0 0 0 0 0 0 4 0 0 0 0 0 0 0 0 0 0 0
434 ATA 2 0 0 8 6 0 0 0 2 0 0 0 157889 0 12 2 0 0 0 0 0 0 0 0 0 0 0 0 0 0 0 0 0 1 0 0 0 0 0 0 0 0 0 0 3 0 0 0 0 0 0 1 0 0 0 0 0 0 0 0 1 0 0 0
435 TAT 0 0 1 0 0 0 0 0 0 0 0 0 7 0 1 0 0 0 0 7 0 0 0 0 0 0 0 0 0 0 0 0 0 0 0 0 0 0 0 0 0 0 0 0 0 0 0 0 2 7 1 150766 0 0 0 0 0 0 0 18 0 0 0 1
436 GCC 0 0 0 0 0 46 0 0 0 0 0 0 0 0 0 0 2 0 0 0 0 2 0 0 0 0 0 0 0 0 0 0 0 5 0 0 3 139525 0 15 0 2 0 0 0 56 0 0 0 0 0 0 0 4 0 0 0 5 0 0 0 0 0 0
437 CCT 0 0 0 2 0 0 0 4 0 0 0 0 0 0 0 0 0 0 0 33 2 26 1 117489 0 0 0 2 0 0 0 44 0 0 0 0 1 0 0 0 0 0 0 0 0 0 0 0 0 0 0 1 0 0 0 11 0 0 0 0 0 0 0 2
438 CCC 0 2 0 0 0 7 0 0 0 0 0 0 1 0 0 0 0 23 0 0 8 117599 0 12 0 3 0 0 0 21 0 0 0 0 0 0 0 1 0 0 0 0 0 0 0 0 0 0 0 0 0 0 0 15 0 0 0 0 0 0 0 1 0 0
439 ATA 11 0 0 0 7 0 0 0 2 0 0 0 166642 0 7 0 0 0 0 1 0 0 0 0 0 0 0 0 0 0 0 0 0 0 0 0 0 0 0 0 0 0 0 0 3 0 0 0 0 0 0 0 0 0 0 0 0 0 0 0 3 0 0 0
440 CCA 0 0 0 0 6 1 0 0 0 0 0 0 0 0 0 0 10 0 0 0 157303 1 14 3 1 0 0 0 17 0 0 0 0 0 0 0 3 0 0 0 0 0 0 0 0 0 0 0 0 0 0 0 15 0 0 0 0 0 0 0 0 0 0 0
441 GGA 1 0 0 0 0 0 0 0 26 0 0 0 0 0 0 0 0 0 0 0 0 0 0 0 1 0 0 0 0 0 0 0 18 0 0 0 1 0 0 0 152850 0 13 1 4 0 0 0 0 0 0 0 0 0 0 0 4 0 0 0 0 0 0 0
442 GTA 1 0 0 0 1 0 0 0 0 0 0 0 66 0 0 0 0 0 0 0 1 0 0 0 0 0 0 0 1 0 0 0 32 0 0 0 8 0 0 1 0 0 0 0 166398 0 7 1 0 0 0 0 0 0 0 0 0 0 0 0 3 0 0 0
443 ATA 2 0 0 0 5 0 0 0 0 0 0 0 167381 1 37 1 0 0 0 0 0 0 0 0 0 0 0 0 0 0 0 0 0 0 0 0 0 0 0 0 0 0 0 0 7 0 0 0 0 0 0 0 0 0 0 0 0 0 0 0 7 0 0 0
444 AGG 0 0 34 0 0 0 0 0 44 3 161406 3 0 0 8 0 0 0 0 0 0 0 0 0 0 0 1 0 0 0 0 0 0 0 0 0 0 0 0 0 0 0 14 0 0 0 1 0 0 0 0 0 0 0 0 0 0 0 2 0 0 0 0 0
445 TGT 0 0 0 0 0 0 0 0 0 0 0 0 0 0 0 0 0 0 0 0 0 0 0 0 0 0 0 9 0 0 0 0 0 0 0 0 0 0 0 0 0 0 0 1 0 0 0 0 0 0 0 62 0 0 0 1 2 28 0 168066 0 0 0 3
446 AAA 172507 1 5 4 0 0 0 0 4 0 0 0 1 0 0 0 0 0 0 0 0 0 0 0 0 0 0 0 0 0 0 0 12 0 0 0 0 0 0 0 0 0 0 0 0 0 0 0 0 0 0 0 0 0 0 0 0 0 0 0 0 0 0 0
447 TCA 0 0 0 0 2 0 0 0 0 0 0 0 0 0 0 0 0 0 0 0 6 0 0 0 0 0 0 0 0 0 0 0 0 0 0 0 2 0 0 0 0 0 0 0 0 0 0 0 6 0 0 0 165066 0 3 4 1 0 0 0 13 0 0 0
448 AAT 14 5 0 171710 0 0 0 0 0 0 0 3 0 0 0 5 0 0 0 0 0 0 0 0 0 0 0 0 0 0 0 0 0 0 0 9 0 0 0 0 0 0 0 0 0 0 0 0 0 0 0 5 0 0 0 0 0 0 0 0 0 0 0 0
449 ATT 0 0 0 16 0 0 0 9 0 0 0 0 4 11 0 165435 0 0 0 1 0 0 0 0 0 0 0 0 0 0 0 0 0 0 0 0 0 0 0 0 0 0 0 0 0 0 0 3 0 0 0 0 0 0 0 0 0 0 0 0 0 0 0 1
450 ACA 8 0 0 0 171140 6 51 5 0 0 0 0 60 0 0 0 0 0 0 0 1 0 0 0 0 0 0 0 0 0 0 0 0 0 0 0 10 0 0 0 0 0 0 0 0 0 0 0 0 0 0 0 0 0 0 0 0 0 0 0 0 0 0 0
451 GGA 0 0 0 0 0 0 0 0 25 0 0 0 0 0 0 0 0 0 0 0 0 0 0 0 0 0 0 0 0 0 0 0 47 0 0 0 3 0 0 0 171481 0 6 5 12 0 0 0 0 0 0 0 0 0 0 0 8 0 0 0 0 0 0 0
452 CTA 0 0 0 0 0 0 0 0 0 0 0 0 12 0 0 0 7 0 0 0 15 0 0 0 0 0 0 0 171375 0 10 1 0 0 0 0 0 0 0 0 0 0 0 0 2 0 0 0 0 0 0 0 0 0 0 0 0 0 0 0 18 0 0 0
453 ATA 1 0 0 2 5 0 0 0 1 0 0 0 170929 2 8 5 0 0 0 0 0 0 0 0 0 0 0 0 1 0 0 0 0 0 0 0 0 0 0 0 0 0 0 0 8 0 0 0 0 0 0 0 0 0 0 0 0 0 0 0 4 0 0 0
454 TTA 0 0 0 0 0 0 0 0 0 0 0 0 9 0 0 0 0 0 0 0 0 0 0 0 0 0 0 0 6 0 0 0 0 0 0 0 0 0 0 0 0 0 0 0 4 0 0 0 1 0 0 0 3 0 0 0 0 0 0 0 170776 0 8 2
455 ACA 4 0 0 0 172037 0 15 2 1 0 0 0 17 0 0 0 0 0 0 0 0 0 0 0 0 0 0 0 0 0 0 0 0 0 0 0 4 0 0 0 0 0 0 0 0 0 0 0 0 0 0 0 1 0 0 0 0 0 0 0 0 0 0 0
456 AGA 26 0 0 0 0 0 0 0 171198 1 9 1 3 0 0 0 0 0 0 0 0 0 0 0 0 0 0 0 0 0 0 0 0 0 0 0 0 0 0 0 9 0 0 0 0 0 0 0 0 0 0 0 0 0 0 0 4 0 0 0 0 0 0 0
457 GAT 0 0 0 19 0 0 0 0 0 0 0 0 0 0 0 0 0 0 0 0 0 0 0 0 0 0 0 0 0 0 0 0 5 4 0 171732 0 0 0 0 0 0 0 6 0 0 0 0 0 0 0 2 0 0 0 0 0 0 0 0 0 0 0 0
458 GGT 0 0 0 0 0 0 0 0 0 0 0 20 0 0 0 0 0 0 0 0 0 0 0 0 0 0 0 1 0 0 0 0 0 0 0 30 0 0 0 1 1 2 4 172134 0 0 0 0 0 0 0 0 0 0 0 0 0 0 0 3 0 0 0 0
459 GGG 0 0 0 0 0 0 0 0 0 0 34 0 0 0 0 0 0 0 0 0 0 0 0 0 0 0 0 0 0 0 0 0 1 0 47 0 0 0 0 0 39 3 171072 6 0 0 6 0 0 0 0 0 0 0 0 0 0 0 6 0 0 0 0 0
460 AGT 0 0 0 101 0 0 0 0 13 20 1 172579 0 0 0 3 0 0 0 0 0 0 0 0 0 0 0 0 0 0 0 0 0 0 0 0 0 0 0 0 0 0 0 16 0 0 0 0 0 0 0 0 0 0 0 0 0 0 0 2 0 0 0 0
461 AAT 6 9 0 172526 0 0 0 0 0 0 0 5 0 0 0 0 0 0 0 0 0 0 0 0 0 0 0 0 0 0 0 0 0 0 0 10 0 0 0 0 0 0 0 0 0 0 0 0 0 0 0 4 0 0 0 0 0 0 0 0 0 0 0 0
462 AAG 37 2 172733 5 0 0 2 0 0 0 11 0 0 0 4 0 0 0 3 0 0 0 0 0 0 0 0 0 0 0 0 0 0 0 46 0 0 0 0 0 0 0 0 0 0 0 0 0 0 0 0 0 0 0 0 0 0 0 0 0 0 0 0 0
463 AAT 10 9 0 172982 0 0 0 0 0 0 0 4 0 0 0 4 0 0 0 0 0 0 0 0 0 0 0 0 0 0 0 0 0 0 0 2 0 0 0 0 0 0 0 0 0 0 0 0 0 0 0 7 0 0 0 0 0 0 0 0 0 0 0 0
464 ACA 3 0 0 0 171219 1 20 5 0 0 0 0 39 0 0 0 0 0 0 0 0 0 0 0 0 0 0 0 0 0 0 0 0 0 0 0 22 0 0 0 0 0 0 0 0 0 0 0 0 0 0 0 1 0 0 0 0 0 0 0 0 0 0 0
465 AGT 0 0 0 39 0 0 0 1 4 6 3 172287 0 0 0 2 0 0 0 0 0 0 0 0 0 0 0 0 0 0 0 0 0 0 0 0 0 0 0 0 0 0 0 8 0 0 0 0 0 0 0 0 0 0 0 0 0 1 0 6 0 0 0 0
466 GAA 38 0 0 0 0 0 0 0 0 0 0 0 0 0 0 0 2 0 0 0 0 0 0 0 0 0 0 0 0 0 0 0 171868 0 9 1 0 0 0 0 7 0 0 0 0 0 0 0 2 0 0 0 0 0 0 0 0 0 0 0 0 0 0 0
467 ACC 0 5 0 0 8 172486 0 11 0 1 0 0 0 15 0 0 0 0 0 0 0 1 0 0 0 0 0 0 0 0 0 0 0 0 0 0 0 9 0 0 0 0 0 0 0 0 0 0 0 0 0 0 0 0 0 0 0 0 0 0 0 0 0 0
468 TTC 0 0 0 0 0 0 0 0 0 0 0 0 0 10 0 0 0 0 0 0 0 0 0 0 0 0 0 0 0 17 0 0 0 0 0 0 0 0 0 0 0 0 0 0 0 1 0 0 0 10 0 0 0 8 0 0 0 2 0 0 0 171907 0 25
469 AGA 22 0 0 0 0 0 0 0 172679 0 4 1 4 0 0 0 0 0 0 0 0 0 0 0 0 0 0 0 0 0 0 0 0 0 0 0 0 0 0 0 58 0 0 0 0 0 0 0 0 0 0 0 0 0 0 0 1 0 0 0 0 0 0 0
470 CCT 0 0 0 2 0 0 0 4 0 0 0 0 0 0 0 0 0 0 0 9 1 40 4 171679 0 0 0 1 0 0 0 11 0 0 0 0 0 0 0 1 0 0 0 0 0 0 0 0 0 0 0 0 0 0 0 14 0 0 0 0 0 0 0 1
471 GGA 1 0 0 0 0 0 0 0 29 0 0 0 0 0 0 0 0 0 0 0 0 0 0 0 0 0 0 0 0 0 0 0 24 0 0 0 1 0 0 0 172251 1 31 2 2 0 0 0 0 0 0 0 0 0 0 0 0 0 0 0 0 0 0 0
472 GGA 0 0 0 0 0 0 0 0 18 0 0 0 0 0 0 0 0 0 0 0 0 0 0 0 1 0 0 0 0 0 0 0 19 0 0 0 1 0 0 0 173120 0 20 1 2 0 0 0 0 0 0 0 0 0 0 0 2 0 0 0 0 0 0 0
473 GGA 0 0 0 0 0 0 0 0 24 0 0 0 0 0 0 0 0 0 0 0 0 0 0 0 0 0 0 0 0 0 0 0 18 0 0 0 0 0 0 0 173075 0 17 5 5 0 0 0 0 0 0 0 0 0 0 0 7 0 0 0 0 0 0 0
474 GAT 0 0 0 49 0 0 0 0 0 0 0 0 0 0 0 0 0 0 0 1 0 0 0 0 0 0 0 0 0 0 0 0 14 10 3 173045 0 0 0 0 0 0 0 3 0 0 0 0 0 0 0 3 0 0 0 0 0 0 0 0 0 0 0 0
475 ATG 0 0 1 0 0 0 3 0 0 0 2 0 29 0 173092 2 0 0 0 0 0 0 0 0 0 0 0 0 0 0 0 0 0 0 0 0 0 0 0 0 0 0 0 0 0 0 6 0 0 0 0 0 0 0 0 0 0 0 0 0 0 0 1 0
476 AGG 1 0 47 0 0 0 2 0 47 1 172520 3 0 0 22 0 0 0 0 0 0 0 0 0 0 0 2 0 0 0 0 0 0 0 0 0 0 0 0 0 0 0 38 0 0 0 0 0 0 0 0 0 0 0 0 0 0 0 1 0 0 0 0 0
477 GAC 0 28 0 0 0 0 0 0 0 0 0 0 0 0 0 0 0 0 0 0 0 0 0 0 0 0 0 0 0 0 0 0 6 173057 0 35 0 0 0 0 0 5 0 0 0 1 0 0 0 4 0 0 0 0 0 0 0 0 0 0 0 0 0 0
478 AAT 7 5 1 173048 0 0 0 0 0 0 0 1 0 0 0 12 0 0 0 2 0 0 0 0 0 0 0 0 0 0 0 0 0 0 0 9 0 0 0 0 0 0 0 0 0 0 0 0 0 0 0 2 0 0 0 0 0 0 0 0 0 0 0 0
479 TGG 0 0 0 0 0 0 0 0 0 0 2 0 0 0 0 0 0 0 0 0 0 0 0 0 0 0 11 0 0 0 0 0 0 0 0 0 0 0 0 0 0 0 1 0 0 0 0 0 0 0 33 0 0 0 0 0 26 0 172682 1 0 0 5 0
480 AGA 47 0 0 0 1 0 0 0 173231 0 3 2 2 0 0 0 0 0 0 0 0 0 0 0 0 0 0 0 0 0 0 0 0 0 0 0 0 0 0 0 22 0 0 0 0 0 0 0 0 0 0 0 0 0 0 0 1 0 0 0 0 0 0 0
481 AGT 1 0 1 82 0 0 0 1 4 16 3 417809 0 0 0 12 0 0 0 0 0 0 0 0 0 0 0 0 0 0 0 0 0 0 0 0 0 0 0 0 0 0 0 9 0 0 0 2 0 0 0 0 0 0 0 0 0 0 0 6 0 0 0 0
482 GAA 93 0 0 0 0 0 0 0 0 0 0 0 0 0 0 0 5 0 0 0 0 0 0 0 0 0 0 0 0 0 0 0 418007 2 27 18 0 1 0 1 8 0 0 0 5 0 0 0 7 0 0 0 0 0 0 0 0 0 0 0 0 0 0 0
483 TTA 5 0 0 0 0 0 0 0 0 0 0 0 73 0 0 0 0 0 0 0 0 0 0 0 0 0 0 0 31 0 0 0 0 0 0 0 0 0 0 0 0 0 0 0 2 0 0 0 17 0 0 0 21 0 0 0 0 0 0 0 417631 0 6 1
484 TAT 0 0 0 13 0 0 0 0 0 0 0 0 0 0 0 0 0 0 0 19 0 0 0 0 0 0 0 0 0 0 0 0 0 0 0 0 0 0 0 0 0 0 0 0 0 0 0 0 74 20 4 418063 0 0 0 1 0 0 0 16 0 0 0 2
485 AAG 124 11 417874 19 0 0 11 0 0 0 36 1 0 0 9 0 0 0 0 0 0 0 0 0 0 0 0 0 0 0 0 0 1 0 82 0 0 0 0 0 0 0 0 0 0 0 0 0 0 0 5 0 0 0 0 0 0 0 0 0 0 0 0 0
486 TAT 0 0 0 9 0 0 0 0 0 0 0 0 0 0 0 0 0 0 0 15 0 0 0 0 0 0 0 0 0 0 0 0 0 0 0 2 0 0 0 0 0 0 0 0 0 0 0 0 14 20 3 417851 0 0 0 0 0 0 0 13 0 0 0 2
487 AAA 417563 2 92 4 2 0 0 0 21 0 0 0 6 0 0 0 1 0 0 0 0 0 0 0 0 0 0 0 0 0 0 0 32 0 0 0 0 0 0 0 0 0 0 0 0 0 0 0 3 0 0 0 0 0 0 0 0 0 0 0 0 0 0 0
488 GTA 0 0 0 0 0 0 0 0 0 0 0 0 139 0 0 0 0 0 0 0 0 0 0 0 0 0 0 0 6 0 0 0 9 0 0 0 24 0 0 0 2 0 0 0 417072 0 14 0 0 0 0 0 0 0 0 0 0 0 0 0 10 0 0 0
489 GTA 0 0 0 0 0 0 0 0 0 0 0 0 104 0 0 0 0 0 0 0 0 0 0 0 0 0 0 0 4 0 0 0 65 0 0 0 22 0 0 0 0 0 0 0 417435 0 29 1 0 0 0 0 0 0 0 0 0 0 0 0 7 0 0 0
490 AAA 417796 1 17 3 2 0 0 0 19 0 0 0 8 0 0 0 0 0 0 0 0 0 0 0 0 0 0 0 0 0 0 0 6 0 0 0 0 0 0 0 0 0 0 0 0 0 0 0 0 0 0 0 0 0 0 0 0 0 0 0 0 0 0 0
491 ATT 0 0 0 29 0 0 0 18 0 0 0 1 18 27 1 416081 0 0 0 0 0 0 0 0 0 0 0 0 0 0 0 2 0 0 0 0 0 0 0 0 0 0 0 0 0 0 0 10 0 0 0 0 0 0 0 0 0 0 0 0 0 0 0 65
492 GAA 107 0 0 0 0 0 0 0 0 0 0 0 0 0 0 0 1 0 0 0 0 0 0 0 0 0 0 0 0 0 0 0 417376 4 44 11 1 0 0 0 49 0 0 0 8 0 0 0 6 0 0 0 0 0 0 0 0 0 0 0 0 0 0 0
493 CCA 0 0 0 0 11 0 0 0 0 0 0 0 0 0 0 0 15 0 0 0 417945 1 8 4 1 0 0 0 43 0 0 0 0 0 0 0 7 0 0 0 0 0 0 0 0 0 0 0 0 0 0 0 51 0 0 0 0 0 0 0 0 0 0 0
494 ATA 4 0 0 0 6 0 0 0 0 0 0 0 244118 2 85 2 0 0 0 0 0 0 0 0 0 0 0 0 2 0 0 0 0 0 0 0 0 0 0 0 0 0 0 0 10 0 0 0 0 0 0 0 0 0 0 0 0 0 0 0 0 0 0 0
495 GGA 0 0 0 0 0 0 0 0 37 0 0 0 0 0 0 0 0 0 0 0 0 0 0 0 1 0 0 0 0 0 0 0 31 0 0 0 0 0 0 0 244125 1 20 2 6 0 0 0 0 0 0 0 0 0 0 0 10 0 0 0 0 0 0 0
496 GTA 0 0 0 0 0 0 0 0 0 0 0 0 102 0 0 0 0 0 0 0 0 0 0 0 0 0 0 0 1 0 0 0 3 0 0 0 9 0 0 0 1 0 0 0 244477 3 60 2 0 0 0 0 0 0 0 0 0 0 0 0 2 0 0 0
497 GCA 0 0 0 0 66 0 0 0 0 0 0 0 0 0 0 0 0 0 0 0 3 0 0 0 0 0 0 0 0 0 0 0 15 0 0 0 244239 3 19 8 0 0 0 0 118 0 0 0 0 0 0 0 2 0 0 0 0 0 0 0 0 0 0 0
498 CCC 0 0 0 0 0 4 0 0 0 0 0 0 0 0 0 0 0 20 0 0 21 244096 0 31 0 1 0 0 0 28 0 0 0 0 0 0 0 2 0 0 0 0 0 0 0 0 0 0 0 0 0 0 0 34 0 0 0 0 0 0 0 0 0 0
499 ACC 0 6 0 0 1 243951 1 43 0 6 0 0 0 23 0 0 0 0 0 0 0 0 0 0 0 0 0 0 0 0 0 0 0 0 0 0 0 2 0 0 0 0 0 0 0 0 0 0 0 0 0 0 0 10 0 0 0 0 0 0 0 0 0 0
500 AGG 0 0 41 0 0 0 0 0 41 0 243387 2 0 0 8 0 0 0 0 0 0 0 0 0 0 0 3 0 0 0 0 0 0 0 0 0 0 0 0 0 0 0 50 0 0 0 0 0 0 0 0 0 0 0 0 0 0 0 1 0 0 0 0 0
501 GCA 0 0 0 0 114 0 0 0 0 0 0 0 0 0 0 0 0 0 0 0 1 0 0 0 0 0 0 0 0 0 0 0 12 0 0 0 242744 4 7 0 0 0 0 0 33 0 0 0 0 0 0 0 0 0 0 0 0 0 0 0 0 0 0 0
502 AAA 244273 1 11 0 1 0 0 0 6 0 0 0 0 0 0 0 0 0 0 0 0 0 0 0 0 0 0 0 0 0 0 0 12 0 0 0 0 0 0 0 0 0 0 0 0 0 0 0 1 0 0 0 0 0 0 0 0 0 0 0 0 0 0 0
503 AGA 33 0 0 0 2 0 0 0 244186 0 6 1 5 0 0 0 0 0 0 0 0 0 0 0 3 0 0 0 0 0 0 0 0 0 0 0 0 0 0 0 160 0 0 0 0 0 0 0 0 0 0 0 0 0 0 0 1 0 0 0 0 0 0 0
504 AGA 31 0 0 0 0 0 0 0 244488 0 12 1 11 0 0 0 0 0 0 0 0 0 0 0 2 0 0 0 0 0 0 0 0 0 0 0 0 0 0 0 23 0 1 0 0 0 0 0 0 0 0 0 0 0 0 0 4 0 0 0 0 0 0 0
505 GTG 0 0 0 0 0 0 0 0 0 0 0 0 0 0 38 0 0 0 0 0 0 0 0 0 0 0 0 0 0 0 0 0 0 0 2 0 0 0 4 0 0 0 0 0 38 3 238613 6 0 0 0 0 0 0 0 0 0 0 0 0 0 0 3 0
506 GTG 0 0 0 2 0 0 0 0 0 0 0 0 0 0 47 0 0 0 0 0 0 0 0 0 0 0 0 0 0 0 0 0 0 0 3 0 0 0 3 0 0 0 1 0 45 0 237106 11 0 0 0 0 0 0 0 0 0 0 0 0 0 0 2 0
507 GAG 0 0 55 0 0 0 0 0 0 0 0 0 0 0 0 0 0 0 2 0 0 0 0 0 0 0 0 0 0 0 0 0 31 0 240677 5 0 0 0 0 0 0 41 0 0 0 6 0 0 0 5 0 0 0 0 0 0 0 0 0 0 0 0 0
508 AGA 24 0 0 0 0 0 0 0 243074 0 13 0 9 0 0 0 0 0 0 0 0 0 0 0 0 0 0 0 0 0 0 0 0 0 0 0 0 0 0 0 13 0 0 0 0 0 0 0 0 0 0 0 0 0 0 0 0 0 0 0 0 0 0 0
509 GAA 63 0 0 0 0 0 0 0 0 0 0 0 0 0 0 0 1 0 0 0 0 0 0 0 0 0 0 0 0 0 0 0 242352 0 6 1 0 0 0 0 7 0 0 0 1 0 0 0 3 0 0 0 0 0 0 0 0 0 0 0 0 0 0 0
510 AAA 243896 0 15 2 0 0 0 0 12 0 0 0 0 0 0 0 1 0 0 0 0 0 0 0 0 0 0 0 0 0 0 0 7 0 0 0 1 0 0 0 0 0 0 0 0 0 0 0 1 0 0 0 0 0 0 0 0 0 0 0 0 0 0 0
511 AGA 19 0 0 0 0 0 0 0 241399 0 5 0 1 0 0 0 0 0 0 0 0 0 0 0 2 0 0 0 0 0 0 0 0 0 0 0 0 0 0 0 520 0 1 0 0 0 0 0 0 0 0 0 0 0 0 0 0 0 0 0 0 0 0 0
512 GCA 0 0 0 0 40 0 0 0 0 0 0 0 0 0 0 0 0 0 0 0 0 0 0 0 0 0 0 0 0 0 0 0 3 0 0 0 241434 0 9 4 0 0 0 0 105 0 0 0 0 0 0 0 0 0 0 0 0 0 0 0 0 0 0 0
513 GTT 0 0 0 0 0 0 0 0 0 0 0 0 0 0 0 23 0 0 0 0 0 0 0 0 0 0 0 0 0 0 0 0 0 0 0 2 0 0 0 15 0 0 0 1 2 18 0 230581 0 0 0 0 0 0 0 0 0 0 0 0 0 0 0 9
514 GGA 0 0 0 0 0 0 0 0 30 0 0 0 0 0 0 0 0 0 0 0 0 0 0 0 3 0 0 0 0 0 0 0 51 0 0 0 3 0 0 0 242519 0 20 1 16 0 0 0 0 0 0 0 0 0 0 0 6 0 0 0 0 0 0 0
515 ATA 3 0 0 0 6 0 0 0 0 0 0 0 241589 1 40 2 0 0 0 0 0 0 0 0 0 0 0 0 0 0 0 0 0 0 0 0 0 0 0 0 0 0 0 0 6 0 0 0 0 0 0 0 0 0 0 0 0 0 0 0 2 0 0 0
516 GGA 1 0 0 0 0 0 0 0 29 0 0 0 0 0 0 0 0 0 0 0 0 0 0 0 0 0 0 0 0 0 0 0 12 0 0 0 1 0 0 0 238919 0 10 1 2 0 0 0 0 0 0 0 0 0 0 0 9 0 0 0 0 0 0 0
517 GCT 0 0 0 0 0 0 0 40 0 0 0 0 0 0 0 0 0 0 0 0 0 0 0 0 0 0 0 0 0 0 0 0 0 0 0 1 0 19 4 224618 0 0 0 5 0 0 0 25 0 0 0 0 0 0 0 3 0 0 0 0 0 0 0 0
518 GTC 0 0 0 0 0 0 0 0 0 0 0 0 0 30 0 0 0 0 0 0 0 0 0 0 0 0 0 0 0 0 0 0 0 1 0 0 0 13 0 0 0 1 0 0 7 227845 0 13 0 0 0 0 0 0 0 0 0 0 0 0 0 2 0 0
519 TTC 0 0 0 0 0 0 0 0 0 0 0 0 0 2 0 0 0 0 0 0 0 0 0 0 0 0 0 0 0 17 0 0 0 0 0 0 0 0 0 0 0 0 0 0 0 2 0 0 0 2 0 0 0 18 0 0 0 0 0 0 6 213637 1 12
520 ATT 0 0 0 0 0 0 0 17 0 0 0 1 1 9 1 233040 0 0 0 0 0 0 0 0 0 0 0 0 0 0 0 0 0 0 0 0 0 0 0 0 0 0 0 0 0 0 0 4 0 0 0 0 0 0 0 0 0 0 0 0 0 0 0 2
521 GGG 0 0 0 0 0 0 0 0 0 0 36 0 0 0 0 0 0 0 0 0 0 0 0 0 0 0 0 0 0 0 0 0 0 0 20 0 0 0 0 0 56 0 224647 4 0 0 5 0 0 0 0 0 0 0 0 0 0 0 4 0 0 0 0 0
522 TTC 0 0 0 0 0 0 0 0 0 0 0 0 0 1 0 0 0 0 0 0 0 0 0 0 0 0 0 0 0 9 0 0 0 0 0 0 0 0 0 0 0 0 0 0 0 2 0 0 0 3 0 0 0 4 0 0 0 0 0 0 3 207258 0 3
523 TTA 0 0 0 0 0 0 0 0 0 0 0 0 9 0 0 0 0 0 0 0 0 0 0 0 0 0 0 0 17 0 0 0 0 0 0 0 0 0 0 0 0 0 0 0 0 0 0 0 0 0 0 0 12 0 0 0 1 0 0 0 229193 0 49 1
524 GGA 0 0 0 0 0 0 0 0 46 0 0 0 0 0 0 0 0 0 0 0 0 0 0 0 2 0 0 0 0 0 0 0 41 0 0 0 0 0 0 0 223933 0 9 3 5 0 0 0 0 0 0 0 0 0 0 0 16 0 0 0 0 0 0 0
525 GCA 0 0 0 0 140 0 0 0 0 0 0 0 0 0 0 0 0 0 0 0 1 0 0 0 0 0 0 0 0 0 0 0 5 0 0 0 237097 1 10 0 1 0 0 0 63 0 0 0 0 0 0 0 3 0 0 0 0 0 0 0 0 0 0 0
526 GCA 0 0 0 0 81 0 0 0 0 0 0 0 0 0 0 0 0 0 0 0 0 0 0 0 0 0 0 0 0 0 0 0 10 0 0 0 234098 1 55 1 1 0 0 0 44 0 0 0 0 0 0 0 2 0 0 0 0 0 0 0 0 0 0 0
527 GGA 0 0 0 0 0 0 0 0 33 0 0 0 0 0 0 0 0 0 0 0 0 0 0 0 1 0 0 0 0 0 0 0 44 0 0 0 1 0 0 0 215141 2 16 4 2 0 0 0 0 0 0 0 0 0 0 0 2 0 0 0 0 0 0 0
528 AGC 0 45 0 0 0 0 0 0 6 217168 0 46 0 1 0 0 0 0 0 0 0 0 0 0 0 0 0 0 0 0 0 0 0 0 0 0 0 0 0 0 0 2 0 0 0 0 0 0 0 0 0 0 0 0 0 0 0 5 0 0 0 0 0 0
529 ACT 0 0 0 4 0 36 2 211852 0 0 0 6 0 0 0 5 0 0 0 0 0 0 0 0 0 0 0 0 0 0 0 0 0 0 0 0 0 0 0 1 0 0 0 0 0 0 0 0 0 0 0 0 0 0 0 0 0 0 0 0 0 0 0 0
530 ATG 0 0 0 0 0 0 4 0 0 0 1 0 9 1 203721 6 0 0 0 0 0 0 0 0 0 0 0 0 0 0 1 0 0 0 0 0 0 0 0 0 0 0 0 0 0 0 10 0 0 0 0 0 0 0 0 0 0 0 0 0 0 0 0 0
531 GGC 0 0 0 0 0 0 0 0 0 30 0 0 0 0 0 0 0 0 0 0 0 0 0 0 0 0 0 0 0 0 0 0 1 31 0 0 0 0 0 0 5 191708 4 51 0 3 0 0 0 0 0 0 0 0 0 0 0 13 0 0 0 0 0 0
532 GCG 0 0 0 0 0 0 54 0 0 0 0 0 0 0 0 0 0 0 0 0 0 0 1 0 0 0 0 0 0 0 0 0 0 0 1 0 73 0 231374 8 0 0 2 0 0 0 59 0 0 0 0 0 0 0 5 0 0 0 0 0 0 0 0 0
533 GCG 0 0 0 0 0 0 23 0 0 0 0 0 0 0 0 0 0 0 0 0 0 0 7 0 0 0 0 1 0 0 0 0 0 0 4 0 98 1 198517 2 0 0 1 0 0 0 44 0 0 0 0 0 0 0 2 0 0 0 0 0 0 0 0 0
534 TCA 0 0 0 0 4 0 1 0 0 0 0 0 0 0 0 0 0 0 0 0 39 0 0 0 0 0 0 0 0 0 0 0 0 0 0 0 3 0 0 0 0 0 0 0 0 0 0 0 3 0 0 0 223250 8 64 4 0 0 0 0 41 0 0 0
535 GTA 0 0 0 0 0 0 0 0 0 0 0 1 121 0 0 0 0 0 0 0 0 0 0 0 0 0 0 0 0 0 0 0 0 0 0 0 13 0 0 0 0 0 0 0 217748 0 20 0 1 0 0 0 0 0 0 0 0 0 0 0 1 0 0 0
536 ACG 0 1 7 0 56 2 189690 7 0 0 3 0 0 0 31 0 0 0 0 0 0 0 0 0 0 1 0 0 0 0 0 0 0 0 0 0 0 0 7 0 0 0 0 0 0 0 0 0 0 0 0 0 0 0 1 0 0 0 0 0 0 0 0 0
537 CTG 0 0 0 0 0 0 0 0 0 0 0 0 0 0 2 0 0 0 0 0 0 0 29 0 0 0 0 0 11 0 195509 2 0 0 0 0 0 0 1 0 0 0 0 0 0 0 0 0 0 0 0 0 0 0 0 0 0 0 3 0 0 0 13 0
538 ACG 0 0 5 0 28 0 168343 9 0 0 1 0 0 0 94 0 0 0 0 0 0 0 0 0 0 0 0 0 0 0 0 0 0 1 0 0 0 0 8 0 0 0 0 0 0 0 0 0 0 0 0 0 0 0 0 0 0 0 0 0 0 0 0 0
539 GTA 0 0 0 0 0 0 0 0 0 0 0 0 55 0 0 0 0 0 0 0 0 0 0 0 0 0 0 0 1 0 0 0 2 0 0 0 15 0 0 0 0 0 0 1 197573 0 13 0 0 0 0 0 0 0 0 0 0 0 0 0 4 0 0 0
540 CAG 0 0 8 0 0 0 0 0 0 0 1 0 0 0 0 0 35 4 169315 8 0 0 0 0 0 0 43 0 0 0 4 0 0 0 1 0 0 0 0 0 0 0 0 0 0 0 0 0 0 0 47 0 0 0 0 0 0 0 0 0 0 0 0 0
541 GCC 0 0 0 0 0 85 0 0 0 0 0 0 0 0 0 0 0 0 0 0 0 0 0 0 0 0 0 0 0 0 0 0 0 6 0 0 3 192359 0 3 0 0 0 0 0 30 0 0 0 0 0 0 0 3 0 0 0 0 0 0 0 0 0 0
542 AGA 29 0 0 0 1 0 0 0 224300 0 11 3 0 0 0 0 0 0 0 0 0 0 0 0 0 0 0 0 0 0 0 0 0 0 0 0 0 0 0 0 3 0 0 0 0 0 0 0 0 0 0 0 0 0 0 0 3 0 0 0 0 0 0 0
543 CAA 1 0 0 0 0 0 0 0 0 0 0 0 0 0 0 0 185574 0 10 2 0 0 0 0 3 0 0 0 1 0 0 0 0 0 0 0 0 0 0 0 0 0 0 0 0 0 0 0 12 0 0 0 0 0 0 0 0 0 0 0 0 0 0 0
544 TTA 0 0 0 0 0 0 0 0 0 0 0 0 8 0 0 0 0 0 0 0 0 0 0 0 0 0 0 0 4 0 0 0 0 0 0 0 0 0 0 0 0 0 0 0 4 0 0 0 4 0 0 0 8 0 0 0 0 0 0 0 203693 0 10 0
545 TTG 0 0 0 0 0 0 0 0 0 0 0 0 0 0 10 0 0 0 0 0 0 0 0 0 0 0 0 0 0 0 9 0 0 0 0 0 0 0 0 0 0 0 0 0 0 0 1 0 0 0 0 0 0 0 3 0 0 0 1 0 21 0 206087 0
546 TCT 0 0 0 0 0 0 0 1 0 0 0 0 0 0 0 0 0 0 0 0 0 0 0 7 0 0 0 0 0 0 0 0 0 0 0 0 0 0 0 2 0 0 0 0 0 0 0 0 0 0 0 5 4 16 3 166348 0 0 0 0 0 0 0 15
547 GGT 0 0 0 0 0 0 0 0 0 0 0 21 0 0 0 0 0 0 0 0 0 0 0 0 0 0 0 0 0 0 0 0 0 0 0 38 0 0 0 0 2 6 3 201352 0 0 0 1 0 0 0 0 0 0 0 0 0 0 0 2 0 0 0 0
548 ATA 4 0 0 0 8 0 0 0 0 0 0 0 234009 0 18 1 0 0 0 0 0 0 0 0 0 0 0 0 2 0 0 0 0 0 0 0 0 0 0 0 0 0 0 0 13 0 0 0 0 0 0 0 0 0 0 0 0 0 0 0 2 0 0 0
549 GTG 0 0 0 0 0 0 0 0 0 0 0 0 0 0 16 0 0 0 0 0 0 0 0 0 0 0 0 0 0 0 0 0 0 0 0 0 0 0 15 0 0 0 0 0 66 0 229192 2 0 0 0 0 0 0 0 0 0 0 0 0 0 0 1 0
550 CAA 5 0 0 0 0 0 0 0 0 0 0 0 0 0 0 0 240737 0 30 4 1 0 0 0 11 0 0 0 0 0 0 0 0 0 0 0 0 0 0 0 0 0 0 0 0 0 0 0 33 0 0 0 0 0 0 0 0 0 0 0 0 0 0 0
551 CAG 0 0 9 0 0 0 0 0 0 0 0 0 0 0 0 0 65 1 234284 1 0 0 0 0 0 0 13 0 0 0 1 0 0 0 3 0 0 0 0 0 0 0 0 0 0 0 0 0 0 0 25 0 0 0 0 0 0 0 0 0 0 0 0 0
552 CAA 5 0 0 0 0 0 0 0 0 0 0 0 0 0 0 0 229690 0 9 0 0 0 0 0 10 0 0 0 1 0 0 0 0 0 0 0 0 0 0 0 0 0 0 0 0 0 0 0 15 0 0 0 0 0 0 0 0 0 0 0 0 0 0 0
553 AGC 0 85 0 0 0 0 0 0 9 231000 2 52 0 3 0 0 0 0 0 0 0 0 0 0 0 0 0 0 0 0 0 0 0 0 0 0 0 0 0 0 0 7 0 0 0 0 0 0 0 0 0 0 0 0 0 0 0 1 0 0 0 0 0 0
554 AAT 1 9 4 235309 0 0 0 0 0 0 0 9 0 0 0 2 0 0 0 0 0 0 0 0 0 0 0 0 0 0 0 0 0 0 0 2 0 0 0 0 0 0 0 0 0 0 0 0 0 0 0 4 0 0 0 0 0 0 0 0 0 0 0 0
555 TTG 0 0 0 0 0 0 0 0 0 0 0 0 0 0 5 0 0 0 0 0 0 0 0 0 0 0 0 0 0 0 12 0 0 0 0 0 0 0 0 0 0 0 0 0 0 0 1 0 0 0 1 0 0 0 5 0 0 0 0 0 33 0 236868 1
556 CTG 0 0 0 0 0 0 0 0 0 0 0 0 0 0 2 0 0 0 0 0 0 0 29 0 0 0 2 0 26 1 240548 5 0 0 0 0 0 0 0 0 0 0 0 0 0 0 4 0 0 0 0 0 0 0 0 0 0 0 0 0 0 0 63 0
557 AGG 0 0 82 0 0 0 0 0 26 0 242206 5 0 0 23 0 0 0 0 0 0 0 0 0 0 0 0 0 0 0 0 0 0 0 0 0 0 0 0 0 0 0 71 0 0 0 0 0 0 0 0 0 0 0 0 0 0 0 6 0 0 0 0 0
558 GCT 0 0 0 0 0 0 0 109 0 0 0 0 0 0 0 0 0 0 0 0 0 0 0 2 0 0 0 0 0 0 0 0 0 0 0 5 1 33 1 240289 0 0 0 0 0 0 0 26 0 0 0 0 0 0 0 9 0 0 0 0 0 0 0 0
559 ATA 2 0 0 0 14 0 0 0 0 0 0 0 243216 2 40 1 0 0 0 0 0 0 0 0 0 0 0 0 0 0 0 0 0 0 0 0 0 0 0 0 0 0 0 0 7 0 0 0 0 0 0 0 0 0 0 0 0 0 0 0 2 0 0 0
560 GAG 0 0 16 0 0 0 0 0 0 0 0 0 0 0 0 0 0 0 0 0 0 0 0 0 0 0 0 0 0 0 0 0 33 3 243338 9 0 0 2 0 0 0 31 0 0 0 10 0 0 0 5 0 0 0 0 0 0 0 0 0 0 0 0 0
561 GCT 0 0 0 2 0 0 0 82 0 0 0 0 0 0 0 0 0 0 0 0 1 0 0 10 0 0 0 0 0 0 0 0 0 0 0 6 3 30 0 237356 0 0 0 2 0 0 0 28 0 0 0 0 0 0 0 8 0 0 0 0 0 0 0 0
562 CAA 4 0 0 0 0 0 0 0 0 0 0 0 0 0 0 0 243938 0 11 3 0 0 0 0 24 0 0 0 0 0 0 0 1 0 0 0 0 0 0 0 0 0 0 0 0 0 0 0 12 0 0 0 0 0 0 0 0 0 0 0 0 0 0 0
563 CAG 0 0 3 0 0 0 0 0 0 0 0 0 0 0 0 0 138 4 243532 6 0 0 0 0 0 0 24 0 0 0 3 0 0 0 6 0 0 0 0 0 0 0 0 0 0 0 0 0 0 0 34 0 0 0 0 0 0 0 0 0 0 0 0 0
564 CAT 0 0 0 12 0 0 0 0 0 0 0 0 0 0 0 0 14 11 2 243158 0 0 0 0 0 0 0 7 0 0 0 5 0 0 0 1 0 0 0 0 0 0 0 0 0 0 0 0 0 0 0 48 0 0 0 0 0 0 0 0 0 0 0 0
565 CTG 0 0 0 0 0 0 0 0 0 0 0 0 0 0 34 0 0 0 14 0 0 0 48 0 0 0 2 0 68 1 242654 3 0 0 0 0 0 0 0 0 0 0 0 0 0 0 1 0 0 0 0 0 0 0 0 0 0 0 0 0 0 0 18 0
566 TTG 0 0 0 0 0 0 0 0 0 0 0 0 0 0 0 0 0 0 0 0 0 0 0 0 0 0 0 0 0 0 20 0 0 0 0 0 0 0 0 0 0 0 0 0 0 0 0 0 0 0 0 0 0 0 70 0 0 0 2 0 17 0 243863 5
567 AAA 243652 0 8 2 1 0 0 0 13 1 0 0 3 0 0 0 0 0 0 0 0 0 0 0 0 0 0 0 0 0 0 0 11 0 0 0 0 0 0 0 0 0 0 0 0 0 0 0 2 0 0 0 0 0 0 0 0 0 0 0 0 0 0 0
568 CTC 0 0 0 0 0 0 0 0 0 0 0 0 0 15 0 0 0 7 0 0 0 29 0 0 0 0 0 0 6 241765 1 8 0 0 0 0 0 0 0 0 0 0 0 0 0 4 0 0 0 1 0 0 0 0 0 0 0 0 0 0 0 11 0 0
569 ACG 0 0 9 0 80 2 243270 15 0 0 5 0 0 0 178 0 0 0 0 0 0 0 0 0 0 0 0 0 0 0 0 0 0 0 0 0 0 0 48 0 0 0 0 0 0 0 0 0 0 0 0 0 0 0 1 0 0 0 0 0 0 0 0 0
570 GTC 0 0 0 0 0 0 0 0 0 0 0 0 0 69 0 0 0 0 0 0 0 0 0 0 0 0 0 0 0 3 0 0 0 4 0 0 0 21 0 0 0 0 0 0 4 243752 0 14 0 0 0 0 0 0 0 0 0 0 0 0 0 4 0 0
571 TGG 0 0 0 0 0 0 0 0 0 0 3 0 0 0 0 0 0 0 0 0 0 0 0 0 0 0 75 0 0 0 0 0 0 0 0 0 0 0 0 0 0 0 1 0 0 0 0 0 1 0 10 0 0 0 0 0 33 0 243895 13 0 0 2 0
572 GGC 0 0 0 0 0 0 0 0 0 47 0 0 0 0 0 0 0 0 0 0 0 0 0 0 0 1 0 0 0 0 0 0 0 117 0 1 0 0 0 0 6 243690 2 46 0 4 0 0 0 0 0 0 0 0 0 0 0 2 0 0 0 0 0 0
573 ATT 0 0 0 2 0 0 0 32 0 0 0 2 4 27 0 244235 0 0 0 0 0 0 0 0 0 0 0 0 0 0 0 0 0 0 0 0 0 0 0 0 0 0 0 0 0 0 0 7 0 0 0 0 0 0 0 0 0 0 0 0 0 0 0 1
574 AAA 243009 3 6 2 4 0 0 0 15 0 0 0 0 0 0 0 0 0 0 0 0 0 0 0 0 0 0 0 0 0 0 0 10 0 0 0 0 0 0 0 0 0 0 0 0 0 0 0 0 0 0 0 0 0 0 0 0 0 0 0 0 0 0 0
575 CAG 0 0 5 0 0 0 0 0 0 0 0 0 0 0 0 0 90 0 244202 14 0 0 3 0 0 0 36 0 0 0 1 0 0 0 4 0 0 0 0 0 0 0 0 0 0 0 0 0 0 0 52 0 0 0 0 0 0 0 0 0 0 0 0 0
576 CTC 0 0 0 0 0 0 0 0 0 0 0 0 0 6 0 0 0 0 0 0 0 16 0 0 0 2 0 0 4 243284 0 11 0 0 0 0 0 0 0 0 0 0 0 0 0 1 0 0 0 0 0 0 0 0 0 0 0 0 0 0 0 10 0 0
577 CAG 0 0 7 0 0 0 0 0 0 0 0 0 0 0 0 0 48 0 244547 8 0 0 1 0 0 0 73 0 0 0 3 0 0 0 1 0 0 0 0 0 0 0 0 0 0 0 0 0 0 0 28 0 0 0 0 0 0 0 0 0 0 0 0 0
578 GCA 0 0 0 0 93 0 0 0 0 0 0 0 0 0 0 0 0 0 0 0 0 0 0 0 0 0 0 0 0 0 0 0 8 0 0 0 243785 0 8 2 2 0 0 0 27 0 0 0 0 0 0 0 1 0 0 0 0 0 0 0 0 0 0 0
579 AGA 24 0 0 0 0 0 0 0 244592 0 3 6 7 0 0 0 0 0 0 0 0 0 0 0 0 0 0 0 0 0 0 0 0 0 0 0 0 0 0 0 14 0 0 0 0 0 0 0 0 0 0 0 0 0 0 0 3 0 0 0 0 0 0 0
580 GTC 0 0 0 0 0 0 0 0 0 0 0 0 0 63 0 0 0 0 0 0 0 0 0 0 0 0 0 0 0 9 0 0 0 1 0 0 0 13 0 0 0 0 0 0 1 242368 0 16 0 0 0 0 0 0 0 0 0 0 0 0 0 9 0 0
581 CTA 0 0 0 0 0 0 0 0 0 0 0 0 9 0 0 0 3 0 0 0 10 0 0 0 0 0 0 0 243974 1 28 2 0 0 0 0 0 0 0 0 0 0 0 0 1 0 0 0 0 0 0 0 0 0 0 0 0 0 0 0 13 0 0 0
582 GCT 0 0 0 0 0 0 0 23 0 0 0 0 0 0 0 0 0 0 0 0 0 0 0 0 0 0 0 0 0 0 0 0 0 0 0 4 0 18 0 244215 0 0 0 1 0 0 0 33 0 0 0 0 0 0 0 4 0 0 0 0 0 0 0 0
583 GTG 0 0 0 0 0 0 0 0 0 0 0 0 0 0 22 0 0 0 0 0 0 0 0 0 0 0 0 0 0 0 1 0 0 0 0 0 0 0 27 0 0 0 0 0 18 0 244491 3 0 0 0 0 0 0 0 0 0 0 0 0 0 0 3 0
584 GAA 43 0 0 0 0 0 0 0 0 0 0 0 0 0 0 0 0 0 0 0 0 0 0 0 0 0 0 0 0 0 0 0 244296 1 9 2 0 0 0 0 15 0 0 0 0 0 0 0 5 0 0 0 0 0 0 0 0 0 0 0 0 0 0 0
585 AGA 24 0 0 0 0 0 0 0 244453 3 6 0 5 0 0 0 0 0 0 0 0 0 0 0 2 0 0 0 0 0 0 0 0 0 0 0 0 0 0 0 15 0 0 0 0 0 0 0 0 0 0 0 0 0 0 0 1 0 0 0 0 0 0 0
586 TAC 0 20 0 0 0 0 0 0 0 0 0 0 0 0 0 0 0 11 0 0 0 0 0 0 0 0 0 0 0 0 0 0 0 0 0 0 0 0 0 0 0 0 0 0 0 0 0 0 4 243997 5 19 0 0 0 0 0 32 0 0 0 2 0 0
587 CTA 0 0 0 0 0 0 0 0 0 0 0 0 7 0 0 0 1 0 0 0 26 0 0 0 0 0 0 0 244467 2 5 0 0 0 0 0 0 0 0 0 0 0 0 0 1 0 0 0 0 0 0 0 0 0 0 0 0 0 0 0 6 0 0 0
588 AAG 48 1 244592 12 0 0 1 0 0 0 48 0 0 0 7 0 0 0 0 0 0 0 0 0 0 0 0 0 0 0 0 0 0 0 7 0 0 0 0 0 0 0 0 0 0 0 0 0 0 0 1 0 0 0 0 0 0 0 0 0 0 0 0 0
589 GAT 0 0 0 52 0 0 0 0 0 0 0 0 0 0 0 0 0 0 0 0 0 0 0 0 0 0 0 0 0 0 0 0 11 12 0 243100 0 0 0 0 0 0 0 2 0 0 0 0 0 0 0 2 0 0 0 0 0 0 0 0 0 0 0 0
590 CAA 8 0 0 0 0 0 0 0 0 0 0 0 0 0 0 0 243995 1 9 1 0 0 0 0 23 0 0 0 0 0 0 0 0 0 0 0 0 0 0 0 0 0 0 0 0 0 0 0 15 0 0 0 0 0 0 0 0 0 0 0 0 0 0 0
591 CAG 0 0 2 0 0 0 0 0 0 0 0 0 0 0 0 0 56 0 243489 0 0 0 1 0 0 0 26 0 0 0 0 0 0 0 1 0 0 0 0 0 0 0 0 0 0 0 0 0 0 0 45 0 0 0 0 0 0 0 0 0 0 0 0 0
592 CTC 0 0 0 0 0 0 0 0 0 0 0 0 0 11 0 0 0 1 0 0 0 8 0 0 0 0 0 0 5 243738 0 4 0 0 0 0 0 0 0 0 0 0 0 0 0 1 0 0 0 0 0 0 0 0 0 0 0 0 0 0 0 24 0 0
593 CTA 0 0 0 0 0 0 0 0 0 0 0 0 5 0 0 0 2 0 0 0 48 0 0 0 2 0 0 0 244574 0 21 0 0 0 0 0 0 0 0 0 0 0 0 0 1 0 0 0 0 0 0 0 0 0 0 0 0 0 0 0 15 0 0 0
594 GGA 0 0 0 0 0 0 0 0 67 0 0 0 0 0 0 0 3 0 0 0 0 0 0 0 0 0 0 0 0 0 0 0 37 0 0 0 0 0 0 0 244553 0 7 3 6 0 0 0 0 0 0 0 0 0 0 0 7 0 0 0 2 0 0 0
595 ATT 2 0 0 7 0 0 0 7 0 0 0 0 0 11 0 244314 0 0 0 0 0 0 0 0 0 0 0 0 0 0 0 0 0 0 0 0 0 0 0 0 0 0 0 0 0 0 0 8 0 0 0 0 0 0 0 0 0 0 0 0 0 0 0 3
596 TGG 0 0 0 0 0 0 0 0 0 0 1 0 0 0 0 0 0 0 0 0 0 0 0 0 0 0 27 0 0 0 0 0 0 0 0 0 0 0 0 0 0 0 8 0 0 0 0 0 0 0 42 0 0 0 0 0 60 0 244227 14 0 0 9 0
597 GGC 0 0 0 0 0 0 0 0 0 52 0 0 0 0 0 0 0 0 0 0 0 0 0 0 0 2 0 0 0 0 0 0 0 58 0 0 0 4 0 0 10 244389 4 46 0 4 0 0 0 0 0 0 0 0 0 0 0 14 0 0 0 0 0 0
598 TGC 0 0 0 0 0 0 0 0 0 2 0 0 0 0 0 0 0 0 0 0 0 0 0 0 0 18 0 0 0 0 0 0 0 0 0 0 0 0 0 0 0 2 0 0 0 0 0 0 0 164 0 0 0 0 0 0 3 322091 11 54 0 1 0 0
599 TCT 0 0 0 0 0 0 0 76 0 0 0 0 0 0 0 0 0 0 0 0 0 0 0 30 0 0 0 0 0 0 0 0 0 0 0 0 0 0 0 3 0 0 0 0 0 0 0 0 0 0 0 11 3 118 7 271297 0 0 0 2 0 0 0 9
600 GGA 0 0 0 0 0 0 0 0 49 0 0 0 0 0 0 0 0 0 0 0 0 0 0 0 0 0 0 0 0 0 0 0 91 0 0 0 0 0 0 0 322112 0 7 0 9 0 0 0 0 0 0 0 0 0 0 0 10 0 0 0 0 0 0 0
601 AAA 322808 0 9 1 0 0 0 0 10 0 0 0 3 0 0 0 0 0 0 0 0 0 0 0 0 0 0 0 0 0 0 0 7 0 0 0 0 0 0 0 0 0 0 0 0 0 0 0 0 0 0 0 0 0 0 0 0 0 0 0 0 0 0 0
602 CTC 0 0 0 0 0 0 0 0 0 0 0 0 0 13 0 0 0 3 0 0 0 11 0 0 0 5 0 0 5 321667 0 14 0 0 0 0 0 0 0 0 0 0 0 0 0 1 0 0 0 0 0 0 0 0 0 0 0 0 0 0 0 30 0 0
603 ATC 0 8 0 0 0 15 0 0 0 3 0 0 7 322643 3 24 0 0 0 0 0 0 0 0 0 0 0 0 0 1 0 0 0 0 0 0 0 0 0 0 0 0 0 0 0 15 0 0 0 0 0 0 0 0 0 0 0 0 0 0 0 5 0 0
604 TGC 0 0 0 0 0 0 0 0 0 6 0 0 0 0 0 0 0 1 0 0 0 0 0 0 0 41 0 0 0 0 0 0 0 0 0 0 0 0 0 0 0 2 0 0 0 0 0 0 0 158 0 0 0 11 0 0 7 322365 1 96 0 6 0 0
605 ACC 0 6 0 0 5 322677 0 29 0 3 0 0 0 40 0 0 0 0 0 0 0 1 0 0 0 0 0 0 0 0 0 0 0 0 0 0 0 6 0 0 0 0 0 0 0 0 0 0 0 0 0 0 0 2 0 0 0 0 0 0 0 0 0 0
606 ACT 0 0 0 3 2 44 0 321597 0 0 0 4 0 0 0 9 0 0 0 0 0 0 0 0 0 0 0 0 0 0 0 0 0 0 0 0 0 0 0 4 0 0 0 0 0 0 0 0 0 0 0 0 0 0 0 1 0 0 0 0 0 0 0 0
607 AAT 55 19 1 322163 0 0 0 3 0 0 0 11 0 0 0 3 0 0 0 0 0 0 0 0 0 0 0 0 0 0 0 0 0 0 0 21 0 0 0 0 0 0 0 0 0 0 0 0 0 0 0 2 0 0 0 0 0 0 0 0 0 0 0 0
608 GTG 0 0 0 0 0 0 0 0 0 0 0 0 0 0 72 0 0 0 0 0 0 0 0 0 0 0 0 0 0 0 1 0 0 0 0 0 0 0 11 0 0 0 0 0 121 0 321998 4 0 0 0 0 0 0 0 0 0 0 0 0 0 0 9 0
609 CCC 0 0 0 0 0 11 0 0 0 0 0 0 0 0 0 0 0 8 0 0 14 322112 2 22 0 0 0 0 0 12 0 0 0 0 0 0 0 3 0 0 0 0 0 0 0 0 0 0 0 0 0 0 0 56 0 0 0 0 0 0 0 0 0 0
610 TGG 0 0 0 0 0 0 0 0 0 0 19 0 0 0 0 0 0 0 0 0 0 0 0 0 0 0 175 0 0 0 0 0 0 0 0 0 0 0 0 0 0 0 8 0 0 0 0 0 0 0 50 0 0 0 0 0 29 0 322206 3 0 0 6 0
611 AAC 10 321446 7 47 0 1 0 0 0 12 0 0 0 2 0 0 0 0 0 0 0 0 0 0 0 0 0 0 0 0 0 0 0 16 0 0 0 0 0 0 0 0 0 0 0 0 0 0 0 2 0 0 0 0 0 0 0 0 0 0 0 0 0 0
612 TCT 0 0 0 1 0 0 0 6 0 0 0 0 0 0 0 0 0 0 0 0 0 0 0 17 0 0 0 0 0 0 0 0 0 0 0 0 0 0 0 5 0 0 0 0 0 0 0 0 0 0 0 21 21 25 2 322293 0 0 0 1 0 0 0 20
613 AGT 2 0 0 64 0 0 0 3 27 21 3 322224 0 0 0 18 0 0 0 0 0 0 0 0 0 0 0 0 0 0 0 0 0 0 0 0 0 0 0 0 0 0 0 30 0 0 0 0 0 0 0 0 0 0 0 0 0 0 0 2 0 0 0 0
614 TGG 0 0 0 0 0 0 0 0 0 0 14 0 0 0 0 0 0 0 1 0 0 0 0 0 0 0 11 0 0 0 0 0 0 0 0 0 0 0 0 0 0 0 1 0 0 0 0 0 0 0 53 0 0 0 3 0 41 3 322519 5 0 0 9 0
615 AGT 0 0 0 119 0 0 0 2 11 29 5 321275 0 0 0 8 0 0 0 0 0 0 0 0 0 0 0 0 0 0 0 0 0 0 0 0 0 0 0 0 0 0 0 39 0 0 0 0 0 0 0 0 0 0 0 0 0 0 0 3 0 0 0 0
616 AAT 11 25 1 322192 0 0 0 2 0 0 0 13 0 0 0 4 0 0 0 1 0 0 0 0 0 0 0 0 0 0 0 0 0 0 0 10 0 0 0 0 0 0 0 0 0 0 0 0 0 0 0 3 0 0 0 0 0 0 0 0 0 0 0 0
617 AAA 321509 0 5 7 0 0 0 0 11 0 0 0 2 0 0 0 1 0 0 0 0 0 0 0 0 0 0 0 0 0 0 0 65 0 0 0 0 0 0 0 0 0 0 0 0 0 0 0 1 0 0 0 0 0 0 0 0 0 0 0 0 0 0 0
618 TCC 0 0 0 0 0 6 0 0 0 0 0 0 0 0 0 0 0 0 0 0 0 14 0 0 0 0 0 0 0 0 0 0 0 0 0 0 0 0 0 0 0 0 0 0 0 0 0 0 0 8 0 0 10 320264 0 21 0 0 0 0 0 15 0 0
619 CAG 0 0 7 0 0 0 0 0 0 0 0 0 0 0 0 0 66 0 321482 12 0 0 11 0 0 0 125 0 0 0 4 0 0 0 0 0 0 0 0 0 0 0 0 0 0 0 0 0 0 0 24 0 0 0 0 0 0 0 0 0 0 0 0 0
620 GAT 0 0 0 67 0 0 0 0 0 0 0 0 0 0 0 0 0 0 0 1 0 0 0 0 0 0 0 0 0 0 0 0 21 11 3 320155 0 0 0 2 0 0 0 7 0 0 0 2 0 0 0 5 0 0 0 0 0 0 0 0 0 0 0 0
621 GAG 2 0 99 0 0 0 0 0 0 0 0 0 0 0 0 0 0 0 2 0 0 0 0 0 0 0 0 0 0 0 0 0 78 2 317640 17 0 0 6 0 0 0 75 0 0 0 14 0 0 0 6 0 0 0 0 0 0 0 0 0 0 0 0 0
622 ATA 10 0 0 0 13 0 1 0 1 0 0 0 321304 1 18 14 0 0 0 0 0 0 0 0 0 0 0 0 1 0 0 0 0 0 0 0 0 0 0 0 0 0 0 0 6 0 0 0 0 0 0 0 0 0 0 0 0 0 0 0 3 0 0 0
623 TGG 0 0 3 0 0 0 0 0 0 0 32 0 0 0 0 0 0 0 0 0 0 0 0 0 0 0 6 0 0 0 0 0 0 0 0 0 0 0 0 0 0 0 2 0 0 0 1 0 0 0 59 0 0 0 1 0 60 2 321896 15 0 0 23 0
624 GGA 1 0 0 0 0 0 0 0 69 0 0 0 0 0 0 0 0 0 0 0 0 0 0 0 1 0 0 0 0 0 0 0 93 0 0 0 0 0 0 0 320441 0 7 2 1 0 0 0 0 0 0 0 0 0 0 0 4 0 0 0 0 0 0 0
625 AAC 14 321417 1 50 1 2 0 0 0 37 0 0 0 3 0 0 0 0 0 0 0 0 0 0 0 0 0 0 0 0 0 0 0 14 0 0 0 0 0 0 0 0 0 0 0 0 0 0 0 1 0 0 0 0 0 0 0 0 0 0 0 0 0 0
626 ATG 0 0 9 0 0 0 25 0 0 0 1 0 45 1 320501 5 0 0 0 0 0 0 0 0 0 0 0 0 0 0 2 0 0 0 0 0 0 0 0 0 0 0 0 0 0 0 33 0 0 0 0 0 0 0 0 0 0 0 0 0 0 0 1 0
627 ACC 0 7 0 0 29 321313 0 27 0 2 0 0 0 47 0 0 0 0 0 0 0 0 0 0 0 0 0 0 0 0 0 0 0 0 0 0 0 39 0 0 0 0 0 0 0 0 0 0 0 0 0 0 0 1 0 0 0 0 0 0 0 0 0 0
628 TGG 0 0 0 0 0 0 0 0 0 0 3 0 0 0 0 0 0 0 0 0 0 0 0 0 0 0 24 0 0 0 0 0 0 0 0 0 0 0 0 0 0 0 4 0 0 0 0 0 2 0 58 0 0 0 1 0 99 3 314518 10 0 0 4 0
629 CTG 0 0 0 0 0 0 0 0 0 0 0 0 0 0 27 0 0 0 5 0 1 0 22 0 0 0 0 0 293 5 314681 5 0 0 0 0 0 0 0 0 0 0 0 0 0 0 0 0 0 0 1 0 0 0 0 0 0 0 0 0 0 0 97 0
630 CAA 77 0 0 0 0 0 0 0 0 0 0 0 0 0 0 0 319774 1 16 11 2 0 0 0 17 0 0 0 14 0 0 0 3 0 0 0 0 0 0 0 0 0 0 0 0 0 0 0 83 0 0 0 0 0 0 0 0 0 0 0 0 0 0 0
631 TGG 0 0 0 0 0 0 0 0 0 0 27 0 0 0 0 0 0 0 1 0 0 0 0 0 0 0 2 0 0 0 0 0 0 0 0 0 0 0 0 0 0 0 8 0 0 0 0 0 0 0 55 0 0 0 1 0 59 0 317933 10 0 0 16 0
632 GAT 0 0 0 77 0 0 0 0 0 0 0 0 0 0 0 0 0 0 0 2 0 0 0 0 0 0 0 0 0 0 0 0 9 11 0 319532 0 0 0 0 0 0 0 7 0 0 0 2 0 0 0 13 0 0 0 0 0 0 0 0 0 0 0 0
633 AAA 320624 8 33 8 2 0 0 0 33 0 0 0 8 0 0 0 0 0 0 0 0 0 0 0 0 0 0 0 0 0 0 0 30 0 0 0 0 0 0 0 0 0 0 0 0 0 0 0 1 0 0 0 0 0 0 0 0 0 0 0 0 0 0 0
634 GAA 55 0 0 0 0 0 0 0 0 0 0 0 0 0 0 0 4 0 0 0 0 0 0 0 0 0 0 0 0 0 0 0 315485 0 3 1 0 0 0 0 1 0 0 0 4 0 0 0 1 0 0 0 0 0 0 0 0 0 0 0 0 0 0 0
635 GTT 0 0 0 1 0 0 0 0 0 0 0 0 0 0 0 82 0 0 0 0 0 0 0 0 0 0 0 0 0 0 0 0 0 0 0 11 0 0 0 15 0 0 0 0 7 6 2 314490 0 0 0 0 0 0 0 0 0 0 0 0 0 0 0 4
636 AGC 3 114 0 0 0 6 0 0 40 317607 2 139 0 12 0 0 0 0 0 0 0 0 0 0 0 0 0 0 0 0 0 0 0 0 0 0 0 0 0 0 0 22 0 0 0 0 0 0 0 0 0 0 0 0 0 0 0 4 0 2 0 0 0 0
637 AAT 67 26 1 320372 1 0 0 4 0 0 0 10 0 0 0 7 0 0 0 0 0 0 0 0 0 0 0 0 0 0 0 0 0 0 0 7 0 0 0 0 0 0 0 0 0 0 0 0 0 0 0 5 0 0 0 0 0 0 0 0 0 0 0 0
638 TAC 0 37 0 0 0 0 0 0 0 0 0 0 0 1 0 0 0 22 0 0 0 0 0 0 0 0 0 0 0 0 0 0 0 3 0 0 0 0 0 0 0 0 0 0 0 0 0 0 19 314257 3 83 0 0 0 0 0 21 0 0 0 9 0 0
639 ACA 15 0 0 0 318284 4 17 5 3 0 0 0 46 0 0 0 0 0 0 0 0 0 0 0 0 0 0 0 0 0 0 0 0 0 0 0 27 0 0 0 0 0 0 0 0 0 0 0 0 0 0 0 10 0 0 0 0 0 0 0 0 0 0 0
640 CAG 0 0 26 0 0 0 0 0 0 0 0 0 0 0 0 0 49 1 317849 3 0 0 0 0 0 0 34 0 0 0 6 0 0 0 2 0 0 0 0 0 0 0 0 0 0 0 0 0 0 0 56 0 0 0 0 0 0 0 0 0 0 0 0 0
641 ATA 46 1 0 1 11 1 0 0 3 0 0 0 313013 2 17 2 0 0 0 0 0 0 0 0 0 0 0 0 0 0 0 0 0 0 0 0 0 0 0 0 0 0 0 0 4 0 0 0 0 0 0 0 0 0 0 0 0 0 0 0 1 0 0 0
642 ATA 40 1 0 2 10 0 0 0 2 0 0 0 310483 1 12 4 0 0 0 0 1 0 0 0 0 0 0 0 2 0 0 0 0 0 0 0 0 0 0 0 0 0 0 0 9 0 0 0 0 0 0 0 0 0 0 0 0 0 0 0 17 0 0 0
643 TAT 0 0 0 8 0 0 0 0 0 0 0 0 0 0 0 0 0 1 0 10 0 0 0 0 0 0 0 0 0 0 0 0 0 0 0 2 0 0 0 0 0 0 0 0 0 0 0 0 59 25 6 307762 0 1 0 1 0 0 0 9 0 0 0 1
644 ACT 2 1 1 32 10 22 5 272081 0 0 0 5 1 0 0 48 0 0 0 0 0 0 0 2 0 0 0 0 0 0 0 0 0 0 0 0 0 0 0 25 0 0 0 0 0 0 0 0 0 0 0 0 0 0 0 11 0 0 0 0 0 0 0 1
645 CTA 0 0 0 0 0 0 0 0 0 0 0 0 37 0 0 0 7 0 0 0 16 0 0 0 3 0 0 0 294268 1 8 0 0 0 0 0 0 0 0 0 0 0 0 0 1 0 0 0 0 0 0 0 0 0 0 0 0 0 0 0 35 0 0 0
646 ATT 0 0 0 1 0 0 0 6 1 0 0 0 8 14 1 286005 0 0 0 0 0 0 0 0 0 1 0 0 0 0 0 1 0 0 0 0 0 0 0 0 0 0 0 0 0 0 0 5 0 0 0 0 0 0 0 0 0 0 0 0 0 0 0 0
647 GAA 83 0 0 0 0 0 0 0 0 0 0 0 0 0 0 0 3 0 0 0 0 0 0 0 0 0 0 0 0 0 0 0 284042 3 45 8 0 0 0 0 31 0 0 0 2 0 0 0 7 0 0 0 0 0 0 0 1 0 0 0 0 0 0 0
648 GAA 77 0 0 0 0 0 0 0 6 0 0 0 0 0 0 0 3 0 0 0 0 0 0 0 0 0 0 0 0 0 0 0 281108 0 8 2 0 0 0 0 2 0 0 0 0 0 0 0 3 0 0 0 0 0 0 0 0 0 0 0 0 0 0 0
649 TCG 0 0 0 0 0 1 3 0 0 1 0 0 0 3 0 0 0 0 0 0 0 0 2 0 0 0 0 0 0 0 0 0 0 0 0 0 0 0 0 0 0 0 0 0 0 0 0 0 0 0 11 0 183 3 207547 1 0 0 1 0 0 0 43 0
650 CAG 0 0 3 0 2 0 0 0 0 0 0 0 0 0 0 0 40 1 261149 7 0 0 2 0 0 0 58 0 0 0 4 0 0 0 1 0 2 0 0 0 0 0 0 0 0 0 0 0 0 0 46 0 0 0 0 0 0 0 0 0 0 0 0 0
651 AAC 11 294842 4 39 0 0 0 0 1 13 0 0 0 3 0 0 0 0 0 0 0 0 0 0 0 0 0 0 0 0 0 0 2 6 0 0 0 0 0 0 0 0 0 0 0 0 0 0 0 1 0 0 0 0 0 0 0 0 0 0 0 0 0 0
652 CAG 0 0 5 0 0 0 0 0 0 0 0 0 0 0 0 0 77 0 110846 1 0 0 0 0 0 0 2 0 0 0 0 0 0 0 0 0 0 0 0 0 0 0 0 0 0 0 0 0 0 0 13 0 0 0 0 0 0 0 0 0 0 0 0 0
653 CAA 13 0 0 0 0 0 0 0 0 0 0 0 0 0 0 0 164769 0 2 0 0 0 0 0 5 0 0 0 0 0 0 0 1 0 0 0 0 0 0 0 0 0 0 0 0 0 0 0 70 0 0 0 0 0 0 0 0 0 0 0 0 0 0 0
654 GAA 301 0 0 0 0 0 0 0 2 0 0 0 0 0 0 0 0 0 0 0 0 0 0 0 0 0 0 0 0 0 0 0 215796 1 7 0 0 0 0 0 2 0 0 0 0 0 0 0 1 0 0 0 0 0 0 0 0 0 0 0 0 0 0 0
655 AAA 275798 0 4 0 0 0 0 0 1 0 0 0 3 0 0 0 1 0 0 0 0 0 0 0 0 0 0 0 0 0 0 0 9 0 0 0 0 0 0 0 0 0 0 0 0 0 0 0 1 0 0 0 0 0 0 0 0 0 0 0 0 0 0 0
656 AAT 20 5 1 266263 0 0 0 1 0 0 0 8 0 0 0 38 0 0 0 1 0 0 0 0 0 0 0 0 0 0 0 0 0 0 0 7 0 0 0 0 0 0 0 0 0 0 0 0 0 0 0 4 0 0 0 0 0 0 0 0 0 0 0 0
657 GAA 92 2 1 0 0 0 0 0 7 0 0 0 0 0 0 0 2 0 1 0 0 0 0 0 0 0 0 0 0 0 0 0 271087 0 18 3 0 0 0 0 2 0 0 0 0 0 0 0 1 0 0 0 0 0 0 0 2 0 0 0 0 0 0 0
658 CAA 16 1 2 5 1 0 0 0 2 0 0 0 0 0 2 0 227381 2 15 3 0 0 0 0 18 0 0 0 1 0 0 0 2 0 0 0 0 0 0 0 0 0 0 0 0 0 0 0 35 0 0 0 0 0 0 0 1 0 0 0 0 0 0 0
659 GAC 6 66 0 6 1 0 0 0 0 0 0 0 0 0 0 0 0 3 2 0 0 0 0 0 0 0 0 0 0 0 0 0 33 224592 5 28 0 0 0 0 0 7 0 0 0 4 0 0 0 6 0 0 0 0 0 0 2 0 0 0 0 0 0 0
660 TTA 9 0 0 1 1 0 0 0 2 0 0 0 19 0 0 0 0 0 0 0 0 0 0 0 0 0 0 0 9 0 0 0 7 0 0 0 0 0 0 0 0 0 0 0 2 0 0 0 1 0 0 0 9 0 0 0 5 0 0 0 265436 0 8 0
661 TTA 1 0 0 4 0 0 0 0 0 0 0 0 30 0 1 3 5 0 0 0 0 0 0 0 0 0 0 0 14 0 0 0 2 0 0 0 0 0 0 0 0 0 0 0 2 0 0 0 5 0 0 0 7 0 0 0 3 0 0 0 290102 0 42 3
662 GCA 2 1 0 0 110 0 0 0 0 1 0 0 0 0 0 0 0 0 0 0 7 0 0 0 0 0 0 0 0 0 0 0 18 0 0 0 292732 0 6 8 3 0 0 0 77 0 0 0 0 0 0 0 11 0 0 0 0 0 0 0 0 0 0 0
663 TTG 0 0 0 1 0 0 0 0 0 0 0 0 0 0 9 0 1 0 0 0 0 0 0 0 0 0 0 0 0 0 16 0 1 0 0 0 0 0 0 0 0 0 0 0 0 0 3 0 2 0 5 0 0 0 14 0 0 0 4 0 69 1 247219 8
664 GAC 1 76 0 0 0 0 0 0 0 0 0 0 0 0 0 0 0 1 0 0 0 0 0 0 0 0 0 0 0 0 0 0 79 303605 10 65 0 0 0 0 0 33 0 0 0 3 0 0 0 10 0 0 0 0 0 0 0 0 0 0 0 0 0 0
665 AAG 81 1 314542 9 0 0 4 0 0 0 32 0 0 0 5 0 0 0 2 0 0 0 0 0 0 0 0 0 0 0 0 0 0 0 35 0 0 0 0 0 0 0 0 0 0 0 0 0 0 0 10 0 0 0 0 0 0 0 0 0 0 0 0 0
666 TGG 0 0 0 0 0 0 0 0 0 0 13 0 0 0 0 0 0 0 0 0 0 0 0 0 0 0 5 0 0 0 0 0 0 0 0 0 0 0 0 0 0 0 5 0 0 0 0 0 0 0 43 0 0 0 0 0 32 1 283359 4 0 0 7 0
667 GCA 0 0 0 0 137 0 0 0 0 0 0 0 0 0 0 0 0 0 0 0 0 0 0 0 0 0 0 0 0 0 0 0 4 0 0 0 204518 1 15 0 0 0 0 0 127 0 0 0 0 0 0 0 6 0 0 0 0 0 0 0 0 0 0 0
668 AGT 0 0 0 66 0 0 0 1 5 12 0 285010 0 0 0 2 0 0 0 0 0 0 0 0 0 0 0 0 0 0 0 0 0 0 0 0 0 0 0 0 0 0 0 10 0 0 0 0 0 0 0 0 0 0 0 0 0 0 0 1 0 0 0 0
669 CTG 0 0 0 0 0 0 0 0 0 0 0 0 0 0 20 0 0 0 4 0 0 0 79 0 0 0 8 0 79 1 271660 3 0 0 0 0 0 0 0 0 0 0 0 0 0 0 2 0 0 0 1 0 0 0 0 0 0 0 0 0 0 0 27 0
670 TGG 0 0 0 0 0 0 0 0 0 0 9 0 0 0 0 0 0 0 0 0 0 0 0 0 0 0 34 0 0 0 0 0 0 0 0 0 0 0 0 0 0 0 0 0 0 0 2 0 1 0 22 0 0 0 0 0 52 1 305598 6 0 0 1 0
671 AAT 12 12 1 319475 0 0 0 1 0 0 0 9 0 0 0 2 0 0 0 0 0 0 0 0 0 0 0 0 0 0 0 0 0 0 0 9 0 0 0 0 0 0 0 0 0 0 0 0 0 0 0 1 0 0 0 0 0 0 0 0 0 0 0 0
672 TGG 0 0 0 0 0 0 0 0 0 0 4 0 0 0 0 0 0 0 0 0 0 0 0 0 0 0 11 0 0 0 0 0 0 0 0 0 0 0 0 0 0 0 0 0 0 0 0 0 0 0 35 0 0 0 0 0 53 3 310339 1 0 0 8 0
673 TTT 0 0 0 0 0 0 0 0 0 0 0 0 0 0 0 3 0 0 0 0 0 0 0 0 0 0 0 0 0 0 0 20 0 0 0 0 0 0 0 0 0 0 0 0 0 0 0 4 0 0 0 26 0 0 0 25 0 0 0 3 4 24 1 318037
674 AAC 27 318267 5 47 0 0 0 0 0 29 0 0 0 6 0 0 0 0 0 0 0 0 0 0 0 0 0 0 0 0 0 0 0 31 0 0 0 0 0 0 0 0 0 0 0 0 0 0 0 4 0 0 0 0 0 0 0 0 0 0 0 0 0 0
675 ATC 1 2 0 0 0 19 0 0 0 1 0 0 16 314364 0 43 0 0 0 0 0 0 0 0 0 0 0 0 0 4 0 0 0 0 0 0 0 0 0 0 0 0 0 0 0 6 0 0 0 0 0 0 0 0 0 0 0 0 0 0 0 9 0 0
676 TCA 0 0 0 0 11 0 0 0 0 0 0 0 0 0 0 0 0 0 0 0 47 0 0 0 0 0 0 0 0 0 0 0 0 0 0 0 6 0 0 0 0 0 0 0 0 0 0 0 6 0 0 0 314990 2 25 0 2 0 0 0 27 0 0 0
677 CAA 28 0 0 0 0 0 0 0 0 0 0 0 0 0 0 0 319751 1 23 3 0 0 0 0 32 0 0 0 2 0 0 0 0 0 0 0 0 0 0 0 0 0 0 0 0 0 0 0 33 0 0 0 0 0 0 0 0 0 0 0 0 0 0 0
678 TGG 0 0 0 0 0 0 0 0 0 0 5 0 0 0 0 0 0 0 0 0 0 0 0 0 0 0 4 0 0 0 0 0 0 0 0 0 0 0 0 0 0 0 1 0 0 0 0 0 0 0 37 0 0 0 1 0 114 1 317416 2 0 0 6 0
679 CTG 0 0 0 0 0 0 0 0 0 0 0 0 0 0 10 0 0 0 3 0 0 0 13 0 0 0 4 0 75 0 297156 2 0 0 0 0 0 0 0 0 0 0 0 0 0 0 6 0 0 0 0 0 0 0 0 0 0 0 0 0 0 0 43 0
680 TGG 0 0 0 0 0 0 0 0 0 0 2 0 0 0 0 0 0 0 0 0 0 0 0 0 0 0 9 0 0 0 0 0 0 0 0 0 0 0 0 0 0 0 0 0 0 0 0 0 0 0 36 0 0 0 0 0 99 1 301913 7 0 0 4 0
681 TAT 0 0 0 11 0 0 0 0 0 0 0 0 0 0 0 0 0 0 0 34 0 0 0 0 0 0 0 0 0 0 0 0 0 0 0 1 0 0 0 0 0 0 0 0 0 0 0 0 15 19 0 321863 0 0 0 1 0 0 0 11 0 0 0 1
682 ATA 4 0 0 0 8 0 0 0 2 0 0 0 322432 1 28 0 0 0 0 0 0 0 0 0 0 0 0 0 2 0 0 0 0 0 0 0 0 0 0 0 0 0 0 0 15 0 0 0 0 0 0 0 0 0 0 0 0 0 0 0 0 0 0 0
683 AAG 75 1 322360 1 0 0 2 0 0 0 16 0 0 0 2 0 0 0 4 0 0 0 0 1 0 0 0 0 0 0 0 0 0 0 12 0 0 0 0 0 0 0 0 0 0 0 0 0 0 0 2 0 0 0 0 0 0 0 0 0 0 0 0 0
684 ATA 23 0 0 0 15 0 0 0 1 0 0 0 322079 1 13 5 0 0 0 0 0 0 0 0 0 0 0 0 2 0 0 0 0 0 0 0 0 0 0 0 0 0 0 0 4 0 0 0 0 0 0 0 0 0 0 0 0 0 0 0 1 0 0 0
685 TTT 0 0 0 0 0 0 0 0 0 0 0 0 0 0 0 7 0 0 0 0 0 0 0 0 0 0 0 0 0 0 0 12 0 0 0 0 0 0 0 0 0 0 0 0 0 0 0 7 0 0 1 13 0 0 0 14 0 0 0 5 16 9 1 321043
686 ATA 35 0 0 0 11 0 0 0 0 0 0 0 321906 1 19 1 0 0 0 0 0 0 0 0 0 0 0 0 0 0 0 0 0 0 0 0 0 0 0 0 0 0 0 0 17 0 0 0 0 0 0 0 0 0 0 0 0 0 0 0 11 0 0 0
687 ATA 22 0 1 1 12 0 0 0 1 0 0 0 322470 0 13 0 0 0 0 0 0 0 0 0 0 0 0 0 2 0 0 0 0 0 0 0 0 0 0 0 0 0 0 0 13 0 0 0 0 0 0 0 0 0 0 0 0 0 0 0 5 0 0 0
688 ATA 9 0 0 0 17 0 0 0 0 0 0 0 322285 1 41 2 0 0 0 0 0 0 0 0 0 0 0 0 0 0 0 0 0 0 0 0 0 0 0 0 0 0 0 0 7 0 0 0 0 0 0 0 0 0 0 0 0 0 0 0 6 0 0 0
689 GTA 0 0 0 0 0 0 0 0 0 0 0 0 87 0 0 0 1 0 0 0 0 0 0 0 0 0 0 0 0 0 0 0 24 0 0 0 16 0 0 0 0 0 0 0 322374 1 38 2 0 0 0 0 0 0 0 0 0 0 0 0 13 0 0 0
690 GGA 1 0 0 0 0 0 0 0 33 0 0 0 0 0 0 0 0 0 0 0 1 0 0 0 0 0 0 0 0 0 0 0 77 0 0 0 2 0 0 0 321771 0 44 6 8 0 0 0 0 0 0 0 0 0 0 0 6 0 0 0 0 0 0 0
691 GGC 1 1 0 0 0 0 0 0 1 83 0 0 0 0 0 0 0 1 0 0 0 0 0 0 0 3 0 0 0 0 0 0 0 69 0 0 0 11 0 0 23 320356 6 43 0 5 0 0 0 0 0 0 0 0 0 0 0 3 0 0 0 1 0 0
692 TTA 6 0 0 0 0 0 0 0 0 0 0 0 61 0 0 0 0 0 0 0 0 0 0 0 0 0 0 0 26 0 0 0 2 0 0 0 0 0 0 0 0 0 0 0 4 0 0 0 28 0 0 0 36 0 0 0 1 0 0 0 321411 0 10 7
693 ATA 14 0 0 0 9 0 0 0 0 0 0 0 322413 0 109 5 0 0 0 0 0 0 0 0 0 0 0 0 1 0 0 0 0 0 0 0 0 0 0 0 0 0 0 0 9 0 0 0 0 0 0 0 0 0 0 0 0 0 0 0 2 0 0 0
694 GGA 0 0 0 0 0 0 0 0 51 0 0 0 0 0 0 0 0 0 0 0 0 0 0 0 3 0 0 0 0 0 0 0 39 0 0 0 3 0 0 0 321580 1 8 7 4 0 0 2 0 0 0 0 0 0 0 0 23 0 0 0 0 0 0 0
695 TTA 0 0 0 0 0 0 0 0 0 0 0 0 4 0 0 0 0 0 0 0 0 0 0 0 0 0 0 0 15 0 0 0 0 0 0 0 0 0 0 0 0 0 0 0 2 0 0 0 16 0 0 0 18 0 0 0 0 0 0 0 321920 1 32 1
696 AGA 80 0 1 0 1 0 0 0 322046 1 13 1 6 0 0 0 0 0 0 0 0 0 0 0 1 0 0 0 0 0 0 0 0 0 0 0 0 0 0 0 11 0 0 0 0 0 0 0 0 0 0 0 0 0 0 0 1 0 0 0 0 0 0 0
697 ATA 2 0 0 0 4 0 0 0 0 0 0 0 322504 1 36 0 0 0 0 0 0 0 0 0 0 0 0 0 1 0 0 0 0 0 0 0 0 0 0 0 0 0 0 0 6 0 0 0 0 0 0 0 0 0 0 0 0 0 0 0 2 0 0 0
698 GTT 0 0 0 0 0 0 0 0 0 0 0 0 0 0 0 67 0 0 0 0 0 0 0 0 0 0 0 0 0 0 0 0 0 0 0 2 0 0 0 15 0 0 0 0 7 22 1 322346 0 0 0 0 0 0 0 0 0 0 0 0 0 0 0 6
699 TTT 0 0 0 0 0 0 0 0 0 0 0 0 0 0 0 7 0 0 0 0 0 0 0 0 0 0 0 0 0 0 0 17 0 0 0 0 0 0 0 0 0 0 0 0 0 0 0 6 0 0 0 25 0 0 0 12 0 0 0 6 9 14 3 322322
700 GCA 0 0 0 0 155 0 0 0 0 0 0 0 0 0 0 0 0 0 0 0 2 0 0 0 0 0 0 0 0 0 0 0 16 0 0 0 321824 2 60 5 1 0 0 0 280 0 0 0 0 0 0 0 10 0 0 0 0 0 0 0 0 0 0 0
701 GTG 0 0 0 0 0 0 0 0 0 0 0 0 0 0 100 0 0 0 0 0 0 0 0 0 0 0 0 0 0 0 7 0 0 0 17 0 0 0 14 0 0 0 1 0 278 5 322115 9 0 0 0 0 0 0 0 0 0 0 0 0 0 0 9 0
702 CTT 0 0 0 0 0 0 0 0 0 0 0 0 0 0 0 12 4 0 0 7 0 0 0 36 0 0 0 3 23 12 3 322768 0 0 0 0 0 0 0 0 0 0 0 0 0 0 0 5 0 0 0 0 0 0 0 0 0 0 0 0 0 0 0 56
