# POSITION WT AAA AAC AAG AAT ACA ACC ACG ACT AGA AGC AGG AGT ATA ATC ATG ATT CAA CAC CAG CAT CCA CCC CCG CCT CGA CGC CGG CGT CTA CTC CTG CTT GAA GAC GAG GAT GCA GCC GCG GCT GGA GGC GGG GGT GTA GTC GTG GTT TAA TAC TAG TAT TCA TCC TCG TCT TGA TGC TGG TGT TTA TTC TTG TTT
32 GGA 0 0 0 0 0 0 0 0 76 0 0 0 0 0 0 0 0 0 0 0 0 0 0 0 3 0 0 0 0 0 0 0 44 0 0 0 0 0 0 0 191460 1 5 0 3 0 0 0 0 0 0 0 0 0 0 0 13 0 0 0 0 0 0 0
33 AAC 11 191956 1 16 0 0 0 0 0 8 0 0 0 1 0 0 0 0 0 0 0 0 0 0 0 0 0 0 0 0 0 0 0 7 0 0 0 0 0 0 0 0 0 0 0 0 0 0 0 0 0 0 0 0 0 0 0 0 0 0 0 0 0 0
34 TTG 0 0 0 0 0 0 0 0 0 0 0 0 0 0 2 0 0 0 0 0 0 0 0 0 0 0 0 0 0 0 13 0 0 0 0 0 0 0 0 0 0 0 0 0 0 0 1 0 0 0 0 0 0 0 47 0 0 0 2 0 35 0 191922 3
35 TGG 0 0 0 0 0 0 0 0 0 0 1 0 0 0 0 0 0 0 0 0 0 0 0 0 0 0 5 0 0 0 0 0 0 0 0 0 0 0 0 0 0 0 1 0 0 0 0 0 0 0 30 0 0 0 0 0 32 1 191931 2 0 0 13 0
36 GTT 0 0 0 0 0 0 0 0 0 0 0 0 0 0 0 72 0 0 0 0 0 0 0 0 0 0 0 0 0 0 0 1 0 0 0 2 0 0 0 19 0 0 0 0 1 27 0 190709 0 0 0 0 0 0 0 0 0 0 0 0 0 0 0 5
37 ACT 0 0 0 21 6 17 5 191851 0 0 0 8 0 0 0 37 0 0 0 0 0 0 0 0 0 0 0 0 0 0 0 0 0 0 0 0 0 0 0 13 0 0 0 0 0 0 0 0 0 0 0 0 0 0 0 0 0 0 0 0 0 0 0 0
38 GTC 0 0 0 0 0 0 0 0 0 0 0 0 0 95 0 0 0 0 0 0 0 0 0 0 0 0 0 0 0 3 0 0 0 0 0 0 0 9 0 0 0 0 0 0 23 191563 2 24 0 0 0 0 0 0 0 0 0 0 0 0 0 2 0 0
39 TAC 0 7 0 0 0 0 0 0 0 0 0 0 0 1 0 0 0 18 0 0 0 0 0 0 0 0 0 0 0 0 0 0 0 0 0 0 0 0 0 0 0 0 0 0 0 0 0 0 15 191613 3 34 0 0 0 0 0 3 0 0 0 6 0 0
40 TAT 0 0 0 6 0 0 0 0 0 0 0 0 0 0 0 1 0 0 0 28 0 0 0 0 0 0 0 0 0 0 0 0 0 0 0 1 0 0 0 0 0 0 0 0 0 0 0 0 3 4 1 191993 0 0 0 1 0 0 0 8 0 0 0 1
41 GGG 0 0 0 0 0 0 0 0 0 0 25 0 0 0 0 0 0 0 0 0 0 0 0 0 0 0 0 0 0 0 0 0 0 0 27 0 0 0 2 0 50 0 190628 9 0 0 20 0 0 0 0 0 0 0 0 0 0 0 5 0 0 0 0 0
42 GTG 0 0 0 0 0 0 0 0 0 0 0 0 0 0 64 0 0 0 0 0 0 0 0 0 0 0 0 0 0 0 3 0 0 0 4 0 0 0 3 0 0 0 0 0 104 4 190094 8 0 0 0 0 0 0 0 0 0 0 0 0 0 0 8 0
43 CCT 0 0 0 0 0 0 0 10 0 0 0 0 0 0 0 0 0 0 0 17 13 92 17 189414 0 0 0 0 0 0 0 17 0 0 0 0 0 0 0 2 0 0 0 0 0 0 0 0 0 0 0 0 0 0 0 101 0 0 0 0 0 0 0 0
44 GTG 0 0 0 0 0 0 0 0 0 0 0 0 0 0 53 0 0 0 0 0 0 0 0 0 0 0 0 0 0 0 1 0 0 0 0 0 0 0 19 0 0 0 4 0 47 4 188043 4 0 0 0 0 0 0 0 0 0 0 0 0 0 0 6 0
45 TGG 0 0 0 0 0 0 0 0 0 0 2 0 0 0 0 0 0 0 0 0 0 0 0 0 0 0 13 0 0 0 0 0 0 0 0 0 0 0 0 0 0 0 1 0 0 0 0 0 0 0 38 0 0 0 3 0 31 1 191451 3 0 0 4 0
46 AAG 86 1 188946 27 0 0 12 0 0 0 50 0 0 0 12 0 0 0 1 0 0 0 0 0 0 0 0 0 0 0 0 0 0 0 42 0 0 0 0 0 0 0 0 0 0 0 0 0 0 0 1 0 0 0 0 0 0 0 0 0 0 0 0 0
47 GAC 0 49 0 0 0 0 0 0 0 0 0 0 0 0 0 0 0 2 0 0 0 0 0 0 0 0 0 0 0 0 0 0 7 190805 1 48 0 1 0 0 0 18 0 0 0 0 0 0 0 3 0 0 0 0 0 0 0 0 0 0 0 0 0 0
48 GCA 0 0 0 0 213 0 1 0 0 0 0 0 0 0 0 0 0 0 0 0 1 0 0 0 0 0 0 0 0 0 0 0 4 0 0 0 189944 2 48 2 0 0 0 0 45 0 0 0 0 0 0 0 13 0 0 0 0 0 0 0 0 0 0 0
49 GAG 0 0 25 0 0 0 0 0 0 0 0 0 0 0 0 0 0 0 0 0 0 0 0 0 0 0 0 0 0 0 0 0 52 6 190543 7 0 0 0 0 0 0 14 0 0 0 5 0 0 0 5 0 0 0 0 0 0 0 0 0 0 0 0 0
50 ACC 0 7 0 0 6 189727 1 23 0 5 0 0 0 21 0 0 0 0 0 0 0 0 0 0 0 0 0 0 0 0 0 0 0 0 0 0 0 6 0 0 0 0 0 0 0 0 0 0 0 0 0 0 0 0 0 0 0 0 0 0 0 0 0 0
51 ACT 0 0 0 12 6 13 0 189666 0 0 0 6 0 0 0 30 0 0 0 0 0 0 0 0 0 0 0 0 0 0 0 0 0 0 0 0 0 0 0 6 0 0 0 0 0 0 0 0 0 0 0 0 0 0 0 1 0 0 0 0 0 0 0 0
52 CTA 0 0 0 0 0 0 0 0 0 0 0 0 11 0 0 0 0 0 0 0 15 0 0 0 0 0 0 0 191224 0 5 0 0 0 0 0 0 0 0 0 0 0 0 0 1 0 0 0 0 0 0 0 0 0 0 0 0 0 0 0 23 0 0 0
53 TTC 0 0 0 0 0 0 0 0 0 0 0 0 0 8 0 0 0 0 0 0 0 0 0 0 0 0 0 0 0 7 0 0 0 0 0 0 0 0 0 0 0 0 0 0 0 1 0 0 0 0 0 0 0 3 0 0 0 0 0 0 3 191936 1 47
54 TGT 0 0 0 0 0 0 0 0 0 0 0 9 0 0 0 0 0 0 0 0 0 0 0 0 0 0 0 40 0 0 0 0 0 0 0 0 0 0 0 0 0 0 0 5 0 0 0 0 0 0 0 53 0 0 0 5 1 20 0 190116 0 0 0 1
55 GCA 0 0 0 0 135 0 0 0 0 0 0 0 0 0 0 0 0 0 0 0 3 0 0 0 0 0 0 0 0 0 0 0 4 0 0 0 190708 1 6 2 0 0 0 0 78 0 0 0 0 0 0 0 7 0 0 0 0 0 0 0 0 0 0 0
56 TCA 0 0 0 0 3 0 0 0 0 0 0 0 0 0 0 0 0 0 0 0 9 0 0 0 0 0 0 0 0 0 0 0 0 0 0 0 1 0 0 0 0 0 0 0 0 0 0 0 1 0 0 0 191080 6 71 0 0 0 0 0 18 0 0 0
57 GAT 0 0 0 23 0 0 0 0 0 0 0 0 0 0 0 0 0 0 0 1 0 0 0 0 0 0 0 0 0 0 0 0 3 14 1 190813 0 0 0 1 0 0 0 5 0 0 0 0 0 0 0 138 0 0 0 0 0 0 0 0 0 0 0 0
58 GCT 0 0 0 0 0 0 0 78 0 0 0 0 0 0 0 0 0 0 0 0 0 0 0 0 0 0 0 0 0 0 0 0 0 0 0 11 0 13 0 187646 0 0 0 1 0 0 0 16 0 0 0 0 0 0 0 2 0 0 0 0 0 0 0 0
59 AAA 191038 1 22 5 1 0 0 0 12 0 0 0 2 0 0 0 0 0 0 0 0 0 0 0 0 0 0 0 0 0 0 0 11 0 0 0 0 0 0 0 0 0 0 0 0 0 0 0 2 0 0 0 0 0 0 0 0 0 0 0 122 0 0 0
60 GCA 0 0 0 0 76 0 0 0 0 0 0 0 0 0 0 0 0 0 0 0 1 0 0 0 0 0 0 0 0 0 0 0 1 0 0 0 189070 0 4 2 0 0 0 0 41 0 0 0 0 0 0 0 3 0 0 0 0 0 0 0 0 0 0 0
61 TAT 0 0 0 3 0 0 0 0 0 0 0 0 0 0 0 0 0 0 0 22 0 0 0 0 0 0 0 0 0 0 0 0 0 0 0 1 0 0 0 0 0 0 0 0 0 0 0 0 0 6 0 190656 0 0 0 124 0 0 0 20 0 0 0 2
62 GAT 0 0 0 25 0 0 0 0 0 0 0 0 0 0 0 0 0 0 0 0 0 0 0 0 0 0 0 0 0 0 0 0 0 5 1 190022 0 0 0 0 0 0 0 10 0 0 0 0 0 0 0 2 0 0 0 0 0 0 0 0 0 0 0 0
63 GCA 0 0 0 0 79 0 0 0 0 0 0 0 0 0 0 0 0 0 0 0 0 0 0 0 0 0 0 0 0 0 0 0 5 0 0 0 190036 3 42 4 1 0 0 0 89 0 0 0 0 0 0 0 1 0 0 0 0 0 0 0 0 0 0 0
64 GAA 57 0 0 0 0 0 0 0 0 0 0 0 0 0 0 0 1 0 0 0 0 0 0 0 0 0 0 0 0 0 0 0 188106 0 5 3 0 0 0 0 7 0 0 0 2 0 0 0 5 0 0 0 0 0 0 0 0 0 0 0 0 0 0 0
65 GTG 0 0 2 0 0 0 0 0 0 0 0 0 0 0 48 0 0 0 0 0 0 0 0 0 0 0 0 0 0 0 2 0 2 0 3 0 0 0 10 0 0 0 2 0 96 4 177158 7 0 0 0 0 0 0 0 0 0 0 0 0 0 0 8 0
66 CAT 0 0 0 9 0 0 0 0 0 0 0 0 0 0 0 0 3 6 1 182929 0 0 0 2 0 0 0 9 0 0 0 5 0 0 0 1 0 0 0 0 0 0 0 0 0 0 0 0 0 0 0 43 0 0 0 0 0 0 0 0 0 0 0 0
67 AAT 10 7 0 188172 0 0 0 1 0 0 0 1 0 0 0 0 0 0 0 3 0 0 0 0 0 0 0 0 0 0 0 0 0 0 0 13 0 0 0 0 0 0 0 0 0 0 0 0 0 0 0 0 0 0 0 0 0 0 0 0 0 0 0 0
68 ATC 0 1 0 0 0 9 0 0 0 1 0 0 19 177817 0 18 0 0 0 0 0 0 0 0 0 0 0 0 0 0 0 0 0 0 0 0 0 0 0 0 0 0 0 0 0 2 0 0 0 0 0 0 0 0 0 0 0 0 0 0 0 2 0 0
69 TGG 0 0 0 0 0 0 0 0 0 0 11 0 0 0 0 0 0 0 0 0 0 0 0 0 0 0 15 0 0 0 0 0 0 0 0 0 0 0 0 0 0 0 0 0 0 0 0 0 0 0 23 0 0 0 0 0 25 1 172147 7 0 0 11 0
70 GCT 0 0 0 0 0 0 0 50 0 0 0 0 0 0 0 0 0 0 0 0 0 0 0 2 0 0 0 0 0 0 0 0 0 0 0 14 1 8 0 137645 0 0 0 1 0 0 0 16 0 0 0 0 0 0 0 4 0 0 0 0 0 0 0 0
71 ACA 5 0 0 0 187501 2 14 2 1 0 0 0 46 0 0 0 0 0 0 0 0 0 0 0 0 0 0 0 0 0 0 0 0 0 0 0 8 0 0 0 0 0 0 0 0 0 0 0 0 0 0 0 0 0 0 0 0 0 0 0 0 0 0 0
72 CAT 0 0 0 8 0 0 0 0 0 0 0 0 0 0 0 0 8 7 2 186359 0 0 0 0 0 0 0 9 0 0 0 1 0 0 0 1 0 0 0 0 0 0 0 0 0 0 0 0 0 0 0 31 0 0 0 0 0 0 0 0 0 0 0 0
73 GCC 0 0 0 0 0 72 0 0 0 0 0 0 0 0 0 0 0 0 0 0 0 0 0 0 0 0 0 0 0 0 0 0 0 7 0 0 20 133219 1 15 0 1 0 0 0 41 0 0 0 0 0 0 0 7 0 0 0 0 0 0 0 0 0 0
74 TGT 0 0 0 0 0 0 0 0 0 0 0 10 0 0 0 0 0 0 0 0 0 0 0 0 0 0 0 64 0 0 0 0 0 0 0 0 0 0 0 0 0 0 0 9 0 0 0 0 0 0 0 58 0 0 0 1 1 11 3 166219 0 0 0 3
75 GTA 0 0 0 0 0 0 0 0 0 0 0 0 58 0 0 0 0 0 0 0 0 0 0 0 0 0 0 0 1 0 0 0 0 0 0 0 13 0 0 0 0 0 0 0 181295 0 22 0 0 0 0 0 0 0 0 0 0 0 0 0 1 0 0 0
76 CCT 0 0 0 0 0 0 0 5 0 0 0 0 0 0 0 0 0 0 0 22 6 41 2 173225 0 0 0 0 0 0 0 19 0 0 0 0 0 0 0 4 0 0 0 0 0 0 0 0 0 0 0 0 0 0 0 36 0 0 0 0 0 0 0 0
77 ACA 3 0 0 0 174121 5 47 3 2 0 0 0 42 0 0 0 0 0 0 0 0 0 0 0 0 0 0 0 0 0 0 0 0 0 0 0 6 0 0 0 0 0 0 0 0 0 0 0 0 0 0 0 0 0 0 0 0 0 0 0 0 0 0 0
78 GAC 0 40 0 0 0 0 0 0 1 0 0 0 0 0 0 0 0 0 0 0 0 0 0 0 0 0 0 0 0 0 0 0 12 155924 4 17 0 0 0 0 0 4 0 0 0 1 0 0 0 5 0 0 0 0 0 0 0 0 0 0 0 0 0 0
79 CCC 0 0 0 0 0 31 0 0 0 0 0 0 0 0 0 0 0 17 0 0 25 114892 3 19 0 0 0 0 0 21 0 0 0 0 0 0 0 0 0 0 0 0 0 0 0 0 0 0 0 0 0 0 0 18 0 0 0 0 0 0 0 0 0 0
80 AAC 3 169548 1 26 0 16 1 0 0 9 0 0 0 0 0 0 1 0 0 0 0 0 0 0 0 0 0 0 0 0 0 0 0 14 0 0 0 0 0 0 0 0 0 0 0 0 0 0 0 3 0 0 0 0 0 0 0 0 0 0 0 0 0 0
81 CCA 0 0 0 0 9 0 0 0 0 0 0 0 0 0 0 0 10 18 0 0 176723 2 4 1 1 0 0 0 5 0 0 0 0 0 0 0 0 0 0 0 0 0 0 0 0 0 0 0 0 0 0 0 21 0 0 0 0 0 0 0 0 0 0 0
82 CAA 3 0 16 0 1 0 0 0 0 0 0 0 0 0 0 0 138957 1 5 3 0 0 1 0 26 0 0 0 0 0 0 0 1 0 0 0 0 0 0 0 0 0 0 0 0 0 0 0 11 0 0 0 0 0 0 0 0 0 0 0 0 0 0 0
83 GAA 10 0 0 0 0 0 0 0 0 0 0 0 0 0 0 0 0 0 0 0 0 0 0 0 0 0 0 0 0 0 0 0 104829 0 3 0 0 0 0 0 0 0 0 0 1 0 0 0 5 0 0 0 0 0 0 0 0 0 0 0 0 0 0 0
84 ATA 1 0 0 1 1 0 0 0 1 0 0 0 100336 0 6 0 0 0 0 0 0 0 0 0 0 0 0 0 0 0 0 0 0 0 0 0 0 0 0 0 0 0 0 0 2 0 0 0 0 0 0 0 0 0 0 0 0 0 0 0 3 0 0 0
85 AAT 10 6 1 121432 0 0 0 0 0 0 0 2 0 0 0 1 0 0 0 0 0 0 0 0 0 0 0 0 0 0 0 0 0 0 0 3 0 0 0 0 0 0 0 0 0 0 0 0 0 0 0 0 0 0 0 0 0 0 0 0 0 0 0 0
86 TTG 0 0 0 0 0 0 0 0 0 0 0 0 0 0 6 0 0 0 0 0 0 0 0 0 0 0 0 0 0 0 5 0 0 0 0 0 0 0 0 0 0 0 0 0 0 0 0 0 0 0 1 0 0 0 3 0 0 0 0 0 12 1 67919 33
87 GAA 37 0 0 0 0 0 0 0 0 0 0 0 0 0 0 0 2 0 0 0 0 0 0 0 0 0 0 0 0 0 0 0 157823 0 6 0 0 0 0 0 77 0 0 0 1 0 0 0 5 0 0 0 0 0 0 0 0 0 0 0 0 0 0 0
88 AAT 9 11 0 137457 0 0 0 2 0 0 0 5 0 0 3 10 0 0 0 1 0 0 0 0 0 0 0 0 0 0 0 0 0 0 0 9 0 0 0 0 0 0 0 0 0 0 0 0 0 0 0 1 0 0 0 0 0 0 0 0 0 0 0 1
89 GTG 0 0 0 0 0 0 0 0 0 0 0 0 0 0 45 0 0 0 0 0 0 0 0 0 0 0 0 0 0 0 2 0 0 0 1 0 0 0 7 0 0 0 0 0 25 0 168938 0 0 0 0 0 0 0 0 0 1 0 2 1 0 0 2 0
90 ACA 6 0 0 0 166018 0 10 1 3 0 0 0 23 0 0 0 0 0 2 0 1 0 0 0 0 0 0 0 0 0 0 0 0 1 0 0 25 0 0 0 0 0 0 0 0 0 0 0 0 0 0 0 0 0 0 0 0 0 0 0 0 0 0 0
91 GAA 41 0 0 0 0 0 0 0 0 0 0 0 0 0 0 0 1 0 0 0 0 0 0 0 0 0 0 0 0 0 0 0 161856 2 21 4 0 0 0 0 5 0 0 0 2 0 0 0 6 0 0 0 0 0 0 0 0 0 0 1 0 0 0 0
92 GAG 1 0 26 0 0 0 0 0 0 0 0 0 0 0 0 0 0 0 0 0 0 0 0 0 0 0 0 0 0 0 0 0 50 2 162556 9 0 0 1 0 0 0 5 0 0 0 3 0 0 0 3 0 0 0 0 0 0 0 0 0 0 0 0 0
93 TTT 0 0 0 0 0 0 0 0 0 0 0 0 0 0 0 4 0 0 0 0 0 0 0 0 0 0 0 0 0 0 0 2 0 0 0 0 0 0 0 0 0 0 0 0 0 0 0 2 0 0 0 18 0 0 0 2 0 0 0 0 4 6 0 148688
94 AAC 8 174842 5 18 1 0 0 0 0 31 0 0 0 2 0 0 0 0 0 0 0 0 0 0 0 0 0 0 0 0 0 0 0 9 0 0 0 0 0 0 0 0 0 0 0 0 0 0 0 3 0 0 0 0 0 0 0 0 0 0 0 0 0 0
95 ATG 0 0 3 0 0 0 11 0 0 0 3 0 72 1 183042 10 0 0 0 0 0 0 0 0 0 0 0 0 0 0 0 0 0 0 0 0 0 0 0 0 0 0 0 0 0 0 11 0 0 0 0 0 0 0 0 0 0 0 0 1 0 0 2 0
96 TGG 0 0 0 0 0 0 0 0 0 0 3 0 0 0 0 0 0 0 0 0 0 0 0 0 0 0 22 0 0 0 0 0 0 0 0 0 0 0 0 0 0 0 0 0 0 0 0 0 0 0 38 0 0 0 1 0 31 0 161226 2 0 0 11 0
97 AAA 189419 0 3 2 1 0 0 0 6 0 0 0 0 0 0 0 0 0 0 0 0 0 0 0 0 0 0 0 0 0 0 0 4 0 0 0 0 0 0 0 0 0 0 0 0 0 0 0 1 0 0 0 0 0 0 0 0 0 0 0 0 0 0 0
98 AAT 1 13 1 188415 0 0 0 0 0 0 0 2 1 0 0 49 0 0 0 0 0 0 0 0 0 0 0 0 0 0 0 0 0 0 0 5 0 0 0 0 0 0 0 0 0 0 0 0 0 0 0 3 0 0 0 0 0 0 0 0 0 0 0 0
99 AAC 6 186615 2 22 0 4 0 0 0 20 0 0 0 3 0 0 0 1 0 0 0 0 0 0 0 0 0 0 0 0 0 0 0 31 0 0 0 0 0 0 0 0 0 0 0 0 0 0 0 0 0 0 0 0 0 0 0 0 0 0 0 0 0 0
100 ATG 0 0 1 0 0 0 5 0 0 0 2 0 23 1 173177 1 0 0 0 0 0 0 0 0 0 0 0 0 0 0 1 0 0 0 0 0 0 0 0 0 0 0 0 0 0 0 19 0 0 0 0 0 0 0 0 0 0 0 0 0 0 0 1 0
101 GTA 0 0 0 0 0 0 0 0 0 0 0 0 84 0 0 0 0 0 0 0 0 0 0 0 0 0 0 0 2 0 0 0 2 0 0 0 11 0 0 0 0 0 0 0 180290 1 24 1 0 0 0 0 0 0 0 0 0 0 0 0 3 0 0 0
102 GAA 59 0 0 0 0 0 0 0 0 0 0 0 0 0 0 0 3 0 0 0 0 0 0 0 0 0 0 0 0 0 0 0 186275 2 11 6 0 0 0 0 8 0 0 0 0 0 0 0 4 0 0 0 0 0 0 0 0 0 0 0 0 0 0 0
103 CAG 0 0 11 0 0 0 0 0 0 0 0 0 0 0 0 0 35 2 190339 4 0 0 2 0 0 0 18 0 0 0 1 0 0 0 1 0 0 0 0 0 0 0 0 0 0 0 0 0 0 0 26 0 0 0 0 0 0 0 0 0 0 0 0 0
104 ATG 2 0 2 0 0 0 8 0 0 0 0 0 68 2 189934 9 0 0 0 0 0 0 0 0 0 0 0 0 0 0 0 0 0 0 0 0 0 0 0 0 0 0 0 0 0 0 4 0 0 0 0 0 0 0 0 0 0 0 0 0 0 0 6 0
105 CAT 0 0 0 13 0 0 0 0 0 0 0 0 0 0 0 0 12 15 0 188077 0 0 0 1 0 0 0 3 0 0 0 3 0 0 0 1 0 0 0 0 0 0 0 0 0 0 0 0 0 0 0 37 0 0 0 0 0 0 0 0 0 0 0 0
106 ACA 28 0 0 0 191107 0 21 4 0 0 0 0 67 0 0 0 0 0 0 0 0 0 0 0 0 0 0 0 0 0 0 0 0 0 0 0 39 0 0 0 0 0 0 0 0 0 0 0 0 0 0 0 4 0 0 0 0 0 0 0 0 0 0 0
107 GAT 0 0 0 39 0 0 0 0 0 0 0 0 0 0 0 0 0 0 0 3 0 0 0 0 0 0 0 0 0 0 0 0 4 9 1 190357 0 0 0 0 0 0 0 6 0 0 0 2 0 0 0 4 0 0 0 0 0 0 0 0 0 0 0 0
108 ATA 2 0 0 0 10 0 0 0 0 0 0 0 190903 0 31 0 0 0 0 0 0 0 0 0 0 0 0 0 1 0 0 0 0 0 0 0 0 0 0 0 0 0 0 0 9 0 0 0 0 0 0 0 0 0 0 0 0 0 0 0 0 0 0 0
109 ATC 0 7 0 0 0 16 0 0 0 1 0 0 11 189203 1 40 0 1 0 0 0 0 0 0 0 0 0 0 0 2 0 0 0 0 0 0 0 0 0 0 0 0 0 0 0 9 0 0 0 0 0 0 0 0 0 0 0 0 0 0 0 3 0 0
110 AGC 1 56 0 0 0 0 0 0 11 188098 1 47 0 2 0 0 0 0 0 0 0 0 0 0 0 2 0 0 0 0 0 0 0 0 0 0 0 0 0 0 0 22 0 0 0 0 0 0 0 0 0 0 0 0 0 0 0 3 0 0 0 0 0 0
111 CTA 0 0 0 0 0 0 0 0 0 0 0 0 10 0 0 0 4 0 0 0 46 0 0 0 2 0 0 0 191056 1 5 0 0 0 0 0 0 0 0 0 0 0 0 0 0 0 0 0 0 0 0 0 0 0 0 0 0 0 0 0 15 0 0 0
112 TGG 0 0 0 0 0 0 0 0 0 0 2 0 0 0 0 0 0 0 0 0 0 0 0 0 0 0 4 0 0 0 0 0 0 0 0 0 0 0 0 0 0 0 1 0 0 0 0 0 0 0 34 0 0 0 1 0 31 0 190062 12 0 0 6 0
113 GAC 0 39 0 0 0 0 0 0 0 0 0 0 0 0 0 0 0 2 0 0 0 0 0 0 0 0 0 0 0 0 0 0 22 190963 0 28 0 2 0 0 0 15 0 0 0 3 0 0 0 9 0 0 0 0 0 0 0 0 0 0 0 0 0 0
114 CAA 2 0 0 0 0 0 0 0 0 0 0 0 0 0 0 0 189369 6 37 6 2 0 0 0 38 0 0 0 6 0 0 0 0 0 0 0 0 0 0 0 0 0 0 0 0 0 0 0 11 0 0 0 0 0 0 0 0 0 0 0 0 0 0 0
115 GGC 0 0 0 0 0 0 0 0 0 51 0 0 0 0 0 0 0 0 0 0 0 0 0 0 0 2 0 0 0 0 0 0 0 55 0 0 0 2 0 0 9 186526 6 27 0 8 0 0 0 0 0 0 0 0 0 0 0 33 0 0 0 0 0 0
116 CTA 0 0 0 0 0 0 0 0 0 0 0 0 20 0 0 0 5 0 0 0 41 0 0 0 0 0 0 0 191138 0 20 0 0 0 0 0 0 0 0 0 0 0 0 0 2 0 0 0 0 0 0 0 0 0 0 0 0 0 0 0 13 0 0 0
117 AAG 79 2 191282 8 0 0 1 0 1 0 2 0 0 0 6 0 0 0 1 0 0 0 0 0 0 0 0 0 0 0 0 0 0 0 12 0 0 0 0 0 0 0 0 0 0 0 0 0 0 0 2 0 0 0 0 0 0 0 0 0 0 0 0 0
118 CCA 0 0 0 0 4 0 0 0 0 0 0 0 0 0 0 0 8 0 0 0 188962 0 6 2 0 0 0 0 14 0 0 0 0 0 0 0 1 0 0 0 0 0 0 0 0 0 0 0 0 0 0 0 35 0 0 0 0 0 0 0 0 0 0 0
119 TGT 0 0 0 0 0 0 0 0 0 0 0 7 0 0 0 0 0 0 0 0 0 0 0 0 0 0 0 25 0 0 0 0 0 0 0 0 0 0 0 0 0 0 0 1 0 0 0 0 0 0 0 46 0 0 0 5 5 10 3 191587 0 0 0 8
120 GTA 0 0 0 0 0 0 0 0 0 0 0 0 45 0 0 0 0 0 0 0 0 0 0 0 0 0 0 0 1 0 0 0 2 0 0 0 13 0 0 0 0 0 0 0 191726 0 21 2 0 0 0 0 0 0 0 0 0 0 0 0 6 0 0 0
121 AAG 37 5 189826 6 0 0 3 0 2 0 10 0 0 0 5 0 0 0 1 0 0 0 0 0 0 0 0 0 0 0 0 0 0 0 7 0 0 0 0 0 0 0 0 0 0 0 0 0 0 0 2 0 0 0 0 0 0 0 0 0 0 0 0 0
122 TTA 0 0 0 0 0 0 0 0 0 0 0 0 7 0 0 0 0 0 0 0 0 0 0 0 0 0 0 0 18 0 0 0 0 0 0 0 0 0 0 0 0 0 0 0 0 0 0 0 2 0 0 0 5 0 0 0 0 0 0 0 191031 0 17 1
123 ACC 0 8 0 0 2 189966 0 29 0 4 0 0 0 35 0 0 0 0 0 0 0 0 0 0 0 0 0 0 0 0 0 0 0 0 0 0 0 12 0 0 0 0 0 0 0 0 0 0 0 0 0 0 0 1 0 0 0 0 0 0 0 0 0 0
124 CCT 0 0 0 0 0 0 0 12 0 0 0 0 0 0 0 0 0 0 0 11 0 27 1 191642 0 0 0 1 0 0 0 21 0 0 0 0 0 0 0 0 0 0 0 0 0 0 0 0 0 0 0 0 0 0 0 21 0 0 0 0 0 0 0 0
125 CTC 0 0 0 0 0 0 0 0 0 0 0 0 0 7 0 0 0 1 0 0 0 14 0 0 0 0 0 0 10 191284 2 17 0 0 0 0 0 0 0 0 0 0 0 0 0 0 0 0 0 0 0 0 0 0 0 0 0 0 0 0 0 11 0 0
126 TGT 0 0 0 2 0 0 0 0 0 0 0 6 0 0 0 0 0 0 0 0 0 0 0 0 0 0 0 43 0 0 0 0 0 0 0 0 0 0 0 0 0 0 0 4 0 0 0 0 1 0 0 59 0 0 0 1 1 40 1 191382 0 0 0 4
127 GTT 0 0 0 0 0 0 0 0 0 0 0 0 0 0 0 54 0 0 0 0 0 0 0 0 0 0 0 0 0 0 0 2 0 0 0 3 0 0 0 20 0 0 0 2 1 13 1 191521 0 0 0 0 0 0 0 0 0 0 0 0 0 0 0 4
128 ACT 0 0 0 4 2 15 3 191566 0 0 0 5 0 0 0 30 0 0 0 0 0 0 0 1 0 0 0 0 0 0 0 0 0 0 0 0 0 0 0 10 0 0 0 0 0 0 0 0 0 0 0 0 0 0 0 0 0 0 0 0 0 0 0 0
129 TTA 0 0 0 0 0 0 0 0 0 0 0 0 9 0 0 0 0 0 0 0 0 0 0 0 0 0 0 0 22 0 0 0 0 0 0 0 0 0 0 0 0 0 0 0 2 0 0 0 3 0 0 0 9 0 0 0 0 0 0 0 191697 0 35 1
130 GAT 0 0 0 29 0 0 0 0 0 0 0 0 0 0 0 0 0 0 0 2 0 0 0 0 0 0 0 0 0 0 0 0 13 9 0 191734 0 0 0 0 0 0 0 2 0 0 0 2 0 0 0 7 0 0 0 0 0 0 0 0 0 0 0 0
131 TGC 0 0 0 0 0 0 0 0 0 3 0 0 0 0 0 0 0 0 0 0 0 0 0 0 0 7 0 0 0 0 0 0 0 0 0 0 0 0 0 0 0 0 0 0 0 0 0 0 0 116 1 0 0 3 0 0 11 191514 4 78 0 10 0 0
132 CAT 0 0 0 5 0 0 0 0 0 0 0 0 0 0 0 0 11 20 1 191811 0 0 0 0 0 0 0 4 0 0 0 0 0 0 0 0 0 0 0 0 0 0 0 0 0 0 0 0 0 0 0 16 0 0 0 0 0 0 0 0 0 0 0 0
133 AAT 4 11 2 192014 0 0 0 0 0 0 0 5 0 0 0 7 0 0 0 0 0 0 0 0 0 0 0 0 0 0 0 0 0 0 0 20 0 0 0 0 0 0 0 0 0 0 0 0 0 0 0 0 0 0 0 0 0 0 0 0 0 0 0 0
134 GTC 0 0 0 0 0 0 0 0 0 0 0 0 0 45 0 0 0 0 0 0 0 0 0 0 0 0 0 0 0 0 0 0 0 3 0 0 0 11 0 0 0 2 0 0 10 191909 1 15 0 0 0 0 0 0 0 0 0 0 0 0 0 1 0 0
135 ACC 0 12 0 0 32 191894 2 11 0 4 0 0 0 16 0 0 0 1 0 0 0 0 0 0 0 0 0 0 0 0 0 0 0 0 0 0 0 7 0 0 0 0 0 0 0 0 0 0 0 0 0 0 0 3 0 1 0 0 0 0 0 0 0 0
136 TAT 1 0 0 8 0 0 0 0 0 0 0 0 0 0 0 0 0 0 0 57 0 0 0 0 0 0 0 0 0 0 0 0 0 0 0 0 0 0 0 0 0 0 0 0 0 0 0 0 1 10 2 191850 0 0 0 0 0 0 0 3 0 0 0 2
137 AAT 19 8 4 191747 0 0 0 1 0 0 0 9 0 0 0 8 0 0 0 0 0 0 0 0 0 0 0 0 0 0 0 0 0 0 0 10 0 0 0 0 0 0 0 0 0 0 0 0 0 0 0 1 0 0 0 0 0 0 0 0 0 0 0 0
138 ATC 0 25 0 0 0 18 0 0 0 1 0 2 10 191414 1 37 0 0 0 0 0 0 0 0 0 0 0 0 0 1 0 0 0 0 0 0 0 0 0 0 0 0 0 0 0 5 0 0 0 0 0 0 0 0 0 0 0 0 0 0 0 3 0 0
139 ACC 0 14 0 0 31 191777 8 25 0 4 0 0 0 35 0 0 0 0 0 0 0 2 0 0 0 0 0 0 0 0 0 0 0 0 0 0 0 13 0 0 0 0 0 0 0 0 0 0 0 0 0 0 0 2 0 0 0 0 0 0 0 0 0 0
140 AGT 0 0 0 38 0 0 0 2 15 8 1 191838 1 0 0 2 0 0 0 0 0 0 0 0 0 0 0 1 0 0 0 0 0 0 0 0 0 0 0 0 0 0 0 21 0 0 0 0 0 0 0 0 0 0 0 0 0 0 0 2 0 0 0 0
141 GAC 0 67 0 0 0 0 0 0 0 0 0 0 0 0 0 0 0 0 0 0 0 0 0 0 0 0 0 0 0 0 0 0 5 207270 2 38 0 0 0 0 0 20 0 0 0 5 0 0 0 9 0 0 0 0 0 0 0 0 0 0 0 0 0 0
142 ATG 0 0 4 0 0 0 9 0 0 0 2 0 40 0 206990 6 0 0 0 0 0 0 0 0 0 0 0 0 0 0 1 0 0 0 0 0 0 0 0 0 0 0 0 0 0 0 27 0 0 0 0 0 0 0 0 0 0 0 0 0 0 0 2 0
151 AAG 45 2 207153 21 0 0 9 0 2 0 30 0 0 0 13 0 0 0 0 0 0 0 0 0 0 0 0 0 0 0 0 0 0 0 32 0 0 0 0 0 0 0 0 0 0 0 0 0 0 0 1 0 0 0 0 0 0 0 0 0 0 0 0 0
152 GAA 74 0 0 0 0 0 0 0 0 0 0 0 0 0 0 0 7 0 0 0 0 0 0 0 0 0 0 0 0 0 0 0 207238 1 18 4 0 0 0 0 8 0 0 0 6 0 0 0 7 0 0 0 0 0 0 0 0 0 0 0 0 0 0 0
153 GAA 37 0 0 0 0 0 0 0 0 0 0 0 0 0 0 0 0 0 0 0 0 0 0 0 0 0 0 0 0 0 0 0 207354 0 12 0 0 0 0 0 4 0 0 0 5 0 0 0 4 0 0 0 0 0 0 0 0 0 0 0 0 0 0 0
154 ATA 5 0 0 0 8 0 0 0 2 0 0 0 207204 0 19 0 0 0 0 0 0 0 0 0 0 0 0 0 0 0 0 0 0 0 0 0 0 0 0 0 0 0 0 0 5 0 0 0 0 0 0 0 0 0 0 0 0 0 0 0 0 0 0 0
155 ACA 11 0 0 0 207263 0 8 0 1 0 0 0 17 0 0 0 0 0 0 0 0 0 0 0 0 0 0 0 0 0 0 0 0 0 0 0 12 0 0 0 0 0 0 0 0 0 0 0 0 0 0 0 3 0 0 0 0 0 0 0 0 0 0 0
156 AAC 7 207012 4 24 0 4 0 0 0 5 0 0 0 2 0 0 0 0 0 0 0 0 0 0 0 0 0 0 0 0 0 0 0 5 0 0 0 0 0 0 0 0 0 0 0 0 0 0 0 2 0 0 0 0 0 0 0 0 0 0 0 0 0 0
157 TGC 0 0 0 0 0 0 0 0 0 0 0 0 0 0 0 0 0 0 0 0 0 0 0 0 0 4 0 0 0 0 0 0 0 0 0 0 0 0 0 0 0 1 0 0 0 0 0 0 0 74 0 0 0 0 0 0 7 206911 0 41 0 7 0 0
158 TCT 0 0 0 0 0 0 0 2 0 0 0 0 0 0 0 0 0 0 0 0 0 0 0 13 0 0 0 0 0 0 0 0 0 0 0 0 0 0 0 0 0 0 0 0 0 0 0 0 1 0 0 9 6 13 4 207424 0 0 0 0 0 0 0 20
159 TAC 0 0 0 0 0 0 0 0 0 0 0 0 0 0 0 0 0 26 0 0 0 0 0 0 0 0 0 0 0 0 0 0 0 1 0 0 0 0 0 0 0 0 0 0 0 0 0 0 6 207014 1 59 0 0 0 0 2 8 0 0 0 1 0 0
160 AAT 8 16 2 207111 0 0 0 0 0 0 0 21 0 0 0 5 0 0 0 1 0 0 0 0 0 0 0 0 0 0 0 0 0 0 0 27 0 0 0 0 0 0 0 0 0 0 0 0 0 0 0 3 0 0 0 0 0 0 0 0 0 0 0 0
161 GTG 0 0 0 0 0 0 0 0 0 0 0 0 0 0 59 0 0 0 0 0 0 0 0 0 0 0 0 0 0 0 0 0 0 0 1 0 1 0 13 0 0 0 1 0 44 6 206863 8 0 0 0 0 0 0 0 0 0 0 0 0 0 0 7 0
162 ACC 0 8 0 0 5 207173 2 20 0 3 0 0 0 22 0 0 0 0 0 0 0 0 0 0 0 0 0 0 0 0 0 0 0 0 0 0 0 28 0 0 0 0 0 0 0 0 0 0 0 0 0 0 0 2 0 0 0 0 0 0 0 0 0 0
163 ACA 7 0 0 0 207035 10 87 12 0 0 0 0 29 0 0 0 0 0 0 0 0 0 0 0 0 0 0 0 0 0 0 0 0 0 0 0 7 0 0 0 0 0 0 0 0 0 0 0 0 0 0 0 3 0 0 0 0 0 0 0 0 0 0 0
164 GTA 0 0 0 0 0 0 0 0 0 0 0 0 60 0 0 0 1 0 0 0 2 0 0 0 0 0 0 0 4 0 0 0 18 0 0 0 13 0 0 0 3 0 0 0 206533 0 11 2 0 0 0 0 0 0 0 0 0 0 0 0 5 0 0 0
165 ATA 5 0 0 0 5 0 0 0 3 0 0 0 206553 1 62 0 0 0 0 0 0 0 0 0 0 0 0 0 2 0 0 0 0 0 0 0 0 0 0 0 1 0 0 0 3 0 0 0 0 0 0 0 0 0 0 1 0 0 0 0 4 0 0 0
166 AGG 0 0 56 0 0 0 2 0 58 2 206550 8 0 0 14 0 0 0 0 0 0 0 0 0 0 0 8 0 0 0 0 0 0 0 0 0 0 0 0 0 0 0 53 0 0 0 0 0 0 0 0 0 0 0 0 0 0 0 8 0 0 0 0 0
167 GAT 0 0 0 45 0 0 0 0 0 0 0 0 0 0 0 0 0 0 0 0 0 0 0 0 0 0 0 0 0 0 0 0 18 10 0 206332 0 0 0 0 0 0 0 6 0 0 0 1 0 0 0 8 0 0 0 0 0 0 0 0 0 0 0 0
168 AAG 28 1 206558 6 0 0 8 0 0 0 52 0 0 0 7 0 0 0 0 0 0 0 0 0 0 0 0 0 0 0 0 0 0 0 63 0 0 0 0 0 0 0 1 0 0 0 0 0 0 0 0 0 0 0 0 0 0 0 0 0 0 0 0 0
169 AAA 207231 0 8 2 0 0 0 0 4 0 0 0 5 0 0 0 0 0 0 0 0 0 0 0 0 0 0 0 0 0 0 0 6 0 0 0 0 0 0 0 0 0 0 0 0 0 0 0 1 0 0 0 0 0 0 0 0 0 0 0 0 0 0 0
170 CAG 0 0 4 0 0 0 0 0 0 0 0 0 0 0 0 0 34 0 206367 5 0 0 0 0 0 0 19 0 0 0 1 0 0 0 0 0 0 0 0 0 0 0 0 0 0 0 0 0 0 0 14 0 0 0 0 0 0 0 0 0 0 0 0 0
171 AAA 207319 0 19 3 2 0 0 0 7 0 0 0 4 0 0 0 0 0 0 0 0 0 0 0 0 0 0 0 0 0 0 0 11 0 0 0 0 0 0 0 0 0 0 0 0 0 0 0 1 0 0 0 0 0 0 0 0 0 0 0 0 0 0 0
172 GTA 1 0 0 0 0 0 0 0 0 0 0 0 67 0 0 0 0 0 0 0 0 0 0 0 0 0 0 0 1 0 0 0 5 0 0 0 15 0 0 0 0 0 0 0 206835 1 5 0 0 0 0 0 0 0 0 0 0 0 0 0 12 0 0 0
173 TCC 0 0 0 0 0 2 0 0 0 0 0 0 0 0 0 0 0 1 0 0 0 2 0 0 0 0 0 0 0 0 0 0 0 0 0 0 0 0 0 0 0 0 0 0 0 0 0 0 0 5 0 0 7 205755 0 15 0 1 0 0 0 26 0 0
174 TCA 0 0 0 0 0 0 0 0 0 0 0 0 0 0 0 0 0 0 0 0 28 0 0 0 0 0 0 0 0 0 0 0 0 0 0 0 0 0 0 0 0 0 0 0 0 0 0 0 8 0 0 0 206597 1 5 4 0 0 0 0 9 0 0 0
175 CTT 0 0 0 0 0 0 0 0 0 0 0 0 0 0 0 4 0 0 0 1 0 0 0 776 0 0 0 0 9 16 2 205558 0 0 0 1 0 0 0 0 0 0 0 0 0 0 0 1 0 0 0 0 0 0 0 0 0 0 0 0 0 0 0 43
176 TTT 0 0 0 0 0 0 0 0 0 0 0 0 0 0 0 6 0 0 0 0 0 0 0 0 0 0 0 0 0 0 0 7 0 0 0 0 0 0 0 0 0 0 0 0 0 0 0 3 0 0 0 8 0 0 0 11 0 0 0 1 11 17 2 204939
177 TAT 0 0 0 1 0 0 0 0 0 0 0 0 0 0 0 0 0 0 0 13 0 0 0 0 0 0 0 0 0 0 0 0 0 0 0 1 0 0 0 0 0 0 0 0 0 0 2 0 2 8 1 206850 0 0 0 0 0 0 0 1 0 0 0 12
178 AAA 206358 0 6 1 1 0 0 0 12 0 0 0 2 0 0 0 0 0 0 0 0 0 0 0 0 0 0 0 0 0 0 0 10 0 0 0 0 0 0 0 0 0 0 0 0 0 0 0 4 0 0 0 0 0 0 0 0 0 0 0 0 0 0 0
179 CTT 0 0 0 2 0 0 0 0 0 0 0 0 0 0 0 32 1 0 0 3 0 0 0 11 0 0 0 4 11 15 3 204763 0 0 0 0 0 0 0 0 0 0 0 0 0 0 0 2 0 0 0 0 0 0 0 0 0 0 0 0 0 0 0 20
180 GAT 0 0 0 25 0 0 0 0 0 0 0 0 0 0 0 0 0 0 0 2 0 0 0 0 0 0 0 0 0 0 0 0 6 2 0 206240 0 0 0 0 0 0 1 12 0 0 0 2 0 0 0 6 0 0 0 0 0 0 0 0 0 0 0 0
181 GTA 0 0 0 0 0 0 0 0 0 0 0 0 69 0 0 0 0 0 0 0 0 0 0 0 0 0 0 0 3 0 0 0 4 0 0 0 10 0 0 0 3 0 0 0 205772 2 31 5 0 0 0 0 0 0 0 0 0 0 0 0 6 0 0 0
182 GTA 0 0 0 0 0 0 0 0 1 0 0 0 96 0 0 0 0 0 0 0 0 0 0 0 0 0 0 0 2 0 0 0 1 0 0 0 22 0 0 0 5 0 0 0 201693 0 27 3 0 0 0 0 0 0 0 0 0 0 0 0 10 0 0 0
183 CAA 13 0 0 0 0 0 0 0 0 0 0 0 0 0 0 0 205345 2 3 1 1 0 0 0 8 0 0 0 6 0 0 0 0 0 0 0 0 0 0 0 0 0 0 0 0 0 0 0 20 0 0 0 0 0 0 0 0 0 0 0 0 0 0 0
184 ATT 0 0 0 4 0 0 0 6 0 0 0 1 7 6 0 199032 0 0 0 0 0 0 0 0 0 0 0 0 0 0 0 2 0 0 0 0 0 0 0 0 0 0 0 0 0 0 0 8 0 0 0 0 0 0 0 0 0 0 0 0 0 0 0 6
184a GGA 1 0 0 0 0 0 0 0 44 0 0 0 0 0 0 0 0 0 0 0 0 0 0 0 0 0 0 0 0 0 0 0 42 0 0 0 0 0 0 0 180125 1 50 10 7 0 0 0 0 0 0 0 0 0 0 0 3 0 0 0 0 0 0 0
184b GGT 0 0 0 4 0 0 0 0 6 0 0 56 0 0 0 0 0 0 0 0 0 0 0 0 0 0 0 1 0 0 0 0 0 0 0 91 0 0 0 3 14 27 0 183783 0 0 0 13 0 0 0 0 0 0 0 0 0 0 0 6 0 0 0 0
185 AAT 15 14 2 204066 0 0 0 0 0 0 0 10 0 0 0 7 0 0 0 0 0 0 0 0 0 0 0 0 0 0 0 0 0 0 0 13 0 0 0 0 0 0 0 0 0 0 0 0 0 0 0 6 0 0 0 0 0 0 0 0 0 0 0 0
186 AAT 12 12 1 202849 0 1 0 1 0 1 1 13 1 0 0 4 0 0 0 1 0 0 0 0 0 0 0 0 0 0 0 0 0 0 0 16 0 0 0 0 0 0 0 0 0 0 0 0 0 0 0 2 0 0 0 0 0 0 0 0 0 0 0 0
187 AGG 4 0 39 0 0 0 3 1 50 2 190363 7 0 0 24 0 0 0 0 0 0 0 0 0 0 0 4 0 0 0 0 0 0 0 0 0 0 0 0 0 0 0 51 0 0 0 0 0 0 0 1 0 0 0 0 0 0 0 7 0 0 0 0 0
188 ACT 0 0 0 7 3 19 0 196926 0 0 1 1 1 0 0 12 0 0 0 0 0 0 0 0 0 0 0 0 0 0 0 0 0 0 0 0 0 0 0 10 0 0 0 0 0 0 0 0 0 0 0 0 0 0 0 0 0 0 0 0 0 0 0 0
189 AAT 13 4 1 203591 0 0 0 2 0 0 1 8 0 0 0 5 0 0 0 0 0 0 0 0 0 0 0 0 0 0 0 0 0 0 0 19 0 0 0 0 0 0 0 0 0 0 0 0 0 0 0 0 0 0 0 0 0 0 0 0 0 0 0 0
190 AGT 2 0 0 42 0 0 0 0 38 12 4 188642 0 0 0 4 0 0 0 0 0 0 0 0 0 0 0 0 0 0 0 0 0 0 0 0 0 0 0 0 0 0 0 26 0 0 0 0 0 0 0 0 0 0 0 0 0 0 0 1 0 0 0 0
190a CAG 0 0 10 2 0 0 0 0 0 0 0 0 0 0 0 0 76 2 190168 13 0 0 1 0 0 0 6 0 0 0 0 0 0 0 1 0 0 0 0 0 0 0 0 0 0 0 0 0 0 0 14 0 0 0 0 0 0 0 0 0 0 0 0 0
191 TAT 0 0 0 3 0 0 0 0 0 0 0 0 0 0 0 0 0 0 0 7 0 0 0 0 0 0 0 0 0 0 0 0 0 0 0 2 0 0 0 0 0 0 0 0 0 0 0 0 7 10 0 178364 0 0 0 0 0 0 0 10 0 0 0 3
192 AGA 32 0 0 1 1 0 0 1 170843 0 3 1 8 0 0 0 0 0 0 0 0 0 0 0 0 0 0 0 0 0 0 0 0 0 0 0 0 0 0 0 17 0 0 0 0 0 0 0 0 0 0 0 0 0 0 0 0 0 0 0 0 0 0 0
193 TTA 0 0 1 0 0 0 0 0 0 0 0 0 25 0 0 0 0 0 0 0 0 0 0 1 0 0 0 0 15 0 0 0 0 0 0 0 0 0 0 0 0 0 0 0 0 0 0 0 8 0 0 1 7 0 0 0 0 0 0 0 177161 2 9 1
194 ATA 4 0 0 0 7 0 0 0 1 0 0 0 196458 0 4 1 0 0 0 0 0 0 0 0 0 0 0 0 1 0 0 0 0 0 0 0 0 0 0 0 0 0 0 0 2 0 0 0 0 0 0 0 0 0 0 0 0 0 0 0 2 0 0 0
195 AAC 17 185177 0 36 0 2 0 3 1 5 0 0 0 5 0 0 0 0 0 0 1 0 0 1 0 0 0 0 0 0 0 0 0 6 0 0 0 0 0 0 1 0 0 0 0 0 0 0 0 4 0 0 0 0 0 0 0 0 0 0 0 0 0 0
196 TGT 0 0 0 1 0 0 0 1 0 0 0 4 0 0 0 0 0 0 2 0 0 0 0 0 0 0 0 9 0 0 1 0 0 0 0 0 0 0 0 0 0 0 0 0 3 0 0 0 0 0 0 72 0 0 0 1 3 31 0 178948 0 0 0 4
197 AAC 4 183485 0 59 3 0 0 0 0 12 0 0 0 0 0 0 0 1 0 0 0 0 0 0 0 0 0 0 0 0 0 0 0 25 0 0 0 0 0 0 0 0 0 0 1 0 0 0 0 1 0 0 0 0 0 0 0 0 0 0 0 0 0 0
198 ACC 0 0 0 0 16 99297 0 19 0 1 0 0 0 9 0 0 0 0 0 0 0 1 0 0 0 0 0 0 0 0 0 0 0 0 0 0 0 2 0 0 0 0 0 0 0 0 0 0 0 0 0 0 0 1 0 0 0 0 0 0 0 0 0 0
199 TCA 0 0 0 0 3 0 0 0 0 0 0 0 0 0 0 0 0 0 0 0 14 0 0 0 0 0 0 0 0 0 0 0 0 0 0 0 0 0 0 0 0 0 0 0 0 0 0 0 3 0 0 0 109848 0 16 0 0 0 0 0 10 0 0 0
200 GCC 0 0 0 0 0 63 0 0 0 0 0 0 0 0 0 0 0 0 0 0 0 0 0 0 0 0 0 0 0 0 0 0 0 9 0 0 2 94774 0 4 0 0 0 0 0 26 0 0 0 0 0 0 0 3 0 0 0 0 0 0 0 0 0 0
201 ATT 0 0 0 1 0 0 0 15 0 0 0 0 3 17 2 143462 0 0 0 0 0 0 0 0 0 0 0 0 0 0 0 1 0 0 0 0 0 0 0 0 0 0 0 0 0 0 0 2 0 0 0 0 0 0 0 0 0 0 0 0 0 0 0 1
202 ACA 4 0 0 0 152238 0 6 1 1 0 0 0 26 0 0 0 0 1 0 0 0 0 0 2 0 0 0 0 0 0 0 0 0 0 0 0 11 0 0 0 0 0 0 0 0 0 0 0 0 2 0 0 0 0 0 0 0 0 0 0 0 0 0 0
203 CAG 0 0 6 0 5 0 0 0 0 0 2 0 0 0 0 1 28 1 162251 11 0 0 4 0 0 0 48 0 0 0 1 0 0 0 2 0 0 0 0 0 0 0 0 0 0 0 0 0 0 0 35 0 0 0 0 0 0 0 0 0 0 0 0 0
204 GCT 0 0 0 0 0 0 0 57 0 0 0 0 0 0 0 0 0 0 0 0 0 0 0 1 0 0 0 0 0 0 0 2 0 0 0 14 2 17 3 154717 0 5 0 2 0 0 0 16 0 0 0 0 0 0 0 2 0 0 0 0 0 0 0 0
205 TGT 0 0 0 1 0 0 0 0 0 0 0 3 0 0 0 0 0 0 0 0 0 0 0 0 0 0 0 18 0 0 0 0 0 0 0 0 0 0 0 0 0 0 0 1 0 1 0 0 0 0 0 38 0 0 0 3 0 48 3 185454 1 0 5 5
206 CCA 0 0 0 0 8 0 0 0 0 0 0 0 0 0 0 0 4 0 0 0 175680 1 10 3 0 0 0 0 12 0 0 0 0 0 0 0 0 0 0 0 0 0 0 0 0 0 0 0 0 0 0 0 12 2 0 0 0 0 0 0 0 0 0 0
207 AAG 36 1 180895 9 0 0 2 0 0 0 23 0 0 0 4 0 0 0 0 0 0 0 0 0 0 0 0 0 0 0 0 0 0 0 15 0 0 0 0 0 0 0 0 0 0 0 0 0 0 0 0 0 0 0 0 0 0 0 0 0 0 0 0 0
208 GTA 0 0 0 0 0 0 0 0 0 0 0 0 79 0 0 0 0 0 0 0 0 0 0 0 0 0 0 0 2 0 0 0 1 0 0 0 11 0 0 0 0 0 0 0 199859 0 13 1 0 0 0 0 0 0 0 0 0 0 0 0 8 0 0 0
209 ACC 0 12 0 0 13 180474 0 27 0 4 0 0 0 21 0 0 0 0 0 0 0 0 0 0 0 0 0 0 0 0 0 0 0 0 0 0 0 7 0 0 0 0 0 0 0 0 0 0 0 0 0 0 0 3 0 0 0 0 0 0 0 0 0 0
210 TTT 0 0 0 0 0 0 0 0 0 0 0 0 0 0 0 6 0 0 0 0 0 0 0 0 0 0 0 0 0 0 0 30 0 0 0 0 0 0 0 0 0 0 0 0 0 0 0 8 0 0 0 3 0 0 0 12 0 0 0 0 3 14 1 191885
211 GAG 0 0 26 0 0 0 0 0 0 0 0 0 0 0 0 0 0 0 1 0 0 0 0 0 0 0 0 0 0 0 0 0 60 1 190933 3 0 0 0 0 0 0 20 0 0 0 0 0 0 0 1 0 0 0 0 0 0 0 0 0 0 0 0 0
212 CCA 1 0 0 0 18 0 0 0 0 0 0 0 0 0 0 0 7 0 0 0 173114 0 7 3 0 0 0 0 19 0 0 1 0 0 0 0 6 0 0 0 0 0 0 0 0 0 0 0 0 0 0 0 111 0 0 0 0 0 0 0 0 0 0 0
213 ATT 1 1 4 7 3 0 0 8 6 0 0 2 17 12 1 199006 0 0 0 0 0 0 0 0 0 0 0 0 0 0 0 5 0 0 0 0 0 1 0 0 0 0 0 0 0 0 0 8 0 0 1 0 0 0 0 0 0 0 0 0 0 0 0 2
214 CCC 0 0 0 0 0 12 0 0 0 0 0 0 0 0 0 0 0 21 0 0 5 185569 0 15 0 1 0 0 0 17 0 0 0 0 0 0 0 0 0 0 0 0 0 0 0 0 0 0 0 0 0 0 0 20 0 0 0 0 0 0 0 0 0 0
215 ATA 2 0 4 0 12 0 0 0 5 0 0 0 201673 0 18 1 0 0 0 0 0 0 0 0 0 0 0 0 0 0 0 0 0 0 0 0 0 0 0 0 0 0 0 0 7 0 0 1 0 0 0 0 0 0 0 0 0 0 0 0 2 0 0 0
216 CAT 0 0 0 5 0 0 0 0 0 0 0 0 0 0 0 0 19 20 0 201861 0 0 0 0 0 0 0 4 0 0 0 1 0 0 0 5 0 0 0 0 0 0 0 0 0 0 0 0 0 0 0 27 0 0 0 0 0 0 0 0 0 0 0 0
217 TAT 0 0 0 3 0 0 0 0 0 0 0 0 0 0 0 0 0 0 0 11 0 0 0 0 0 0 0 0 0 0 0 0 0 0 0 1 0 0 0 0 0 0 0 0 0 0 0 0 4 15 0 200452 0 0 0 0 0 0 0 11 0 0 0 1
218 TGT 0 0 0 0 0 0 0 0 0 0 0 9 0 0 0 0 0 0 0 0 0 0 0 0 0 0 0 16 0 0 0 0 0 0 0 0 0 0 0 0 0 0 0 2 0 0 0 0 0 0 0 49 0 0 0 2 4 11 0 202961 0 0 0 4
219 GCC 0 0 0 0 0 81 0 0 0 0 0 0 0 0 0 0 0 0 0 0 0 5 0 0 0 0 0 0 0 0 0 0 0 7 0 0 9 201297 0 31 0 3 0 0 0 54 0 0 0 0 0 0 0 6 0 0 0 0 0 0 0 0 0 0
220 CCA 0 0 0 0 7 0 0 0 0 0 0 0 0 0 0 0 4 0 0 0 196601 1 5 2 1 0 0 0 21 0 0 0 0 0 0 0 0 0 0 0 0 0 0 0 0 0 0 0 0 0 0 0 19 0 0 0 0 0 0 0 0 0 0 0
221 GCT 0 0 0 0 0 0 0 110 0 0 0 0 0 0 0 0 0 0 0 0 0 0 0 3 0 0 0 0 0 0 0 0 0 0 0 5 3 29 5 203995 0 0 0 1 0 0 0 18 0 0 0 0 0 0 0 7 0 0 0 0 0 0 0 0
222 GGT 0 0 0 0 0 0 0 0 0 0 0 35 0 0 0 0 0 0 0 0 0 0 0 0 0 0 0 0 0 0 0 0 0 0 0 32 0 0 0 0 2 13 2 206195 0 0 0 4 0 0 0 0 0 0 0 0 0 0 0 0 0 0 0 0
223 TTT 0 0 0 0 0 0 0 0 0 0 0 0 0 0 0 0 0 0 0 0 0 0 0 0 0 0 0 0 0 0 0 12 0 0 0 0 0 0 0 0 0 0 0 0 0 0 0 3 0 0 0 2 0 0 0 6 0 0 0 0 0 28 2 202616
224 GCG 0 0 0 0 0 0 42 0 0 0 0 0 0 0 0 0 0 0 0 0 0 0 0 0 0 0 0 0 0 0 0 0 0 0 6 0 28 4 199990 0 0 0 0 0 0 0 200 0 0 0 0 0 0 0 4 0 0 0 0 0 0 0 0 0
225 ATT 0 0 0 0 0 0 0 9 0 0 0 0 1 13 5 204098 0 0 0 0 0 0 0 0 0 0 0 0 0 0 0 0 0 0 0 0 0 0 0 0 0 0 0 0 0 0 0 7 0 0 0 0 0 0 0 0 0 0 0 0 0 0 0 1
226 CTA 0 0 0 0 1 0 0 0 0 0 0 0 13 0 0 0 1 0 0 0 24 0 0 0 0 0 0 0 200002 0 40 2 0 0 0 0 0 0 0 0 0 0 0 0 0 0 0 0 0 0 0 0 0 0 0 0 0 0 0 0 11 0 0 0
227 AAG 66 2 206810 10 3 1 0 0 0 0 37 0 3 0 5 0 0 0 4 0 0 0 0 0 0 0 0 0 0 0 0 0 0 0 8 0 0 0 0 0 0 0 0 0 0 0 0 0 0 0 3 0 0 0 0 0 0 0 0 0 0 0 0 0
228 TGT 0 0 0 1 0 0 0 2 0 0 0 18 0 0 0 0 0 0 0 0 0 0 0 0 0 0 0 14 0 0 0 0 0 0 0 0 0 0 0 0 0 0 0 2 0 0 0 0 0 0 0 69 0 0 0 1 15 12 1 206140 0 0 0 3
229 AAG 49 0 206284 9 0 0 13 0 0 0 65 0 1 0 10 0 0 0 0 0 0 0 0 0 0 0 0 0 0 0 0 0 0 0 44 0 0 0 0 0 0 0 0 0 0 0 0 0 0 0 1 0 0 0 0 0 0 0 0 0 0 0 0 0
230 GAT 0 0 0 23 0 0 0 0 0 0 0 0 0 0 0 0 0 0 0 3 0 0 0 0 0 0 0 0 0 0 0 0 1 11 2 207042 0 0 0 0 0 0 0 8 0 0 0 0 0 0 0 12 0 0 0 0 0 0 0 0 0 0 0 0
231 GAG 0 0 31 0 0 0 0 0 0 0 0 0 0 0 0 0 0 0 4 0 0 0 0 0 0 0 0 0 0 0 0 0 56 2 207025 14 0 0 2 0 0 0 43 0 0 0 2 0 0 0 2 0 0 0 0 0 0 0 0 0 0 0 0 0
232 AAG 47 4 206710 9 0 0 0 0 0 0 11 0 0 0 4 0 0 0 0 0 0 0 0 0 0 0 0 0 0 0 0 0 0 0 15 0 0 0 0 0 0 0 0 0 0 0 0 0 0 0 2 0 0 0 0 0 0 0 0 0 0 0 0 0
233 TTC 0 0 0 0 0 0 0 0 0 0 0 0 0 2 0 0 0 0 0 0 0 0 0 0 0 0 0 0 0 12 0 0 0 0 0 0 0 0 0 0 0 0 0 0 0 3 0 0 0 14 0 0 0 10 0 0 0 0 0 0 23 205859 1 28
234 AAT 8 11 6 206876 0 0 0 1 0 0 0 51 0 0 0 4 0 0 0 0 0 0 0 0 0 0 0 0 0 0 0 0 0 0 0 54 0 0 0 0 0 0 0 0 0 0 0 0 0 0 0 13 0 0 0 0 0 0 0 0 0 0 0 0
235 GGA 0 0 0 0 0 0 0 0 34 0 0 0 0 0 0 0 0 0 0 0 0 0 0 0 0 0 0 0 0 0 0 0 48 0 0 0 1 0 0 0 205678 0 8 2 10 0 0 0 0 0 0 0 0 0 0 0 7 0 0 0 0 0 0 0
236 ACA 4 0 0 0 206960 10 78 2 2 0 0 0 30 0 0 0 0 0 0 0 2 0 0 0 0 0 0 0 0 0 0 0 0 0 0 0 9 0 0 0 0 0 0 0 0 0 0 0 0 0 0 0 1 0 0 0 0 0 0 0 0 0 0 0
237 GGG 0 0 0 0 0 0 0 0 0 0 40 0 0 0 0 0 0 0 0 0 0 0 0 0 0 0 2 0 0 0 0 0 0 0 37 0 0 0 0 0 85 2 205923 8 0 0 2 0 0 0 0 0 0 0 0 0 0 0 23 0 0 0 0 0
238 CTA 0 0 0 0 0 0 0 0 0 0 0 0 10 0 0 0 2 0 0 0 20 0 0 0 0 0 1 0 206706 0 10 3 0 0 0 0 0 0 0 0 0 0 0 0 1 0 0 0 0 0 0 0 0 0 0 0 0 0 0 0 33 0 0 0
239 TGT 0 0 0 0 0 0 0 0 0 0 0 7 0 0 0 1 0 0 0 0 0 0 0 0 0 0 0 24 0 0 0 0 0 0 0 0 0 0 0 0 0 0 0 3 0 0 0 0 0 0 0 57 0 0 0 2 3 19 0 206891 0 0 0 1
240 AAA 207076 0 7 0 0 0 0 0 3 0 0 0 1 0 0 0 0 0 0 0 0 0 0 0 0 0 0 0 0 0 0 0 16 0 0 0 0 0 0 0 0 0 0 0 0 0 0 0 1 0 0 0 0 0 0 0 0 0 0 0 0 0 0 0
241 AAT 3 11 0 206720 0 0 0 0 0 0 0 7 0 0 0 24 0 0 0 0 0 0 0 0 0 0 0 0 0 0 0 0 0 0 0 5 0 0 0 0 0 0 0 0 0 0 0 0 0 0 0 1 0 0 0 0 0 0 0 0 0 0 0 0
242 GTC 0 0 0 0 0 0 0 0 0 0 0 0 0 58 0 0 0 0 0 0 0 0 0 0 0 0 0 0 0 3 0 0 0 1 0 0 0 12 0 0 0 3 0 0 8 206803 0 52 0 0 0 0 0 0 0 0 0 0 0 0 0 3 0 0
243 AGC 0 109 0 0 0 2 0 0 7 206661 1 63 0 3 0 0 0 0 0 0 0 0 0 0 0 1 0 0 0 0 0 0 0 0 0 0 0 0 0 0 0 45 0 0 0 0 0 0 0 0 0 0 0 0 0 0 0 1 0 0 0 0 0 0
244 ACA 9 0 0 0 207162 1 43 3 2 0 0 0 30 0 0 0 0 0 0 0 0 0 0 0 0 0 0 0 0 0 0 0 0 0 0 0 11 0 0 0 0 0 0 0 0 0 0 0 0 0 0 0 0 0 0 0 0 0 0 0 0 0 0 0
245 GTA 0 0 0 0 0 0 0 0 0 0 0 0 114 0 0 0 0 0 0 0 0 0 0 0 0 0 0 0 4 0 0 0 1 0 0 0 28 0 0 0 0 0 0 0 206943 1 27 1 0 0 0 0 0 0 0 0 0 0 0 0 8 0 0 0
246 CAA 5 0 0 0 0 0 0 0 0 0 0 0 0 0 0 0 206970 2 26 10 1 0 0 0 4 0 0 0 7 0 0 0 5 0 0 0 0 0 0 0 0 0 0 0 0 0 0 0 30 0 0 0 0 0 0 0 0 0 0 0 0 0 0 0
247 TGC 0 1 0 0 0 0 0 0 0 5 0 0 0 0 0 0 0 0 0 0 0 0 0 0 0 5 0 0 0 0 0 0 0 0 0 0 0 0 0 0 0 2 0 0 0 0 0 0 0 131 0 0 0 4 0 0 6 206828 1 74 0 12 0 0
248 ACA 17 0 0 0 207151 0 7 2 0 0 0 0 38 2 0 0 0 0 0 0 0 0 0 0 0 0 0 0 0 0 0 0 0 0 0 0 4 0 0 0 0 0 0 0 0 0 0 0 0 0 0 0 1 0 0 0 0 0 0 0 0 0 0 0
249 CAT 0 0 0 7 0 0 0 0 0 0 0 0 0 0 0 0 2 51 1 206994 0 0 0 0 0 0 0 10 0 0 0 4 0 0 0 3 0 0 0 0 0 0 0 0 0 0 0 0 0 0 0 31 0 0 0 0 0 0 0 0 0 0 0 0
250 GGA 0 0 0 0 0 0 0 0 25 0 0 0 0 0 0 0 0 0 0 0 0 0 0 0 5 0 0 0 0 0 0 0 39 0 0 0 1 0 0 0 207144 1 12 4 4 0 0 0 0 0 0 0 0 0 0 0 16 0 0 0 0 0 0 0
251 ATC 0 2 0 0 0 10 0 0 0 0 0 0 13 207342 0 23 0 0 0 0 0 0 0 0 0 0 0 0 0 2 0 0 0 0 0 0 0 0 0 0 0 0 0 0 0 5 0 0 0 0 0 0 0 0 0 0 0 0 0 0 0 1 0 0
252 AAG 76 3 206759 4 0 0 2 0 0 0 18 0 0 0 3 0 0 0 2 0 0 0 0 0 0 0 0 0 0 0 0 0 0 0 64 0 0 0 0 0 0 0 0 0 0 0 0 0 0 0 1 0 0 0 0 0 0 0 0 0 0 0 0 0
253 CCA 0 0 0 0 11 0 0 0 0 0 0 0 0 0 0 0 11 0 0 0 207159 1 5 1 1 0 0 0 10 0 0 0 0 0 0 0 0 0 0 0 0 0 0 0 0 0 0 0 0 0 0 0 63 0 0 0 0 0 0 0 0 0 0 0
254 GTA 0 0 0 0 0 0 0 0 0 0 0 0 82 0 0 0 0 0 0 0 0 0 0 0 0 0 0 0 3 0 0 0 10 0 0 0 15 0 0 0 0 0 0 0 207209 0 35 4 0 0 0 0 0 0 0 0 0 0 0 0 5 0 0 0
255 GTA 0 0 0 0 0 0 0 0 0 0 0 0 109 0 0 0 1 0 0 0 0 0 0 0 0 0 0 0 9 0 0 0 2 0 0 0 17 0 0 0 0 0 0 0 207224 0 14 2 0 0 0 0 0 0 0 0 0 0 0 0 13 0 0 0
256 TCA 0 0 0 0 1 0 0 0 0 0 0 0 0 0 0 0 0 0 0 0 7 0 0 0 0 0 0 0 0 0 0 0 0 0 0 0 0 0 0 0 0 0 0 0 0 0 0 0 7 0 0 0 207095 0 32 1 0 0 0 0 15 0 0 0
257 ACT 0 0 0 5 10 20 1 206795 0 0 0 4 0 0 0 29 0 0 0 0 0 0 0 0 0 0 0 0 0 0 0 0 0 0 0 0 0 0 0 5 0 0 0 0 0 0 0 0 0 0 0 0 0 0 0 3 0 0 0 0 0 0 0 0
258 CAA 4 0 0 0 0 0 0 0 0 0 0 0 0 0 0 0 183556 2 7 0 1 0 0 0 30 0 0 0 0 0 0 0 1 0 0 0 0 0 0 0 0 0 0 0 0 0 0 0 12 0 0 0 0 0 0 0 0 0 0 0 0 0 0 0
259 CTG 0 0 0 0 0 0 0 0 0 0 0 0 0 0 7 0 0 0 3 0 0 0 5 0 0 0 1 0 74 0 183685 5 0 0 0 0 0 0 0 0 0 0 0 0 0 0 4 0 0 0 0 0 0 0 0 0 0 0 0 0 0 0 17 0
260 CTG 0 0 0 0 0 0 0 0 0 0 0 0 0 0 6 0 0 0 1 0 0 0 23 0 0 0 4 0 55 0 183342 11 0 0 0 0 0 0 0 0 0 0 0 0 0 0 2 0 0 0 0 0 0 0 0 0 0 0 0 0 0 0 40 0
261 TTA 0 0 0 0 0 0 0 0 0 0 0 0 2 0 0 0 0 0 0 0 0 0 0 0 0 0 0 0 12 0 0 0 0 0 0 0 0 0 0 0 0 0 0 0 0 0 0 0 2 0 0 0 10 0 0 0 0 0 0 0 183500 0 10 1
262 AAT 7 5 0 183730 0 0 0 2 0 0 0 6 0 0 0 14 0 0 0 0 0 0 0 0 0 0 0 0 0 0 0 0 0 0 0 9 0 0 0 0 0 0 0 0 0 0 0 0 0 0 0 2 0 0 0 0 0 0 0 0 0 0 0 0
263 GGC 0 0 0 0 0 0 0 0 0 18 0 0 0 0 0 0 0 0 0 0 0 0 0 0 0 3 0 0 0 0 0 0 0 132 0 0 0 2 0 0 7 183150 2 111 0 2 0 0 0 0 0 0 0 0 0 0 0 9 0 0 0 0 0 0
264 AGT 0 0 0 45 0 0 0 0 0 12 0 183372 0 0 0 11 0 0 0 0 0 0 0 0 0 0 0 0 0 0 0 0 0 0 0 0 0 0 0 0 0 0 0 11 0 0 0 0 0 0 0 0 0 0 0 0 0 0 0 3 0 0 0 0
265 CTA 2 0 0 0 0 0 0 0 0 0 0 0 18 0 0 0 1 0 0 0 17 0 0 1 1 0 0 0 183419 0 29 0 0 0 0 0 0 0 0 0 0 0 0 0 1 0 0 0 0 0 0 0 0 0 0 0 0 0 0 0 38 0 0 0
266 GCA 0 0 0 0 77 0 0 0 0 0 0 0 0 0 0 0 0 0 0 0 2 0 0 0 0 0 0 0 0 0 0 0 10 0 0 0 183124 0 32 3 3 0 0 0 57 0 0 0 0 0 0 0 6 0 0 0 0 0 0 0 0 0 0 0
267 GAA 39 0 0 0 0 0 0 0 0 0 0 0 0 0 0 0 2 0 0 0 0 0 0 0 0 0 0 0 0 0 0 0 183305 5 19 0 0 0 0 0 11 0 0 0 0 0 0 0 2 0 0 0 0 0 0 0 0 0 0 0 0 0 0 0
268 GGA 0 0 0 0 0 0 0 0 48 0 0 0 0 0 0 0 0 0 0 0 0 0 0 0 2 0 0 0 0 0 0 0 30 0 0 0 0 0 0 0 183377 1 19 0 2 0 0 0 0 0 0 0 0 0 0 0 8 0 0 0 0 0 0 0
269 GAG 1 0 23 0 0 0 0 0 0 0 0 0 0 0 0 0 0 0 3 0 0 0 0 0 0 0 0 0 0 0 0 0 35 1 183238 8 0 0 2 0 0 0 32 0 0 0 6 0 0 0 6 1 0 0 0 0 0 0 0 0 0 0 0 0
270 GTA 0 0 0 0 0 0 0 0 0 0 0 0 92 0 0 0 0 0 0 0 0 0 0 0 0 0 0 0 4 0 0 0 1 0 0 0 8 0 0 0 0 0 0 0 183590 0 38 1 0 0 0 0 0 0 0 0 0 0 0 0 10 0 0 0
271 AGA 65 0 0 1 1 0 0 0 183575 3 8 5 7 0 0 0 0 0 0 0 0 0 0 0 2 0 0 0 0 0 0 0 0 0 0 0 0 0 0 0 15 0 0 0 0 0 0 0 0 0 0 0 0 0 0 0 2 0 0 0 0 0 0 0
272 ATT 0 0 0 6 0 0 0 5 0 0 0 1 3 5 0 183836 0 0 0 0 0 0 0 0 0 0 0 0 0 0 0 4 0 0 0 0 0 0 0 0 0 0 0 0 0 0 0 2 0 0 0 0 0 0 0 0 0 0 0 0 0 0 0 4
273 AGA 31 0 0 1 0 0 0 0 183595 0 7 1 6 0 0 0 0 0 0 0 0 0 0 0 1 0 0 0 0 0 0 0 0 0 0 0 0 0 0 0 44 0 0 0 0 0 0 0 0 0 0 0 0 0 0 0 1 0 0 0 0 0 0 0
274 TCT 0 0 0 0 0 0 0 5 0 0 0 0 0 0 0 0 0 0 0 0 0 0 0 5 0 0 0 0 0 0 0 0 0 0 0 0 0 0 0 1 0 0 0 0 0 0 0 0 0 0 0 9 18 39 2 183286 0 0 0 2 0 0 0 21
275 GAA 64 0 0 0 0 0 0 0 0 0 0 0 0 0 0 0 0 0 0 0 0 0 0 0 0 0 0 0 0 0 0 0 183039 2 3 12 0 0 0 0 4 0 0 0 5 0 0 0 4 0 0 0 0 0 0 0 0 0 0 0 0 0 0 0
276 AAT 15 12 2 183472 0 0 0 1 0 0 0 5 0 0 0 2 0 0 0 0 0 0 0 0 0 0 0 0 0 0 0 0 0 0 0 8 0 0 0 0 0 0 0 0 0 0 0 0 0 0 0 2 0 0 0 0 0 0 0 0 0 0 0 0
277 ATC 0 4 0 0 0 9 0 0 0 0 0 0 3 183078 1 28 0 0 0 0 0 0 0 0 0 0 0 0 0 0 0 0 0 0 0 0 0 0 0 0 0 0 0 0 0 11 0 0 0 0 0 0 0 0 0 0 0 0 0 0 0 3 0 0
278 ACA 5 0 0 0 183375 3 8 2 1 0 0 0 23 0 0 0 0 0 0 0 2 0 0 0 0 0 0 0 0 0 0 0 0 0 0 0 10 0 0 0 0 0 0 0 0 0 0 0 0 0 0 0 3 0 0 0 0 0 0 0 0 0 0 0
279 AAC 2 183407 0 33 4 0 0 0 0 2 0 0 0 3 0 0 0 0 0 0 0 0 0 0 0 0 0 0 0 0 0 0 0 11 0 0 0 0 0 0 0 0 0 0 0 0 0 0 0 2 0 0 0 0 0 0 0 0 0 0 0 0 0 0
280 AAT 1 6 1 182751 0 0 0 1 0 0 0 8 0 0 0 1 0 0 0 0 0 0 0 0 0 0 0 0 0 0 0 0 0 0 0 9 0 0 0 0 0 0 0 0 0 0 0 0 0 0 0 3 0 0 0 0 0 0 0 0 0 0 0 0
281 GCC 0 0 0 0 0 130 0 0 0 0 0 0 0 0 0 0 0 0 0 0 0 2 0 0 0 0 0 0 0 0 0 0 0 8 0 0 6 181435 2 7 0 0 0 0 0 51 0 0 0 0 0 0 0 5 0 0 0 0 0 0 0 0 0 0
282 AAA 183637 0 6 4 1 0 0 0 8 0 0 0 2 0 0 0 12 0 0 0 0 0 0 0 0 0 0 0 0 0 0 0 7 0 0 0 0 0 0 0 0 0 0 0 0 0 0 0 0 0 0 0 0 0 0 0 0 0 0 0 0 0 0 0
283 AAC 8 183208 1 14 0 0 0 0 0 8 0 0 0 1 0 0 0 0 0 0 0 0 0 0 0 0 0 0 0 0 0 0 0 3 0 0 0 0 0 0 0 0 0 0 0 0 0 0 0 0 0 0 0 0 0 0 0 0 0 0 0 0 0 0
284 ATA 1 0 0 0 10 0 0 0 0 0 0 0 183367 1 21 0 0 0 0 0 0 0 0 0 0 0 0 0 2 0 0 0 0 0 0 0 0 0 0 0 0 0 0 0 5 0 0 0 0 0 0 0 0 0 0 0 0 0 0 0 7 0 0 0
285 ATA 7 0 0 0 5 0 0 0 0 0 0 0 183650 0 15 2 0 0 0 0 0 0 0 0 0 0 0 0 2 0 0 0 0 0 0 0 0 0 0 0 0 0 0 0 15 0 0 0 0 0 0 0 0 0 0 0 0 0 0 0 0 0 0 0
286 GTA 0 0 0 0 0 0 0 0 0 0 0 0 84 0 0 0 0 0 0 0 0 0 0 0 0 0 0 0 3 0 0 0 4 0 0 0 32 0 0 0 2 0 0 0 182193 0 31 3 0 0 0 0 0 0 0 0 2 0 0 0 12 0 0 0
287 CAA 3 0 0 0 0 0 0 0 0 0 0 0 0 0 0 0 182929 0 6 2 3 0 0 0 7 0 0 0 4 0 0 0 0 0 0 0 0 0 0 0 0 0 0 0 0 0 0 0 19 0 0 0 0 0 0 0 0 0 0 0 0 0 0 0
288 CTT 0 0 0 0 0 0 0 0 0 0 0 0 0 0 0 8 0 0 0 6 0 0 0 3 0 0 0 0 16 14 1 182111 0 0 0 0 0 0 0 0 0 0 0 0 0 0 0 4 0 0 0 0 0 0 0 0 0 0 0 0 0 0 0 24
289 GCC 0 1 0 0 0 86 0 0 0 0 0 0 0 0 0 0 0 0 0 0 0 2 0 0 0 0 0 0 0 0 0 0 0 25 0 0 20 180306 1 56 0 0 0 0 0 125 0 0 0 0 0 0 0 13 0 0 0 0 0 0 0 0 0 0
290 AGC 0 40 0 0 0 0 0 0 7 179470 0 29 0 7 0 0 0 0 0 0 0 0 0 0 0 1 0 0 0 0 0 0 0 0 0 0 0 0 0 0 0 24 0 0 0 0 0 0 0 0 0 0 0 0 0 0 0 4 0 0 0 0 0 0
291 CCT 0 0 0 0 0 0 0 10 0 0 0 0 0 0 0 0 0 0 0 31 5 89 8 181142 0 0 0 1 0 0 0 12 0 0 0 0 0 0 0 0 0 0 0 0 0 0 0 0 0 0 0 0 0 0 0 18 0 0 0 0 0 0 0 0
292 GTA 0 0 0 0 0 0 0 0 0 0 0 0 87 0 0 0 0 0 0 0 0 0 0 0 0 0 0 0 6 0 0 0 0 0 0 0 14 0 0 0 0 0 0 0 178999 0 10 0 0 0 0 0 0 0 0 0 0 0 0 0 1 0 0 0
293 ACA 12 0 0 0 181726 0 2 1 2 0 0 0 17 0 0 0 0 0 0 0 1 0 0 0 0 0 0 0 0 0 0 0 0 0 0 0 9 0 0 0 0 0 0 0 0 0 0 0 0 0 0 0 1 0 0 0 0 0 0 0 0 0 0 0
294 ATT 0 0 0 1 0 0 0 6 0 0 0 2 14 19 3 181632 0 0 0 0 0 0 0 0 0 0 0 0 0 0 0 0 0 0 0 0 0 0 0 0 0 0 0 0 0 0 0 3 0 0 0 0 0 0 0 0 0 0 0 0 0 0 0 1
295 AAT 4 10 0 183369 0 0 0 1 0 0 0 5 0 0 0 8 0 0 0 1 0 0 0 0 0 0 0 0 0 0 0 0 0 0 0 9 0 0 0 0 0 0 0 0 0 0 0 0 0 0 0 3 0 0 0 0 0 0 0 0 0 0 0 4
296 TGT 0 0 0 3 0 0 0 0 0 0 0 2 0 0 0 0 0 0 0 0 0 0 0 0 0 0 0 8 0 0 0 0 0 0 0 0 0 0 0 0 0 0 0 1 0 0 0 0 0 0 0 61 0 0 0 3 3 22 0 163427 0 0 0 3
297 ATC 0 10 0 0 0 5 0 0 0 2 0 0 7 179978 1 44 0 0 0 0 0 0 0 0 0 0 0 0 0 0 0 0 0 0 0 0 0 0 0 0 0 0 0 0 0 7 0 0 0 0 0 0 0 0 0 0 0 0 0 0 0 1 0 0
298 AGA 32 0 0 0 1 0 0 0 173418 0 7 1 9 0 0 0 0 0 0 0 0 0 0 0 2 0 0 0 0 0 0 0 0 0 0 0 0 0 0 0 62 0 0 0 0 0 0 0 0 0 0 0 0 0 0 0 4 0 0 0 0 0 0 0
299 CCT 0 0 0 0 0 0 0 10 0 0 0 0 0 0 0 0 0 0 0 22 20 32 1 173935 0 0 0 1 0 0 0 13 0 0 0 0 0 0 0 4 0 0 0 0 0 0 0 0 0 0 0 0 0 0 0 13 0 0 0 0 0 0 0 0
300 AAC 6 180653 2 19 0 1 0 0 0 5 0 0 0 1 0 0 0 0 0 0 0 0 0 0 0 0 0 0 0 0 0 0 0 4 0 0 0 0 0 0 0 0 0 0 0 0 0 0 0 3 0 0 0 0 0 0 0 0 0 0 0 0 0 0
301 AAC 23 181671 4 32 0 0 0 0 0 9 0 0 0 1 0 0 0 1 0 0 0 0 0 0 0 0 0 0 0 0 0 0 0 7 0 0 0 0 0 0 0 0 0 0 0 0 0 0 0 4 0 0 0 0 0 0 0 0 0 0 0 0 0 0
302 AAT 1 6 0 173652 0 0 0 1 0 0 0 1 1 0 0 1 0 0 0 0 0 0 0 0 0 0 0 0 0 0 0 0 0 0 0 4 0 0 0 0 0 0 0 0 0 0 0 0 0 0 0 8 0 0 0 0 0 0 0 0 0 0 0 0
303 ACA 6 0 0 0 177361 0 28 4 1 0 0 0 24 0 0 0 0 0 0 0 0 0 0 0 0 0 0 0 0 0 0 0 0 0 0 0 27 0 0 0 0 0 0 0 0 0 0 0 0 0 0 0 0 0 0 0 0 0 0 0 0 0 0 0
304 AGA 28 0 0 0 0 0 0 0 177990 0 4 1 3 0 0 0 0 0 0 0 0 0 0 1 5 0 0 0 0 0 0 0 1 0 0 0 0 0 0 0 21 0 0 0 0 0 0 0 0 0 0 0 0 0 0 0 7 0 0 0 0 0 0 0
305 AAA 180701 0 7 0 0 0 0 0 3 0 0 0 0 0 0 0 0 1 0 0 0 0 0 0 0 0 0 0 0 0 0 0 4 0 0 0 0 0 0 0 0 0 0 0 0 0 0 0 0 0 0 0 0 0 0 0 0 0 0 0 0 0 0 0
306 AGT 0 0 2 28 1 1 0 6 5 4 1 134463 0 0 0 5 0 0 0 0 0 0 0 0 0 0 0 0 0 0 0 0 0 0 0 0 0 0 0 0 2 0 0 541 0 0 36 0 0 0 0 0 0 0 0 0 0 0 0 1 0 0 0 0
307 GTA 0 0 0 0 1 0 0 0 0 0 0 0 98 0 0 0 0 0 0 0 0 0 0 0 0 0 0 0 1 0 0 0 1 0 0 0 7 0 0 0 0 0 0 0 145566 1 17 0 0 90 0 0 0 0 0 0 0 0 0 0 3 0 0 0
308 CAC 0 11 1 0 6 94 0 0 0 0 0 0 0 0 0 1 16 164331 2 20 2 1 0 0 0 1 0 0 0 5 0 0 0 2 0 0 0 0 0 0 0 0 0 0 0 0 0 0 0 49 0 0 0 0 0 0 0 0 0 0 0 0 0 0
309 CTA 0 0 1 0 0 1 0 0 0 1 0 0 26 0 0 0 7 0 0 1 36 0 0 6 0 0 0 0 154207 1 30 0 0 0 0 0 1 0 0 0 4 0 0 0 0 0 0 0 0 0 106 1 0 0 0 0 0 0 0 0 19 0 0 0
312 GGA 2 0 0 0 0 0 0 0 46 0 0 0 0 0 0 0 8 0 0 1 1 0 0 0 1 0 0 0 1 0 0 0 48 70 0 0 2 0 0 0 111989 3 4 2 4 0 0 0 0 0 0 0 0 0 0 1 3 1 0 0 0 0 0 0
313 CCA 0 2 0 0 10 4 0 0 1 0 0 0 1 0 1 3 26 0 80 0 153194 1 55 0 1 0 0 0 26 0 0 0 0 0 0 0 7 0 0 0 1 0 0 0 0 0 0 0 0 0 0 1 20 0 0 0 0 0 0 0 0 2 0 0
314 GGA 1 1 0 0 1 0 0 0 40 1 1 0 1 0 0 0 1 0 0 0 0 0 0 0 2 0 0 0 2 0 0 0 24 65 0 0 11 0 0 0 133827 5 1 0 1 0 0 0 0 0 0 2 0 0 0 0 2 0 0 0 0 4 0 0
315 CAA 7 0 0 0 0 0 0 0 0 0 0 0 0 0 0 0 137140 0 2 1 0 0 0 0 1 0 0 0 1 0 0 0 0 0 0 0 0 0 0 0 0 0 0 0 0 0 0 0 10 0 0 0 0 0 0 0 0 0 0 0 0 0 0 0
316 GCA 0 0 0 0 65 0 0 0 0 0 0 0 0 0 0 0 0 0 0 0 3 0 0 0 0 0 0 0 1 0 0 0 4 0 0 0 112596 1 0 0 0 0 0 0 33 0 0 0 0 0 0 0 2 0 0 0 0 0 0 0 0 0 0 0
317 TTC 1 0 0 0 0 0 0 0 0 0 1 0 0 2 0 0 0 0 3 0 0 0 0 0 0 0 0 0 0 4 0 0 0 3 0 0 0 0 0 0 0 1 0 0 1 0 0 0 0 0 1 0 0 4 0 0 0 1 0 0 11 75120 0 12
317a TAT 0 0 0 4 0 1 0 0 0 0 1 0 0 0 1 0 0 0 4 31 0 0 0 0 0 0 0 0 1 0 0 0 0 0 0 3 0 0 0 0 0 0 0 0 0 0 0 0 0 10 2 143449 0 0 0 0 0 0 0 6 0 0 0 0
318 GCA 0 0 0 0 97 0 0 0 0 0 0 0 0 0 0 0 1 0 0 0 0 0 0 0 0 0 0 0 1 0 0 0 7 1 0 0 77140 0 7 2 1 0 0 0 54 0 0 0 0 0 0 0 3 0 0 0 0 0 0 0 0 0 0 0
319 ACA 18 0 0 0 153132 2 19 0 1 0 0 0 41 0 0 0 0 0 0 0 0 0 0 0 0 0 0 0 0 0 0 0 0 0 0 0 4 0 0 0 0 0 0 0 0 0 0 0 0 0 0 0 0 0 0 0 0 0 0 0 0 0 0 0
320 GAT 0 0 0 20 1 0 0 0 2 1 0 0 0 0 0 0 0 0 0 1 0 0 0 0 0 0 0 0 0 0 0 0 3 6 1 122319 0 0 0 1 0 0 0 4 0 0 0 0 0 0 0 3 0 0 0 0 0 0 0 0 0 0 0 0
321 GGC 0 0 0 0 0 0 0 0 0 27 0 0 0 0 0 0 0 0 0 0 0 0 0 0 0 0 0 0 0 0 0 0 0 75 0 0 0 1 0 0 1 77403 0 36 0 1 0 0 0 0 0 0 0 0 0 0 0 2 0 0 0 0 0 0
322 ATA 3 0 0 0 5 0 0 0 0 0 0 0 175570 0 24 0 0 0 0 1 0 0 0 0 0 0 0 0 1 0 0 0 0 0 0 0 0 0 0 0 0 0 0 0 3 0 0 0 0 0 0 0 0 0 0 0 0 0 0 0 0 0 0 0
323 ATA 3 0 0 2 4 0 0 0 0 0 0 0 172939 0 40 2 0 0 0 0 0 0 0 0 0 0 0 0 1 0 0 0 0 0 0 0 0 0 0 0 0 0 0 0 5 0 0 0 0 0 0 0 0 0 0 0 0 0 0 0 1 0 0 0
324 GGG 0 0 0 0 0 0 0 0 0 0 49 0 0 0 0 0 0 0 0 0 0 0 0 0 0 0 1 0 0 0 0 0 3 0 25 0 0 0 0 0 40 3 160182 13 0 0 5 0 0 0 0 0 0 0 0 0 0 0 14 0 0 0 0 0
325 GAG 0 0 36 0 0 0 0 0 0 0 0 0 0 0 0 0 0 0 1 0 0 0 0 0 0 0 0 0 0 0 0 0 68 0 173151 3 0 0 0 0 0 0 20 0 0 0 0 0 0 0 10 0 0 0 0 0 0 0 0 0 0 0 0 0
326 ATA 11 0 0 0 8 0 0 0 1 0 0 0 180255 0 37 0 0 0 0 0 0 0 0 0 0 0 0 0 2 0 0 0 0 0 0 0 0 0 0 0 0 0 0 0 6 0 0 0 0 0 0 0 0 0 0 0 0 0 0 0 1 0 0 0
327 AGA 42 0 0 0 1 0 0 0 181231 0 2 0 5 0 0 0 0 0 0 0 0 0 0 0 0 0 0 0 0 0 0 0 0 0 0 0 0 0 0 0 11 0 0 0 0 0 0 0 0 0 0 0 0 0 0 0 8 0 0 0 0 0 0 0
328 CAA 51 0 0 0 0 0 0 0 0 0 0 0 0 0 0 0 179272 0 19 2 1 0 0 0 5 0 0 0 2 0 0 0 1 0 0 0 0 0 0 0 0 0 0 0 0 0 0 0 18 0 0 0 0 0 0 0 0 0 0 0 0 0 0 0
329 GCA 0 0 0 0 62 0 0 0 0 0 0 0 0 0 0 0 0 0 0 0 3 0 0 0 0 0 0 0 0 0 0 0 5 0 0 0 164717 0 1 0 1 0 0 0 52 0 0 0 0 0 0 0 6 0 0 0 0 0 0 0 0 0 0 0
330 CAT 1 0 0 28 0 0 0 0 0 0 0 0 0 0 0 0 23 9 1 169052 1 0 0 1 1 0 0 3 0 0 0 4 0 0 0 1 0 0 0 0 0 0 0 0 0 0 0 0 0 0 0 32 0 0 0 0 0 0 0 0 0 0 0 0
331 TGT 0 0 0 0 0 0 0 0 0 0 0 5 0 0 0 0 0 0 0 0 0 0 0 0 0 0 0 13 0 0 0 0 0 0 0 0 0 0 0 0 0 0 0 0 0 0 0 0 1 0 0 34 0 0 0 0 10 18 0 174844 0 0 0 12
332 AAT 5 5 1 180043 0 0 0 1 0 0 0 7 0 0 0 4 0 0 0 0 0 0 0 0 0 0 0 0 0 0 0 0 0 0 0 14 0 0 0 0 0 0 0 0 0 0 0 0 0 0 0 3 0 0 0 0 0 0 0 0 0 0 0 0
333 GTT 0 0 0 0 0 0 0 0 0 0 0 0 0 0 0 57 0 0 0 0 0 0 0 0 0 0 0 0 0 0 0 3 0 0 0 11 0 0 0 15 0 0 0 5 2 13 0 173227 0 0 0 0 0 0 0 0 0 0 0 0 0 0 0 5
334 AGT 0 0 0 54 0 0 0 2 5 14 0 179321 0 0 0 4 0 0 0 0 0 0 0 0 0 0 0 0 0 0 0 0 0 0 0 0 0 0 0 0 0 0 0 23 0 0 0 0 0 0 0 0 0 0 0 0 0 0 0 1 0 0 0 0
335 AAA 183229 2 8 8 2 0 0 0 5 0 0 0 5 0 0 0 1 0 0 0 0 0 0 0 0 0 0 0 0 0 0 0 11 0 0 0 0 0 0 0 0 0 0 0 0 0 0 0 2 0 0 0 0 0 0 0 0 0 0 0 0 0 0 0
336 AAA 183211 0 223 2 0 0 0 0 9 0 0 0 0 0 0 0 0 0 0 0 0 0 0 0 0 0 0 0 0 0 0 0 7 0 0 0 0 0 0 0 0 0 0 0 0 0 0 0 6 0 0 0 0 0 0 0 0 0 0 0 0 0 0 0
337 GAA 27 0 0 0 0 0 0 0 0 0 0 0 0 0 0 0 3 0 0 0 0 0 0 0 0 0 0 0 0 0 0 0 183128 0 12 4 0 0 0 0 4 0 0 0 13 0 0 0 5 0 0 0 0 0 0 0 0 0 0 0 0 0 0 0
338 TGG 0 0 0 0 0 0 0 0 0 0 8 0 0 0 0 0 0 0 0 0 0 0 0 0 0 0 4 0 0 0 0 0 0 0 0 0 0 0 0 0 0 0 0 0 0 0 0 0 0 0 37 0 0 0 0 0 43 0 182236 2 0 0 8 0
339 AAT 19 6 0 182962 0 0 0 0 0 0 0 14 0 0 0 7 0 0 0 0 0 0 0 0 0 0 0 0 0 0 0 0 0 0 0 20 0 0 0 0 0 0 0 0 0 0 0 0 0 0 0 1 0 0 0 0 0 0 0 0 0 0 0 0
340 AGC 0 63 0 0 0 1 0 0 11 182367 1 48 0 3 0 0 0 0 0 0 0 0 0 0 0 0 0 0 0 0 0 0 0 0 0 0 0 0 0 0 0 39 0 0 0 0 0 0 0 0 0 0 0 0 0 0 0 0 0 0 0 0 0 0
341 ACT 0 0 0 7 12 15 5 176613 0 0 0 0 0 0 0 30 0 0 0 0 0 0 0 0 0 0 0 0 0 0 0 0 0 0 0 0 0 0 0 8 0 0 0 0 0 0 0 0 0 0 0 0 0 0 0 1 0 0 0 0 0 0 0 0
342 TTG 0 0 0 0 0 0 0 0 0 0 0 0 0 0 6 0 0 0 0 0 0 0 0 0 0 0 0 0 0 0 16 0 0 0 0 0 0 0 0 0 0 0 0 0 0 0 2 0 0 0 1 0 0 0 35 0 0 0 0 0 127 0 178420 3
343 CAA 5 0 0 0 0 0 0 0 0 0 0 0 0 0 0 0 182855 0 6 0 0 0 0 0 21 0 0 0 0 0 0 0 3 0 0 0 0 0 0 0 0 0 0 0 0 0 0 0 96 0 0 0 0 0 0 0 0 0 0 0 0 0 0 0
344 AAG 42 0 182942 5 0 0 2 0 0 0 97 0 0 0 1 0 0 0 0 0 0 0 0 0 0 0 0 0 0 0 0 0 0 0 8 0 0 0 0 0 0 0 1 0 0 0 0 0 0 0 6 0 0 0 0 0 0 0 0 0 0 0 0 0
345 GTA 1 0 0 0 1 0 0 0 0 0 0 0 66 0 0 0 0 0 0 0 0 0 0 0 0 0 0 0 5 0 0 0 4 0 0 0 8 0 0 0 2 0 0 0 182654 0 21 0 0 0 0 0 0 0 0 0 0 0 0 0 1 0 0 0
346 GCC 0 0 0 0 0 91 0 0 0 0 0 0 0 0 0 0 0 0 0 0 0 3 0 0 0 0 0 0 0 0 0 0 0 23 0 0 12 178023 1 11 0 0 0 0 0 63 0 0 0 0 0 0 0 6 0 0 0 0 0 0 0 0 0 0
347 AAC 7 182621 3 20 0 3 0 0 0 4 0 0 0 0 0 0 0 1 0 0 0 0 0 0 0 0 0 0 0 0 0 0 0 4 0 0 0 0 0 0 0 0 0 0 0 0 0 0 0 11 0 0 0 0 0 0 0 0 0 0 0 0 0 0
348 CAA 9 0 0 0 0 0 0 0 0 0 0 0 0 0 0 0 182814 0 6 1 0 0 0 0 6 0 0 0 11 0 0 0 0 0 0 0 0 0 0 0 0 0 0 0 0 0 0 0 7 0 0 0 0 0 0 0 0 0 0 0 0 0 0 0
349 TTA 0 0 0 0 0 0 0 0 0 0 0 0 6 0 0 0 0 0 0 0 0 0 0 0 0 0 0 0 10 0 0 0 0 0 0 0 0 0 0 0 0 0 0 0 2 0 0 0 7 0 0 0 9 0 0 0 1 0 0 0 182908 1 19 0
350 AGA 61 0 0 0 3 0 0 1 183294 1 6 4 14 0 0 0 0 0 0 0 0 0 0 0 2 0 0 0 0 0 0 0 0 0 0 0 0 0 0 0 13 0 0 0 0 0 0 0 0 0 0 0 0 0 0 0 2 0 0 0 0 0 0 0
351 CCA 1 0 0 0 13 0 0 0 0 0 0 0 0 0 0 0 8 0 0 0 183307 0 5 1 0 0 0 0 7 0 0 0 0 0 0 0 0 0 0 0 0 0 0 0 0 0 0 0 0 0 0 0 27 0 0 0 0 0 0 0 0 0 0 0
352 TAC 0 12 0 0 0 0 0 0 0 0 0 0 0 0 0 0 0 10 0 0 0 0 0 0 0 0 0 0 0 0 0 0 0 0 0 0 0 0 0 0 0 0 0 0 0 0 0 0 5 182364 1 34 0 1 0 0 0 16 0 0 0 1 0 0
353 TTT 0 0 0 1 0 0 0 0 0 0 0 0 0 0 0 5 0 0 0 0 0 0 0 0 0 0 0 0 0 0 0 12 0 0 0 0 0 0 0 0 0 0 0 0 0 0 0 2 0 0 0 15 0 0 0 8 0 0 0 0 21 7 1 180867
354 AAG 77 4 183316 19 0 0 2 0 0 0 27 0 0 0 3 0 0 0 0 0 0 0 0 0 0 0 0 0 0 0 0 0 0 0 10 0 0 0 0 0 0 0 0 0 0 0 0 0 0 0 1 0 0 0 0 0 0 0 0 0 0 0 0 0
355 AAC 24 183335 0 25 0 0 0 0 0 13 0 0 0 2 0 0 0 0 0 0 0 0 0 0 0 0 0 0 0 0 0 0 0 6 0 0 0 0 0 0 0 0 0 0 0 0 0 0 0 3 0 0 0 0 0 0 0 0 0 0 0 0 0 0
356 AAC 16 183287 1 29 0 1 0 0 0 10 0 0 0 8 0 0 0 0 0 0 0 0 0 0 0 0 0 0 0 0 0 0 0 13 0 0 0 0 0 0 0 0 0 0 0 0 0 0 0 2 0 0 0 0 0 0 0 0 0 0 0 0 0 0
357 ACA 12 0 0 0 183304 3 13 9 2 0 0 0 32 0 0 0 0 0 0 0 0 0 0 0 0 0 0 0 0 0 0 0 0 0 0 0 10 0 0 0 0 0 0 0 0 0 0 0 0 0 0 0 2 0 0 0 0 0 0 0 0 0 0 0
358 ATA 7 0 0 0 5 0 0 0 1 0 0 0 183401 0 4 0 0 0 0 0 0 0 0 0 0 0 0 0 0 0 0 0 0 0 0 0 0 0 0 0 0 0 0 0 5 0 0 0 0 0 0 0 0 0 0 0 0 0 0 0 5 0 0 0
359 ATA 28 0 0 0 7 0 0 0 1 0 0 0 183515 0 19 1 0 0 0 0 0 0 0 0 0 0 0 0 0 0 0 0 0 0 0 0 0 0 0 0 0 0 0 0 4 0 0 0 0 0 0 0 0 0 0 0 0 0 0 0 2 0 0 0
360 AAA 183218 1 5 4 0 0 0 0 7 0 0 0 3 0 0 0 1 0 0 0 0 0 0 0 0 0 0 0 0 0 0 0 2 0 0 0 0 0 0 0 0 0 0 0 0 0 0 0 1 0 0 0 0 0 0 0 0 0 0 0 0 0 0 0
361 TTT 0 0 0 1 0 0 0 0 0 0 0 0 0 0 0 8 0 0 0 0 0 0 0 0 0 0 0 0 0 0 0 8 0 0 0 0 0 0 0 0 0 0 0 0 0 0 0 2 0 0 0 3 0 0 0 5 0 0 0 0 9 20 0 183087
362 GCT 0 0 0 0 0 0 0 67 0 0 0 0 0 0 0 0 0 0 0 0 0 0 0 0 0 0 0 0 0 0 0 0 0 0 0 11 1 11 1 183182 0 0 0 2 0 0 0 91 0 0 0 0 0 0 0 6 0 0 0 0 0 0 0 0
363 AAC 10 183614 1 27 0 0 0 0 0 3 0 0 0 0 0 0 0 0 0 0 0 0 0 0 0 0 0 0 0 0 0 0 0 14 0 0 0 0 0 0 0 0 0 0 0 0 0 0 0 0 0 0 0 0 0 0 0 0 0 0 0 0 0 0
364 TCA 3 0 0 0 9 0 0 0 0 0 0 0 0 0 0 0 0 0 0 0 17 0 0 0 0 0 0 0 0 0 0 0 0 0 0 0 4 0 0 0 0 0 0 0 0 0 0 0 12 0 0 0 183202 0 12 1 0 0 0 0 25 0 0 0
365 TCA 0 0 0 0 5 0 0 0 0 0 0 0 0 0 0 0 0 0 0 0 22 0 0 0 0 0 0 0 0 0 0 0 0 0 0 0 0 0 0 0 0 0 0 0 0 0 0 0 3 0 0 0 181733 3 61 1 0 0 0 0 36 0 0 0
366 GGA 0 0 0 0 0 0 0 0 18 0 0 0 0 0 0 0 0 0 0 0 0 0 0 0 1 0 0 0 0 0 0 0 17 0 0 0 0 0 0 0 183680 0 16 0 7 0 0 0 0 0 0 0 0 0 0 0 5 0 0 0 0 0 0 0
367 GGG 0 0 0 0 0 0 0 0 0 0 209 0 0 0 0 0 0 0 0 0 0 0 0 0 0 0 0 0 0 0 0 0 0 0 18 0 0 0 1 0 45 0 183107 4 0 0 5 0 0 0 0 0 0 0 0 0 0 0 8 0 0 0 0 0
368 GAT 0 0 0 31 0 0 0 0 0 0 0 0 0 0 0 0 0 0 0 0 0 0 0 0 0 0 0 0 0 0 0 0 1 9 1 183469 0 0 0 0 0 0 0 5 0 0 0 1 0 0 0 1 0 0 0 0 0 0 0 0 0 0 0 0
369 CTA 0 0 0 0 0 0 0 0 0 0 0 0 18 0 0 0 0 0 0 0 35 0 0 0 0 0 0 0 183460 0 24 1 0 0 0 0 0 0 0 0 0 0 0 0 1 0 0 0 0 0 0 0 0 0 0 0 0 0 0 0 22 0 0 0
370 GAA 19 0 0 0 0 0 0 0 0 0 0 0 0 0 0 0 0 0 0 0 0 0 0 0 0 0 0 0 0 0 0 0 183579 0 6 5 0 0 0 0 6 0 0 0 0 0 0 0 4 0 0 0 0 0 0 0 0 0 0 0 0 0 0 0
371 ATT 1 0 0 14 0 0 0 4 0 0 0 0 8 32 1 183580 0 0 0 0 0 0 0 0 0 0 0 0 0 0 0 0 0 0 0 0 0 0 0 0 0 0 0 0 0 0 0 6 0 0 0 0 0 0 0 0 0 0 0 0 0 0 0 4
372 ACA 3 0 0 0 160420 1 23 2 3 0 0 0 51 0 0 0 0 0 0 0 1 0 0 0 0 0 0 0 0 0 0 0 0 0 0 0 9 0 0 0 0 0 0 0 0 0 0 0 0 0 0 0 0 0 0 0 0 0 0 0 0 0 0 0
373 ACA 10 0 0 0 160689 0 7 12 0 0 0 0 18 0 0 0 0 0 0 0 0 0 0 0 0 0 0 0 0 0 0 0 0 0 0 0 7 0 0 0 0 0 0 0 0 0 0 0 0 0 0 0 7 0 0 0 0 0 0 0 0 0 0 0
374 CAT 0 0 0 10 0 0 0 0 0 0 0 0 0 0 0 0 4 1 0 160678 0 0 0 0 0 0 0 1 0 0 0 0 0 0 0 0 0 0 0 0 0 0 0 0 0 0 0 0 0 0 0 16 0 0 0 0 0 0 0 0 0 0 0 0
375 AGT 0 0 0 27 0 0 0 2 2 9 0 160096 1 0 0 4 0 0 0 0 0 0 0 0 0 0 0 0 0 0 0 0 0 0 0 0 1 0 0 0 0 0 0 28 0 0 0 0 0 0 0 0 0 0 0 0 0 0 0 1 0 0 0 0
376 TTT 0 0 0 0 0 0 0 0 0 0 0 0 0 0 0 5 0 0 0 0 0 0 0 0 0 0 0 0 0 0 0 11 0 0 0 0 0 0 0 0 0 0 0 0 0 0 0 1 0 0 0 2 0 0 0 11 0 0 0 0 5 6 0 160678
377 AAT 3 7 0 160715 0 0 0 0 0 0 0 15 0 0 0 4 0 0 0 0 0 0 0 0 0 0 0 0 0 0 0 0 0 0 0 26 0 0 0 0 0 0 0 0 0 0 0 0 0 0 0 6 0 0 0 0 0 0 0 0 0 0 0 0
378 TGT 0 0 0 0 0 0 0 0 0 0 0 8 0 0 0 0 0 0 0 0 0 0 0 0 0 0 0 6 0 0 0 0 0 0 0 0 0 0 0 0 0 0 0 1 0 0 0 0 0 0 0 48 0 0 0 6 1 4 0 160377 0 0 0 1
379 GGA 0 0 0 0 0 0 0 0 45 0 0 0 0 0 0 0 0 0 0 0 0 0 0 0 1 0 0 0 0 0 0 0 30 0 0 0 0 0 0 0 160507 2 7 3 5 0 0 0 0 0 0 0 0 0 0 0 6 0 0 0 0 0 0 0
380 GGA 0 0 0 0 0 0 0 0 44 0 0 0 0 0 0 0 0 0 0 0 0 0 0 0 0 0 0 0 0 0 0 0 15 0 0 0 0 0 0 0 160534 0 10 0 2 0 0 0 0 0 0 0 0 0 0 0 8 0 0 0 0 0 0 0
381 GAA 28 0 0 0 0 0 0 0 0 0 0 0 0 0 0 0 0 0 0 0 0 0 0 0 0 0 0 0 0 0 0 0 160581 0 4 2 0 0 0 0 2 0 0 0 1 0 0 0 2 0 0 0 0 0 0 0 0 0 0 0 0 0 0 0
382 TTT 0 0 0 0 0 0 0 0 0 0 0 0 0 0 0 27 0 0 0 0 0 0 0 0 0 0 0 0 0 0 0 5 0 0 0 0 0 0 0 0 0 0 0 0 0 0 0 0 0 0 0 7 0 0 0 9 0 0 0 0 3 12 0 160321
383 TTC 0 0 0 0 0 0 0 0 0 0 0 0 0 2 0 0 0 0 0 0 0 0 0 0 0 0 0 0 0 2 0 0 0 0 0 0 0 0 0 0 0 0 0 0 0 0 0 0 0 4 0 0 0 8 0 0 0 0 0 0 17 160476 0 55
384 TAT 0 0 0 5 0 0 0 0 0 0 0 0 0 0 0 0 0 0 0 15 0 0 0 0 0 0 0 0 0 0 0 0 0 0 0 1 0 0 0 0 0 0 0 0 0 0 0 0 7 11 0 160555 0 0 0 0 0 0 0 8 0 0 0 2
385 TGT 0 0 0 0 0 0 0 0 0 0 0 6 0 0 0 0 0 0 0 2 0 0 0 0 0 0 0 10 0 0 0 0 0 0 0 0 0 0 0 0 0 0 0 1 0 0 0 0 0 0 0 53 0 0 0 2 1 22 0 160405 0 0 0 9
386 AAC 6 160452 0 34 0 2 0 0 0 12 0 0 0 3 0 0 0 0 0 0 0 0 0 0 0 0 0 0 0 0 0 0 0 33 0 0 0 0 0 0 0 0 0 0 0 0 0 0 0 0 0 0 0 0 0 0 0 0 0 0 0 0 0 0
387 ACA 3 0 0 0 160654 0 4 0 0 0 0 0 18 0 0 0 0 0 0 0 0 0 0 0 0 0 0 0 0 0 0 0 0 0 0 0 5 0 0 0 0 0 0 0 0 0 0 0 0 0 0 0 8 0 0 0 0 0 0 0 0 0 0 0
388 TCA 0 0 0 0 5 0 0 0 0 0 0 0 0 0 0 0 0 0 0 0 3 0 0 0 0 0 0 0 0 0 0 0 0 0 0 0 1 0 0 0 0 0 0 0 0 0 0 0 6 0 0 0 160232 0 63 6 1 0 0 0 38 0 0 0
389 GGC 0 0 0 0 0 0 0 0 0 34 0 0 0 0 0 0 0 0 0 0 0 0 0 0 0 5 0 0 0 0 0 0 0 57 0 0 0 3 0 0 12 159097 1 38 0 3 0 0 0 0 0 0 0 0 0 0 0 11 0 0 0 0 0 0
390 CTG 0 0 0 0 0 0 0 0 0 0 0 0 0 0 17 0 0 0 2 0 0 0 32 0 0 0 3 0 48 1 159987 2 0 0 0 0 0 0 0 0 0 0 0 0 0 0 0 0 0 0 0 0 0 0 0 0 0 0 0 0 0 0 15 0
391 TTT 0 0 0 0 0 0 0 0 0 0 0 0 0 0 0 5 0 0 0 0 0 0 0 0 0 0 0 0 0 0 0 12 0 0 0 0 0 0 0 0 0 0 0 0 0 0 0 1 0 0 0 2 0 0 0 7 0 0 0 1 0 7 0 159541
392 AAT 9 7 0 160535 0 0 0 0 0 0 0 3 0 0 0 5 0 0 0 0 0 0 0 0 0 0 0 0 0 0 0 0 0 0 0 7 0 0 0 0 0 0 0 0 0 0 0 0 0 0 0 7 0 0 0 0 0 0 0 0 0 0 0 0
393 AGC 0 58 0 0 0 0 0 0 11 158587 0 29 0 5 0 0 0 0 0 0 0 0 0 0 0 0 0 0 0 0 0 0 0 0 0 0 0 0 0 0 0 39 0 0 0 0 0 0 0 0 0 0 0 0 0 0 0 1 0 0 0 0 0 0
394 ACT 0 0 0 3 7 7 2 160156 0 0 0 5 0 0 0 29 0 0 0 0 0 0 0 0 0 0 0 0 0 0 0 0 0 0 0 0 0 0 0 3 0 0 0 0 0 0 0 0 0 0 0 0 0 0 0 2 0 0 0 0 0 0 0 0
395 TGG 0 0 0 0 0 0 0 0 0 0 2 0 0 0 0 0 0 0 0 0 0 0 0 0 0 0 33 0 0 0 0 0 0 0 0 0 0 0 0 0 0 0 3 0 0 0 0 0 0 0 16 0 0 0 0 0 31 0 159270 0 0 0 8 0
395a GAG 0 0 52 0 0 0 0 0 0 0 0 0 0 0 0 0 0 0 1 0 0 0 0 0 0 0 0 0 0 0 0 0 61 1 160127 9 0 0 0 0 0 0 8 0 0 0 0 0 0 0 3 0 0 0 0 0 0 0 0 0 0 0 0 0
396 TTT 0 0 0 0 0 0 0 0 0 0 0 0 0 0 0 8 0 0 0 0 0 0 0 0 0 0 0 0 0 0 0 15 0 0 0 0 0 0 0 0 0 0 0 0 0 0 0 2 0 0 0 11 0 0 0 14 0 0 0 0 19 16 2 159084
397 AAT 2 11 0 160346 0 0 0 4 0 0 0 10 0 0 0 2 0 0 0 0 0 0 0 0 0 0 0 0 0 0 0 0 0 0 0 6 0 0 0 0 0 0 0 0 0 0 0 0 0 0 0 13 0 0 0 0 0 0 0 0 0 0 0 0
398 AGC 0 70 0 0 0 1 0 0 14 156910 1 29 0 5 0 0 0 0 0 0 0 0 0 0 0 0 0 0 0 0 0 0 0 0 0 0 0 1 0 0 0 27 0 1 0 0 0 0 0 0 0 0 0 0 0 0 0 1 0 0 0 0 0 0
399 ACT 0 0 0 14 20 14 3 157462 0 0 0 1 0 0 0 26 0 0 0 0 0 0 0 0 0 0 0 0 0 0 0 0 0 0 0 0 0 0 0 6 0 0 0 0 0 0 0 0 0 0 0 0 0 0 0 1 0 0 0 0 0 0 0 0
400 TGG 0 0 0 0 0 0 0 0 0 0 8 0 0 0 0 0 0 0 0 0 0 0 0 0 0 0 31 0 0 0 0 0 0 0 0 0 0 0 0 0 0 0 3 0 0 0 0 0 0 0 25 0 0 0 0 0 27 0 157955 5 0 0 5 0
406 AAT 0 16 0 160076 0 0 0 1 0 0 0 8 0 0 0 0 0 0 0 0 0 0 0 0 0 0 0 0 0 0 0 0 0 0 0 10 0 0 0 0 0 0 0 0 0 0 0 0 0 0 0 2 0 0 0 0 0 0 0 0 0 0 0 0
407 AAT 5 9 0 159305 0 0 0 1 0 0 0 15 0 0 0 6 0 0 0 0 0 0 0 0 0 0 0 0 0 0 0 0 0 0 0 5 0 0 0 0 0 0 0 0 0 0 0 0 0 0 0 1 0 0 0 0 0 0 0 0 0 0 0 0
408 TCA 1 0 0 0 18 0 0 0 0 0 0 0 0 0 0 0 0 0 0 0 7 0 0 0 0 0 0 0 0 0 0 0 0 0 0 0 2 0 0 0 0 0 0 0 0 0 0 0 7 0 0 0 159620 3 21 6 1 0 0 0 19 0 0 0
409 AAT 7 2 0 160182 0 0 0 1 0 0 0 5 0 0 0 13 0 0 0 2 0 0 0 0 0 0 0 0 0 0 0 0 0 0 0 11 0 0 0 0 0 0 0 0 0 0 0 0 0 0 0 2 0 0 0 0 0 0 0 0 0 0 0 0
410 AGC 0 65 0 0 0 7 0 0 11 152906 2 32 0 3 0 0 0 0 0 0 0 0 0 0 0 0 0 0 0 0 0 0 0 0 0 0 0 0 0 0 0 13 0 0 0 0 0 0 0 0 0 0 0 0 0 0 0 0 0 0 0 0 0 0
411 ACA 9 0 0 0 159224 2 15 1 0 0 0 0 20 0 0 0 0 0 0 0 0 0 0 0 0 0 0 0 0 0 0 0 0 0 0 0 9 0 0 0 0 0 0 0 0 0 0 0 0 0 0 0 4 0 0 0 0 0 0 0 0 0 0 0
412 GAG 0 0 24 0 0 0 0 0 0 0 0 0 0 0 0 0 0 0 0 0 0 0 0 0 0 0 0 0 0 0 0 0 34 1 155875 2 0 0 0 0 0 0 2 0 0 0 1 0 0 0 1 0 0 0 0 0 0 0 0 0 0 0 0 0
413 AAT 9 14 0 157737 0 2 0 3 0 0 0 4 0 0 0 1 0 0 0 0 0 0 0 0 0 0 0 0 0 0 0 0 0 0 0 1 0 0 0 0 0 0 0 0 0 0 0 0 0 0 0 1 0 0 0 0 0 0 0 0 0 0 0 0
414 ATA 1 0 0 0 11 0 0 0 0 0 0 0 159600 1 7 1 0 0 0 0 0 0 0 0 0 0 0 0 1 0 0 0 0 0 0 0 0 0 0 0 0 0 0 0 11 0 0 0 0 0 0 0 0 0 0 0 0 0 0 0 0 0 0 0
415 ACT 0 0 0 31 4 12 0 147009 0 0 0 6 0 0 0 28 0 0 0 0 0 0 0 0 0 0 0 0 0 0 0 0 0 0 0 0 0 0 0 6 0 0 0 0 0 0 0 0 0 0 0 0 0 0 0 4 0 0 0 0 0 0 0 0
416 CTC 0 0 0 0 0 0 0 0 0 0 0 0 0 2 0 0 0 2 0 0 0 18 0 0 0 0 0 0 9 148419 0 4 0 0 0 0 0 0 0 0 0 0 0 0 0 0 0 0 0 0 0 0 0 0 0 0 0 0 0 0 0 8 0 0
417 CAA 12 0 0 0 0 0 0 0 0 0 0 0 0 0 0 0 157844 1 0 2 0 0 0 0 9 0 0 0 9 0 0 0 0 0 0 0 0 0 0 0 0 0 0 0 0 0 0 0 20 0 0 0 0 0 0 0 0 0 0 0 0 0 0 0
418 TGC 0 0 0 0 0 0 0 0 0 0 0 0 0 0 0 0 0 0 0 0 0 0 0 0 0 8 0 0 0 0 0 0 0 0 0 0 0 0 0 0 0 0 0 0 0 0 0 0 2 80 0 1 0 1 0 0 9 139079 3 84 0 9 0 0
419 AGA 26 0 0 0 2 0 0 0 148389 1 7 0 4 0 0 0 0 0 0 0 0 0 0 0 0 0 0 0 0 0 0 0 0 0 0 0 0 0 0 0 29 0 0 0 0 0 0 0 0 0 0 0 0 0 0 0 1 0 0 0 0 0 0 0
420 ATA 2 0 0 0 4 0 0 0 1 0 0 0 155266 0 6 2 0 0 0 0 0 0 0 0 0 0 0 0 0 0 0 0 0 0 0 0 0 0 0 0 0 0 0 0 2 0 0 0 0 0 0 0 0 0 0 0 0 0 0 0 0 0 0 0
421 AAG 49 0 150920 3 0 0 1 0 0 0 9 0 0 0 0 0 0 0 3 0 0 0 0 0 0 0 0 0 0 0 0 0 0 0 11 0 0 0 0 0 0 0 0 0 0 0 0 0 0 0 0 0 0 0 0 0 0 0 0 0 0 0 0 0
422 CAA 10 0 0 0 0 0 0 0 0 0 0 0 0 0 0 0 156297 0 1 1 0 0 0 0 6 0 0 0 0 0 0 0 0 0 0 0 0 0 0 0 0 0 0 0 0 0 0 0 19 0 0 0 0 0 0 0 0 0 0 0 0 0 0 0
423 ATT 0 0 0 5 0 0 0 7 0 0 0 0 4 6 2 107913 0 0 0 0 0 0 0 0 0 0 0 0 0 0 0 0 0 0 0 0 0 0 0 0 0 0 0 0 0 0 0 4 0 0 0 0 0 0 0 0 0 0 0 0 0 0 0 4
424 ATA 1 0 0 0 2 0 0 0 0 0 0 0 133382 2 15 2 1 0 0 0 0 0 0 0 0 0 0 0 0 0 0 0 0 0 0 0 0 0 0 0 0 0 0 0 1 0 0 0 0 0 0 1 0 0 0 0 0 0 0 0 2 0 0 0
425 AAT 18 5 0 144482 0 0 0 1 3 1 0 6 0 0 0 4 0 0 0 1 0 0 0 0 0 0 0 0 0 0 0 0 0 0 0 5 1 0 0 0 0 0 0 0 0 0 0 0 0 0 0 2 0 0 0 0 0 0 0 0 0 0 0 0
426 ATG 0 0 2 0 0 0 5 0 0 1 0 0 43 1 94869 2 0 0 0 0 0 0 0 0 0 0 0 0 0 0 0 0 0 0 0 0 2 0 0 0 0 0 0 0 0 0 12 0 0 0 0 1 0 0 0 0 0 0 0 1 0 0 0 0
427 TGG 0 0 0 0 0 0 0 0 1 1 3 0 1 0 0 0 0 0 0 0 0 0 0 0 0 0 2 0 0 0 0 0 0 0 0 0 0 0 0 0 0 1 1 0 0 0 0 0 0 0 22 0 0 0 1 0 62 1 119962 2 0 0 8 0
428 CAA 8 0 0 0 0 0 0 0 0 0 0 0 0 0 0 0 146961 1 6 2 0 0 0 0 6 0 0 0 2 0 0 0 0 0 0 0 1 0 0 0 0 0 0 0 0 0 0 0 50 0 0 0 0 0 0 0 0 0 0 0 0 0 0 0
429 AGA 36 0 3 0 2 0 0 0 141121 0 3 0 9 0 0 0 0 0 0 0 0 0 0 0 0 0 0 0 0 0 0 0 0 0 2 0 0 0 0 0 14 0 0 0 0 0 0 0 0 0 0 2 0 0 0 0 5 0 0 0 0 0 0 0
430 GCA 0 0 1 2 55 0 0 0 0 1 0 0 2 0 1 0 1 0 2 0 1 0 0 0 0 0 0 0 0 1 0 0 6 0 0 0 95463 1 17 1 1 0 0 0 79 0 0 0 0 0 0 0 2 0 0 0 0 0 0 0 0 0 0 0
431 GGA 0 0 0 0 0 0 0 0 26 0 1 0 3 0 0 0 0 0 0 1 1 1 0 0 0 0 0 0 0 0 0 0 22 3 0 0 0 0 0 0 94672 0 3 0 3 0 0 0 0 0 0 0 0 0 0 0 6 0 0 0 0 0 0 0
432 CAA 17 0 4 0 2 0 0 0 0 0 0 0 2 0 0 0 117163 2 8 0 0 0 0 0 4 0 0 0 2 1 0 0 0 0 0 0 0 0 0 0 0 0 0 0 0 0 0 0 14 0 0 1 0 0 0 0 0 0 0 0 0 0 0 0
433 GCA 0 0 0 0 58 0 0 0 0 1 0 0 0 0 0 0 4 0 0 0 3 0 0 0 0 0 0 0 0 0 0 0 6 0 0 0 97634 1 1 1 0 0 0 0 39 0 0 0 0 0 0 0 2 0 0 0 0 0 0 0 0 0 0 0
434 ATA 2 0 0 5 5 0 0 0 0 0 1 0 138790 0 19 0 0 0 0 0 0 0 0 0 0 0 0 0 0 0 0 0 0 0 0 0 0 0 0 0 1 0 0 0 1 0 0 0 0 0 0 3 0 0 0 0 0 0 0 0 0 0 0 1
435 TAT 0 0 0 2 1 0 0 0 0 0 0 0 5 0 1 0 1 0 0 7 0 0 0 0 0 0 0 0 0 0 0 0 0 0 0 0 0 0 0 0 0 0 0 0 0 0 0 0 5 12 0 128120 0 0 0 0 0 0 0 20 0 0 0 0
436 GCC 0 0 0 0 0 39 0 0 0 1 0 0 0 0 0 0 0 0 0 0 0 4 0 0 0 0 0 0 0 0 0 0 0 8 0 0 4 109440 0 2 0 2 0 0 0 63 0 0 0 0 0 0 0 4 0 0 0 4 0 0 0 0 0 0
437 CCT 0 0 0 4 0 0 0 5 0 0 0 0 0 0 0 0 0 0 0 13 3 19 0 79460 0 0 0 0 0 0 0 33 0 0 0 0 0 0 0 0 0 0 0 0 0 0 0 0 0 0 0 1 0 0 0 7 0 0 0 0 0 0 0 0
438 CCC 0 2 0 0 0 4 0 0 0 0 0 0 0 0 0 0 0 15 0 0 5 79638 0 9 0 1 0 0 0 14 0 0 0 0 0 0 0 0 0 0 0 0 0 0 0 0 0 0 0 0 0 1 0 11 0 0 0 0 0 0 0 0 0 0
439 ATA 10 0 0 0 9 0 0 0 1 0 0 0 151113 0 10 0 1 0 0 0 0 0 0 0 0 0 0 0 2 0 0 0 0 0 0 0 0 0 0 0 0 0 0 0 6 0 0 0 0 0 0 0 0 0 0 0 0 0 0 0 2 0 0 0
440 CCA 0 0 0 0 11 0 0 0 0 0 0 0 0 0 0 0 9 0 0 0 137393 0 23 0 0 0 0 0 12 0 0 0 0 0 0 0 2 0 0 0 0 0 0 0 0 0 0 0 0 0 0 0 16 0 0 0 0 0 0 0 0 0 0 0
441 GGA 0 0 0 0 0 0 0 0 21 0 0 0 0 0 0 0 0 0 0 0 0 0 0 0 0 0 0 0 0 0 0 0 18 0 0 0 0 0 0 0 129988 0 11 2 7 0 0 0 0 0 0 0 0 0 0 0 12 0 0 0 0 0 0 0
442 GTA 1 0 0 0 0 0 0 0 0 0 0 0 49 0 0 0 0 0 0 0 0 0 0 0 0 0 0 0 0 0 0 0 19 0 0 0 13 0 0 0 1 0 0 0 150816 0 6 2 0 0 0 0 0 0 0 0 0 0 0 0 9 0 0 0
443 ATA 6 0 0 1 1 0 0 0 1 0 0 0 152250 1 35 1 0 0 0 0 0 0 0 0 0 0 0 0 1 0 0 0 0 0 0 0 0 0 0 0 0 0 0 0 3 0 0 0 0 0 0 0 0 0 0 0 0 0 0 0 4 0 0 0
444 AGG 3 0 35 0 0 0 1 0 52 2 144457 9 0 0 8 0 0 0 0 0 0 0 0 0 0 0 0 0 0 0 0 0 0 0 0 0 0 0 0 0 0 0 8 0 0 0 0 0 0 0 0 0 0 0 0 0 0 0 1 0 0 0 0 0
445 TGT 0 0 0 0 0 0 0 0 0 0 0 1 0 0 0 0 0 0 0 0 0 0 0 0 0 0 0 13 0 0 0 0 0 0 0 0 0 0 0 0 0 0 0 0 0 0 0 0 0 0 0 44 0 0 0 0 0 21 0 153133 0 0 0 4
446 AAA 159595 0 9 3 1 0 0 0 12 0 0 0 4 0 0 0 0 0 0 0 0 0 0 0 0 0 0 0 0 0 0 0 12 0 0 0 0 0 0 0 0 0 0 0 0 0 0 0 1 0 0 0 0 0 0 0 0 0 0 0 0 0 0 0
447 TCA 0 0 0 0 7 0 0 0 0 0 0 0 0 0 0 0 0 0 0 0 14 0 0 0 0 0 0 0 0 0 0 0 0 0 0 0 1 0 0 0 0 0 0 0 0 0 0 0 7 0 0 0 146335 0 11 2 0 0 0 0 22 0 0 0
448 AAT 11 5 1 158640 0 0 0 1 0 0 0 8 0 0 0 3 0 0 0 0 0 0 0 0 0 0 0 0 0 0 0 0 0 0 0 11 0 0 0 0 0 0 0 0 0 0 0 0 0 0 0 0 0 0 0 0 0 0 0 0 0 0 0 0
449 ATT 0 0 0 9 0 0 0 5 0 0 0 1 3 2 2 148561 0 0 0 0 0 0 0 0 0 0 0 0 0 0 0 1 0 0 0 0 0 0 0 0 0 0 0 0 0 0 0 2 0 0 0 0 0 0 0 0 0 0 0 0 0 0 0 2
450 ACA 9 0 0 0 157659 7 43 7 3 0 0 0 71 0 0 0 0 0 0 0 0 0 0 0 0 0 0 0 0 0 0 0 0 0 0 0 20 0 0 0 0 0 0 0 0 0 0 0 0 0 0 0 3 0 0 0 0 0 0 0 0 0 0 0
451 GGA 0 0 0 0 0 0 0 0 25 0 0 0 0 0 0 0 1 0 0 0 1 0 0 0 0 0 0 0 0 0 0 0 28 0 0 0 2 0 0 0 159297 0 4 3 6 0 0 0 0 0 0 0 0 0 0 0 13 0 0 0 0 0 0 0
452 CTA 0 0 0 0 0 0 0 0 0 0 0 0 12 0 0 0 1 0 0 0 21 0 0 0 0 0 0 0 158690 1 14 0 0 0 0 0 0 0 0 0 0 0 0 0 3 0 0 0 0 0 0 0 0 0 0 0 0 0 0 0 24 0 0 0
453 ATA 6 0 0 2 7 0 0 0 3 0 0 0 157756 0 6 4 0 0 0 0 0 0 0 0 0 0 0 0 0 0 0 0 0 0 0 0 0 0 0 0 0 0 0 0 9 0 0 0 0 0 0 0 0 0 0 0 0 0 0 0 3 0 0 0
454 TTA 0 0 0 0 0 0 0 0 0 0 0 0 0 0 0 0 0 0 0 0 0 0 0 0 0 0 0 0 17 0 0 0 0 0 0 0 0 0 0 0 0 0 0 0 3 0 0 0 3 0 0 0 4 0 0 0 0 0 0 0 157384 1 18 2
455 ACA 7 0 0 0 158764 0 7 5 0 0 0 0 9 0 0 0 0 0 0 0 0 0 0 0 0 0 0 0 0 0 0 0 0 0 0 0 6 0 0 0 0 0 0 0 0 0 0 0 0 0 0 0 0 0 0 0 0 0 0 0 0 0 0 0
456 AGA 28 0 1 0 5 0 0 0 157804 1 18 2 7 0 0 0 0 0 0 0 0 0 0 0 0 0 0 0 0 0 0 0 0 0 0 0 0 0 0 0 12 0 0 0 0 0 0 0 0 0 0 0 0 0 0 0 0 0 0 0 0 0 0 0
457 GAT 0 0 0 27 0 0 0 0 0 0 0 0 0 0 0 0 0 0 0 0 0 0 0 0 0 0 0 0 0 0 0 0 8 4 1 158867 0 0 0 0 0 0 0 7 0 0 0 0 0 0 0 1 0 0 0 0 0 0 0 0 0 0 0 0
458 GGT 0 0 0 0 0 0 0 0 0 0 0 28 0 0 0 0 0 0 0 0 0 0 0 0 0 0 0 1 0 0 0 0 0 0 0 35 0 0 0 3 5 11 2 160004 0 0 0 1 0 0 0 0 0 0 0 0 0 0 0 11 0 0 0 0
459 GGG 0 0 0 0 0 0 0 0 0 0 23 0 0 0 0 0 0 0 0 0 0 0 0 0 0 0 1 0 0 0 0 0 0 0 23 0 0 0 0 0 46 1 158947 3 0 0 7 0 0 0 0 0 0 0 0 0 0 0 8 0 0 0 0 0
460 AGT 0 0 0 87 0 0 0 1 11 27 1 160213 0 0 0 7 0 0 0 0 0 0 0 0 0 0 0 0 0 0 0 0 0 0 0 0 0 0 0 0 0 0 0 20 0 0 0 0 0 0 0 0 0 0 0 0 0 0 0 0 0 0 0 0
461 AAT 6 5 0 160165 0 0 0 0 0 0 0 9 0 0 0 2 0 0 0 1 0 0 0 0 0 0 0 0 0 0 0 0 0 0 0 10 0 0 0 0 0 0 0 0 0 0 0 0 0 0 0 1 0 0 0 0 0 0 0 0 0 0 0 0
462 AAG 33 1 160333 6 0 0 0 1 0 0 17 0 0 0 4 0 0 0 1 0 0 0 0 0 0 0 0 0 0 0 0 0 0 0 56 0 0 0 0 0 0 0 0 0 0 0 0 0 0 0 0 0 0 0 0 0 0 0 0 0 0 0 0 0
463 AAT 4 3 1 160505 0 0 0 0 0 0 0 11 0 0 0 4 0 0 0 1 0 0 0 0 0 0 0 0 0 0 0 0 0 1 0 7 0 0 0 0 0 0 0 0 0 0 0 0 0 0 0 2 0 0 0 0 0 0 0 0 0 0 0 0
464 ACA 5 0 0 0 159891 2 18 5 0 0 0 0 39 0 0 0 0 0 0 0 0 0 0 0 0 0 0 0 0 0 0 0 0 0 0 0 25 0 0 0 0 0 0 0 0 0 0 0 0 0 0 0 0 0 0 0 0 0 0 0 0 0 0 0
465 AGT 1 0 0 43 0 0 0 1 4 10 0 160088 0 0 0 7 0 0 0 0 0 0 0 0 0 0 0 1 0 0 0 0 0 0 0 0 0 0 0 0 0 0 0 21 0 0 0 0 0 0 0 0 0 0 0 0 0 0 0 1 0 0 0 0
466 GAA 25 0 0 0 0 0 0 0 0 0 0 0 0 0 0 0 0 0 0 0 0 0 0 0 0 0 0 0 0 0 0 0 159700 0 3 0 0 0 0 0 7 0 0 0 0 0 0 0 2 0 0 0 0 0 0 0 0 0 0 0 0 0 0 0
467 ACC 0 6 0 0 9 160035 0 9 0 1 0 0 0 22 0 0 0 0 0 0 0 0 0 0 0 0 0 0 0 0 0 0 0 0 0 0 0 5 0 0 0 0 0 0 0 0 0 0 0 0 0 0 0 1 0 0 0 0 0 0 0 0 0 0
468 TTC 0 0 0 0 0 0 0 0 0 0 0 0 0 4 0 0 0 0 0 0 0 0 0 0 0 0 0 0 0 24 0 0 0 0 0 0 0 0 0 0 0 0 0 0 0 4 0 0 0 7 0 0 0 25 0 0 0 0 0 0 1 158793 0 22
469 AGA 24 0 0 0 1 0 0 0 160359 0 11 0 4 0 0 0 0 0 0 0 0 0 0 0 4 0 0 0 0 0 0 0 0 0 0 0 0 0 0 0 66 0 0 0 0 0 0 0 0 0 0 0 0 0 0 0 0 0 0 0 0 0 0 0
470 CCT 0 0 0 0 0 0 0 3 0 0 0 0 0 0 0 0 0 0 0 8 2 64 1 159164 0 0 0 0 0 0 0 8 0 0 0 0 0 0 0 4 0 0 0 0 0 0 0 0 0 0 0 0 0 0 0 13 0 0 0 0 0 0 0 0
471 GGA 0 0 0 0 0 0 0 0 18 0 0 0 0 0 0 0 0 0 0 0 0 0 0 0 0 0 0 0 0 0 0 0 17 0 0 0 0 0 0 0 159494 0 47 5 6 0 0 0 0 0 0 0 0 0 0 0 3 0 0 0 0 0 0 0
472 GGA 0 0 0 0 0 0 0 0 20 0 0 0 0 0 0 0 0 0 0 0 0 0 0 0 0 0 0 0 0 0 0 0 19 0 0 0 1 0 0 0 160464 0 26 1 2 0 0 0 0 0 0 0 0 0 0 0 8 0 0 0 0 0 0 0
473 GGA 0 0 0 0 0 0 0 0 40 0 0 0 0 0 0 0 0 0 0 0 0 0 0 0 0 0 0 0 0 0 0 0 19 0 0 0 0 0 0 0 160386 1 28 4 4 0 0 0 0 0 0 0 0 0 0 0 8 0 0 0 0 0 0 0
474 GAT 0 0 0 38 0 0 0 0 0 0 0 0 0 0 0 0 0 0 0 4 0 0 0 0 0 0 0 0 0 0 0 0 10 12 1 160610 0 0 0 0 0 0 0 4 0 0 0 2 0 0 0 7 0 0 0 0 0 0 0 0 0 0 0 0
475 ATG 0 0 1 0 0 0 8 0 0 0 0 0 26 0 160358 3 0 0 0 0 0 0 0 0 0 0 0 0 0 0 0 0 0 0 0 0 0 0 0 0 0 0 0 0 0 0 13 0 0 0 0 0 0 0 0 0 0 0 0 0 0 0 2 0
476 AGG 0 0 50 0 0 0 0 0 45 0 159594 7 0 0 22 0 0 0 0 0 0 0 0 0 0 0 2 0 0 0 0 0 0 0 0 0 0 0 0 0 0 0 47 0 0 0 0 0 0 0 0 0 0 0 0 0 0 0 4 0 0 0 0 0
477 GAC 0 21 0 0 0 0 0 0 0 0 0 0 0 0 0 0 0 0 0 0 0 0 0 0 0 0 0 0 0 0 0 0 13 160329 0 34 0 0 0 0 0 12 0 0 0 0 0 0 0 1 0 0 0 0 0 0 0 0 0 0 0 0 0 0
478 AAT 6 4 2 160131 0 0 0 0 0 0 0 8 0 0 0 16 0 0 0 0 0 0 0 0 0 0 0 0 0 0 0 0 0 0 0 12 0 0 0 0 0 0 0 0 0 0 0 0 0 0 0 2 0 0 0 0 0 0 0 0 0 0 0 0
479 TGG 0 0 0 0 0 0 0 0 0 0 2 0 0 0 0 0 0 0 0 0 0 0 0 0 0 0 9 0 0 0 0 0 0 0 0 0 0 0 0 0 0 0 0 0 0 0 0 0 0 0 23 0 0 0 1 0 23 0 160095 4 0 0 2 0
480 AGA 44 0 0 0 1 0 0 0 160571 0 6 1 2 0 0 0 0 0 0 0 0 0 0 0 1 0 0 0 0 0 0 0 0 0 0 0 0 0 0 0 24 0 0 0 0 0 0 0 0 0 0 0 0 0 0 0 4 0 0 0 0 0 0 0
481 AGT 0 0 0 86 0 0 0 4 9 22 2 353939 0 0 0 8 0 0 0 0 0 0 0 0 0 0 0 2 0 0 0 0 0 0 0 0 0 0 0 0 0 0 0 11 0 0 0 0 0 0 0 0 0 0 0 0 0 0 0 2 0 0 0 0
482 GAA 90 0 0 0 0 0 0 0 0 0 0 0 0 0 0 0 4 0 0 0 0 0 0 0 0 0 0 0 0 0 0 0 354864 4 28 11 0 0 0 0 8 0 0 0 1 0 0 0 11 0 0 0 0 0 0 0 0 0 0 0 0 0 0 0
483 TTA 4 0 0 0 0 0 0 0 0 0 0 0 53 0 0 0 1 0 0 0 0 0 0 0 0 0 0 0 29 0 0 0 0 0 0 0 0 0 0 0 0 0 0 0 2 0 0 0 12 0 0 0 16 0 0 0 5 0 0 0 354674 1 12 0
484 TAT 0 0 0 7 0 0 0 0 0 0 0 0 0 0 0 0 0 0 0 32 0 0 0 0 0 0 0 0 0 0 0 0 0 0 0 2 0 0 0 0 0 0 0 0 0 0 0 0 64 22 0 354879 0 0 0 0 0 0 0 19 0 0 0 2
485 AAG 80 13 354741 22 0 0 3 0 0 0 33 0 0 0 13 0 0 0 2 0 0 0 0 0 0 0 0 0 0 0 0 0 0 0 84 0 0 0 0 0 0 0 0 0 0 0 0 0 0 0 1 0 0 0 0 0 0 0 0 0 0 0 0 0
486 TAT 0 0 0 9 0 0 0 0 0 0 0 0 0 0 0 0 0 0 0 11 0 0 0 0 0 0 0 0 0 0 0 0 0 0 0 0 0 0 0 0 0 0 0 0 0 0 0 0 13 16 1 354751 0 0 0 0 0 0 0 4 0 0 0 1
487 AAA 354549 1 87 10 2 0 0 0 33 0 0 0 11 0 0 0 0 0 1 0 0 0 0 0 0 0 0 0 0 0 0 0 27 0 0 0 0 0 0 0 0 0 0 0 0 0 0 0 1 0 0 0 0 0 0 0 0 0 0 0 0 0 0 0
488 GTA 1 0 0 0 0 0 0 0 0 0 0 0 113 0 0 0 0 0 0 0 0 0 0 0 0 0 0 0 6 0 0 0 10 0 0 0 15 0 0 0 0 0 0 0 354433 0 10 0 0 0 0 0 0 0 0 0 0 0 0 0 7 0 0 0
489 GTA 0 0 0 0 0 0 0 0 0 0 0 0 77 0 0 0 0 0 0 0 0 0 0 0 0 0 0 0 6 0 0 0 51 0 0 0 23 0 0 0 0 0 0 0 354644 2 22 0 0 0 0 0 0 0 0 0 0 0 0 0 16 0 0 0
490 AAA 354653 1 19 2 1 0 0 0 17 0 0 0 5 0 0 0 0 0 0 0 0 0 0 0 0 0 0 0 0 0 0 0 15 0 0 0 0 0 0 0 0 0 0 0 0 0 0 0 3 0 0 0 0 0 0 0 0 0 0 0 0 0 0 0
491 ATT 0 0 0 13 0 0 0 13 0 0 0 3 5 14 0 354127 0 0 0 0 0 0 0 0 0 0 0 0 0 0 0 1 0 0 0 0 0 0 0 0 0 0 0 0 0 0 0 9 0 0 0 0 0 0 0 0 0 0 0 0 0 0 0 95
492 GAA 81 0 0 0 0 0 0 0 0 0 0 0 0 0 0 0 3 0 0 0 0 0 0 0 0 0 0 0 0 0 0 0 354524 1 59 6 0 0 0 0 48 0 0 0 3 0 0 0 10 0 0 0 0 0 0 0 0 0 0 0 0 0 0 0
493 CCA 0 0 0 0 16 0 0 0 0 0 0 0 0 0 0 0 13 0 0 0 354874 1 13 1 0 0 0 0 18 0 0 0 0 0 0 0 5 0 0 0 0 0 0 0 0 0 0 0 0 0 0 0 49 0 0 0 0 0 0 0 0 0 0 0
494 ATA 3 0 0 0 8 0 0 0 5 0 0 0 193941 0 60 2 0 0 0 0 0 0 0 0 0 0 0 0 0 0 0 0 0 0 0 0 0 0 0 0 0 0 0 0 10 0 0 0 0 0 0 0 0 0 0 0 0 0 0 0 0 0 0 0
495 GGA 2 0 0 0 0 0 0 0 40 0 0 0 0 0 0 0 0 0 0 0 0 0 0 0 1 0 0 0 0 0 0 0 22 0 0 0 3 0 0 0 193959 0 13 1 2 0 0 0 0 0 0 0 0 0 0 0 11 0 0 0 0 0 0 0
496 GTA 1 0 0 0 0 0 0 0 0 0 0 0 75 0 0 0 0 0 0 0 0 0 0 0 0 0 0 0 2 0 0 0 1 0 0 0 12 0 0 0 0 0 0 0 194103 1 61 2 0 0 0 0 0 0 0 0 0 0 0 0 9 0 0 0
497 GCA 0 0 0 0 65 0 0 0 0 0 0 0 0 0 0 0 0 0 0 0 2 0 0 0 0 0 0 0 0 0 0 0 5 0 0 0 193901 1 14 7 2 0 0 0 95 0 1 0 0 0 0 0 9 0 0 0 0 0 0 0 0 0 0 0
498 CCC 0 0 0 0 0 11 0 0 0 0 0 0 0 0 0 0 0 15 0 0 17 193782 1 29 0 2 0 0 0 23 0 0 0 0 0 0 0 1 0 0 0 0 0 0 0 0 0 0 0 0 0 0 0 34 0 0 0 0 0 0 0 0 0 0
499 ACC 0 8 0 0 5 193699 1 49 0 6 0 0 0 18 0 0 0 0 0 0 0 0 0 0 0 0 0 0 0 0 0 0 0 0 0 0 0 2 0 0 0 0 0 0 0 0 0 0 0 0 0 0 0 5 0 0 0 0 0 0 0 0 0 0
500 AGG 1 0 27 0 0 0 2 0 31 0 193540 5 0 0 14 0 0 0 0 0 0 0 0 0 0 0 2 0 0 0 0 0 0 0 0 0 0 0 0 0 0 0 54 0 0 0 0 0 0 0 0 0 0 0 0 0 0 0 1 0 0 0 0 0
501 GCA 0 0 0 0 116 0 0 0 0 0 0 0 0 0 0 0 0 0 0 0 1 0 0 0 0 0 0 0 0 0 0 0 14 0 0 0 193018 0 5 3 1 0 0 0 18 0 0 0 0 0 0 0 6 0 0 0 0 0 0 0 0 0 0 0
502 AAA 194004 1 18 3 0 0 0 0 10 0 0 0 0 0 0 0 0 0 0 0 0 0 0 0 0 0 0 0 0 0 0 0 12 0 0 0 0 0 0 0 0 0 0 0 0 0 0 0 0 0 0 0 0 0 0 0 0 0 0 0 0 0 0 0
503 AGA 35 0 0 0 3 0 0 0 193825 0 11 0 3 0 0 0 0 0 0 0 0 0 0 0 1 0 0 0 0 0 0 0 0 0 0 0 0 0 0 0 189 0 0 0 0 0 0 0 0 0 0 0 0 0 0 0 1 0 0 0 0 0 0 0
504 AGA 24 0 0 0 2 0 0 0 194093 0 8 4 7 0 0 0 0 0 0 0 0 0 0 0 3 0 0 0 0 0 0 0 0 0 0 0 0 0 0 0 21 0 0 0 0 0 0 0 0 0 0 0 0 0 0 0 6 0 0 0 0 0 0 0
505 GTG 0 0 0 0 0 0 0 0 0 0 0 0 0 0 40 0 0 0 0 0 0 0 0 0 0 0 0 0 0 0 1 0 0 0 0 0 0 0 6 0 0 0 0 0 17 0 191581 6 0 0 0 0 0 0 0 0 0 0 0 0 0 0 4 0
506 GTG 0 0 0 0 0 0 0 0 0 0 0 0 0 0 35 0 0 0 0 0 0 0 0 0 0 0 0 0 0 0 0 0 0 0 0 0 0 0 1 0 0 0 1 0 24 0 190430 11 0 0 0 0 0 0 0 0 0 0 0 0 0 0 6 0
507 GAG 3 0 31 0 0 0 0 0 0 0 0 0 0 0 0 0 0 0 1 0 0 0 0 0 0 0 0 0 0 0 0 0 20 1 192278 9 0 0 0 0 0 0 35 0 0 0 6 0 0 0 3 0 0 0 0 0 0 0 0 0 0 0 0 0
508 AGA 21 0 0 0 0 0 0 0 193345 0 22 2 8 0 0 0 0 0 0 0 0 0 0 0 0 0 0 0 0 0 0 0 0 0 0 0 0 0 0 0 12 0 0 0 0 0 0 0 0 0 0 0 0 0 0 0 0 0 0 0 0 0 0 0
509 GAA 39 0 0 0 0 0 0 0 0 0 0 0 0 0 0 0 1 0 0 0 0 0 0 0 0 0 0 0 0 0 0 0 193152 0 5 1 0 0 0 0 8 0 0 0 0 0 0 0 3 0 0 0 0 0 0 0 0 0 0 0 0 0 0 0
510 AAA 193828 2 11 2 0 0 0 0 2 0 0 0 1 0 0 0 0 0 0 0 0 0 0 0 0 0 0 0 0 0 0 0 9 0 0 0 0 0 0 0 0 0 0 0 0 0 0 0 0 0 0 0 0 0 0 0 0 0 0 0 0 0 0 0
511 AGA 15 0 0 0 2 0 0 0 191945 0 10 0 3 0 0 0 0 0 0 0 0 0 0 0 1 0 0 0 0 0 0 0 0 0 0 0 0 0 0 0 544 0 0 0 0 0 0 0 0 0 0 0 0 0 0 0 0 0 0 0 0 0 0 0
512 GCA 0 0 0 0 40 0 0 0 0 0 0 0 0 0 0 0 0 0 0 0 0 0 0 0 0 0 0 0 0 0 0 0 6 0 0 0 192415 0 13 0 1 0 0 0 83 0 0 0 0 0 0 0 3 0 0 0 0 0 0 0 0 0 0 0
513 GTT 0 0 0 0 0 0 0 0 0 0 0 0 0 0 0 21 0 0 0 0 1 0 0 0 0 0 0 0 0 0 0 0 0 0 0 2 0 0 0 12 0 0 0 1 11 11 1 177690 0 0 0 0 0 0 0 0 0 0 0 0 0 0 0 2
514 GGA 0 0 0 0 0 0 0 0 35 0 0 0 0 0 0 0 0 0 0 0 0 0 0 0 2 0 0 0 0 0 0 0 28 0 0 0 6 0 0 0 192585 0 23 5 4 0 0 0 0 0 0 0 0 0 0 0 6 0 0 0 0 0 0 0
515 ATA 1 0 0 0 4 0 0 0 0 0 0 0 192570 1 48 2 0 0 0 0 0 0 0 0 0 0 0 0 0 0 0 0 0 0 0 0 0 0 0 0 0 0 0 0 13 0 0 0 0 0 0 0 0 0 0 0 0 0 0 0 3 0 0 0
516 GGA 0 0 0 0 0 0 0 0 18 0 0 0 0 0 0 0 0 0 0 0 0 0 0 0 0 0 0 0 0 0 0 0 13 0 0 0 0 0 0 0 191482 0 9 0 1 0 0 0 0 0 0 0 0 0 0 0 12 0 0 0 0 0 0 0
517 GCT 0 0 0 0 0 0 0 35 0 0 0 0 0 0 0 0 0 0 0 0 0 0 0 0 0 0 0 0 0 0 0 0 0 0 0 7 0 22 1 184845 0 0 0 1 0 0 0 24 0 0 0 0 0 0 0 2 0 0 0 0 0 0 0 0
518 GTC 0 0 0 0 0 0 0 0 0 0 0 0 0 24 0 0 0 0 0 0 0 0 0 0 0 0 0 0 0 0 0 0 0 2 0 0 0 16 0 0 0 2 0 0 7 185016 0 24 0 0 0 0 0 0 0 0 0 0 0 0 0 3 0 0
519 TTC 0 0 0 0 0 0 0 0 0 0 0 0 0 4 0 0 0 0 0 0 0 0 0 0 0 0 0 0 0 9 0 0 0 0 0 0 0 0 0 0 0 0 0 0 0 2 0 0 0 0 0 0 0 19 0 0 0 0 0 0 9 176233 1 3
520 ATT 0 0 0 2 0 0 0 12 0 0 0 0 1 6 0 187180 0 0 0 0 0 0 0 0 0 0 0 0 0 0 0 0 0 0 0 0 0 0 0 0 0 0 0 0 0 0 0 11 0 0 0 0 0 0 0 0 0 0 0 0 0 0 0 4
521 GGG 0 0 0 0 0 0 0 0 0 0 44 0 0 0 0 0 0 0 0 0 0 0 0 0 0 0 1 0 0 0 0 0 0 0 15 0 0 0 0 0 43 1 184985 7 0 0 7 0 0 0 0 0 0 0 0 0 0 0 4 0 0 0 0 0
522 TTC 0 0 0 0 0 0 0 0 0 0 0 0 0 1 0 0 0 0 0 0 0 0 0 0 0 0 0 0 0 4 0 0 0 0 0 0 0 0 0 0 0 0 0 0 0 1 0 0 0 0 0 0 0 12 0 0 0 1 0 0 15 173760 1 4
523 TTA 0 0 0 0 0 0 0 0 0 0 0 0 1 0 0 0 0 0 0 0 0 0 0 0 0 0 0 0 19 0 0 0 0 0 0 0 0 0 0 0 0 0 0 0 1 0 0 0 0 0 0 0 7 0 0 0 1 0 0 0 185163 1 48 1
524 GGA 1 0 0 0 0 0 0 0 35 0 0 0 0 0 0 0 0 0 0 0 0 0 0 0 2 0 0 0 0 0 0 0 56 0 0 0 2 0 0 0 184364 2 19 1 4 0 0 0 0 0 0 0 0 0 0 0 21 0 0 0 0 0 0 0
525 GCA 0 0 0 0 103 0 0 0 0 0 0 0 0 0 0 0 0 0 0 0 0 0 0 0 0 0 0 0 0 0 0 0 9 0 0 0 190173 1 12 0 3 0 0 0 50 0 0 0 0 0 0 0 12 0 0 0 0 0 0 0 0 0 0 0
526 GCA 0 0 0 0 68 0 0 0 0 0 0 0 0 0 0 0 0 0 0 0 1 0 0 0 0 0 0 0 0 0 0 0 9 0 0 0 188552 1 76 3 0 0 0 0 46 0 0 0 0 0 0 0 5 0 0 0 0 0 0 0 0 0 0 0
527 GGA 0 0 0 0 0 0 0 0 33 0 0 0 0 0 0 0 0 0 0 0 0 0 0 0 0 0 0 0 0 0 0 0 36 0 0 0 1 0 0 0 179408 1 15 4 7 0 0 0 0 0 0 0 0 0 0 0 4 0 0 0 0 0 0 0
528 AGC 0 39 0 0 0 2 0 0 3 180455 0 39 0 2 0 0 0 0 0 0 0 0 0 0 0 0 0 0 0 0 0 0 0 0 0 0 0 0 0 0 0 9 0 0 0 0 0 0 0 0 0 0 0 0 0 0 0 2 0 0 0 0 0 0
529 ACT 0 0 0 11 2 52 0 176829 0 0 0 2 0 0 0 13 0 0 0 0 0 0 0 0 0 0 0 0 0 0 0 0 0 0 0 0 0 0 0 5 0 0 0 0 0 0 0 0 0 0 0 0 0 0 0 2 0 0 0 0 0 0 0 0
530 ATG 0 0 2 0 0 0 6 0 0 0 0 0 9 1 173649 5 0 0 0 0 0 0 0 0 0 0 0 0 0 0 0 0 0 0 0 0 0 0 0 0 0 0 0 0 0 0 16 0 0 0 0 0 0 0 0 0 0 0 0 0 0 0 1 0
531 GGC 0 0 0 0 0 0 0 0 0 23 0 0 0 0 0 0 0 0 0 0 0 0 0 0 0 0 0 0 0 0 0 0 0 21 0 0 0 0 0 0 9 168874 2 44 0 5 0 0 0 0 0 0 0 0 0 0 0 9 0 0 0 0 0 0
532 GCG 0 0 1 0 0 0 50 0 0 0 0 0 0 0 0 0 0 0 0 0 0 0 1 0 0 0 0 0 0 0 0 0 0 0 4 0 75 0 187714 8 0 0 0 0 0 0 42 0 0 0 0 0 0 0 7 0 0 0 0 0 0 0 0 0
533 GCG 0 0 0 0 0 0 22 0 0 0 0 0 0 0 0 0 0 0 0 0 0 0 4 0 0 0 0 0 0 0 0 0 0 0 9 0 68 0 171954 6 0 0 2 0 0 0 57 0 0 0 0 0 0 0 3 0 0 0 0 0 0 0 0 0
534 TCA 0 0 0 0 0 0 0 0 0 0 0 1 0 0 0 0 0 0 0 0 23 0 0 0 0 0 0 0 0 0 0 0 0 0 0 0 0 0 0 0 0 0 0 0 0 0 0 0 6 0 0 0 182530 0 65 5 0 0 0 0 28 0 0 0
535 GTA 0 0 0 0 0 0 1 0 0 0 0 0 112 0 0 0 0 0 0 0 0 0 0 0 0 0 0 0 1 0 0 0 1 0 0 0 10 0 0 0 0 0 0 0 180818 0 26 0 0 0 0 0 0 0 0 0 0 0 0 0 0 0 0 0
536 ACG 0 0 10 0 63 1 166871 4 0 0 2 0 0 0 26 0 0 0 0 0 0 0 0 0 0 0 0 0 0 0 1 0 0 0 0 0 0 0 8 0 0 0 0 0 0 0 0 0 0 0 0 0 0 0 0 0 0 0 0 0 0 0 0 0
537 CTG 0 0 0 0 0 0 1 0 0 0 0 0 0 0 7 0 0 0 0 0 0 0 26 0 0 0 1 0 9 0 166225 0 0 0 1 0 0 0 0 0 0 0 0 0 0 0 1 0 0 0 0 0 0 0 0 0 0 0 0 0 0 0 11 0
538 ACG 0 0 4 0 24 0 145009 5 0 0 0 0 0 0 94 0 0 0 0 0 0 0 0 0 0 0 0 0 0 0 0 0 0 0 0 0 0 0 11 0 0 0 0 0 0 0 0 0 0 0 0 0 0 0 0 0 0 0 0 0 0 0 0 0
539 GTA 0 0 0 0 0 0 0 0 0 0 0 0 45 0 0 0 0 0 0 0 0 0 0 0 0 0 0 0 5 0 0 0 2 0 0 0 14 0 0 0 0 0 0 0 163016 0 13 0 0 0 0 0 0 0 0 0 0 0 0 0 11 0 0 0
540 CAG 0 0 6 0 0 0 0 0 0 0 0 0 0 0 0 0 28 2 145899 21 0 0 3 0 0 0 60 0 0 0 4 0 0 0 3 0 0 0 0 0 0 0 0 0 0 0 0 0 0 0 35 0 0 0 0 0 0 0 0 0 0 0 0 0
541 GCC 0 0 0 0 0 80 0 0 0 0 0 0 0 0 0 0 0 0 0 0 0 1 0 0 0 0 0 0 0 0 0 0 0 12 0 0 5 158588 0 6 0 0 0 0 0 36 0 0 0 0 0 0 0 2 0 0 0 0 0 0 0 0 0 0
542 AGA 22 0 0 0 0 0 0 0 180572 0 8 0 0 0 0 0 0 0 0 0 0 0 0 0 0 0 0 0 0 0 0 0 0 0 0 0 0 0 0 0 6 0 0 0 0 0 0 0 0 0 0 0 0 0 0 0 1 0 0 0 0 0 0 0
543 CAA 0 0 0 0 0 0 0 0 0 0 0 0 0 0 0 0 154623 0 4 0 1 0 0 0 3 0 0 0 0 0 0 0 0 0 0 0 0 0 0 0 0 0 0 0 0 0 0 0 6 0 0 0 0 0 0 0 0 0 0 0 0 0 0 0
544 TTA 0 0 0 0 0 0 0 0 0 0 0 0 1 0 0 0 0 0 0 0 0 0 0 0 0 0 0 0 17 0 0 0 0 0 0 0 0 0 0 0 0 0 0 0 3 0 0 0 3 0 0 0 8 0 0 0 0 0 0 0 164724 0 11 3
545 TTG 0 0 0 0 0 0 0 0 0 0 0 0 0 0 6 0 0 0 0 0 0 0 0 0 0 0 0 0 0 0 10 0 0 0 0 0 0 0 0 0 0 0 0 0 0 0 0 0 0 0 0 0 0 0 4 0 0 0 1 0 17 0 168245 2
546 TCT 0 0 0 0 0 0 0 1 0 0 0 0 0 0 0 0 0 0 0 0 0 0 0 7 0 0 0 0 0 0 0 0 0 0 0 0 0 0 0 1 0 0 0 0 0 0 0 0 0 0 0 2 4 18 0 143211 0 0 0 2 0 0 0 21
547 GGT 0 0 0 0 0 0 0 0 0 0 0 20 0 0 0 0 0 0 0 0 0 0 0 0 0 0 0 0 0 0 0 0 0 0 0 25 0 0 0 3 1 9 1 167895 0 0 0 0 0 0 0 0 0 0 0 0 0 0 0 1 0 0 0 0
548 ATA 3 0 0 0 8 0 0 0 0 0 0 0 186447 0 16 0 0 0 0 0 0 0 0 0 0 0 0 0 0 0 0 0 0 0 0 0 0 0 0 0 0 0 0 0 18 0 0 0 0 0 0 0 0 0 0 0 0 0 0 0 0 0 0 0
549 GTG 0 0 0 0 0 0 0 0 0 0 0 0 0 0 18 0 0 0 0 0 0 0 0 0 0 0 0 0 0 0 3 0 0 0 1 0 0 0 16 0 0 0 0 0 62 2 182643 1 0 0 0 0 0 0 0 0 0 0 0 0 0 0 3 0
550 CAA 10 0 0 0 0 0 0 0 0 0 0 0 0 0 0 0 191410 2 32 6 1 0 0 0 12 0 0 0 1 0 0 0 0 0 0 0 0 0 0 0 0 0 0 0 0 0 0 0 31 0 0 0 0 0 0 0 0 0 0 0 0 0 0 0
551 CAG 0 0 5 0 0 0 0 0 0 0 0 0 0 0 0 0 84 0 185721 5 0 0 0 0 0 0 16 0 0 0 0 0 0 0 3 0 0 0 0 0 0 0 0 0 0 0 0 0 0 0 19 0 0 0 0 0 0 0 0 0 0 0 0 0
552 CAA 7 0 0 0 0 0 0 0 0 0 0 0 0 0 0 0 182068 0 14 1 0 0 0 0 9 0 0 0 1 0 0 0 0 0 0 0 0 0 0 0 0 0 0 0 0 0 0 0 12 0 0 0 0 0 0 0 0 0 0 0 0 0 0 0
553 AGC 0 78 0 0 0 0 0 0 6 184035 1 55 0 1 0 0 0 0 0 0 0 0 0 0 0 0 0 0 0 0 0 0 0 0 0 0 0 0 0 0 0 9 0 0 0 0 0 0 0 0 0 0 0 0 0 0 0 1 0 0 0 0 0 0
554 AAT 6 6 3 186647 0 0 0 0 0 0 0 8 0 0 0 3 0 0 0 1 0 0 0 0 0 0 0 0 0 0 0 0 0 0 0 4 0 0 0 0 0 0 0 0 0 0 0 0 0 0 0 3 0 0 0 0 0 0 0 0 0 0 0 0
555 TTG 0 0 0 0 0 0 0 0 0 0 0 0 0 0 2 0 0 0 0 0 0 0 0 0 0 0 0 0 0 0 6 0 0 0 0 0 0 0 0 0 0 0 0 0 0 0 1 0 0 0 1 0 0 0 2 0 0 0 2 0 31 1 188110 3
556 CTG 0 0 0 0 0 0 0 0 0 0 0 0 0 0 5 0 0 0 4 0 0 0 20 0 0 0 0 0 19 0 190482 2 0 0 0 0 0 0 0 0 0 0 0 0 0 0 2 0 0 0 0 0 0 0 0 0 0 0 0 0 0 0 65 0
557 AGG 0 0 71 0 0 0 1 0 31 3 192158 6 0 0 17 0 0 0 0 0 0 0 0 0 0 0 4 0 0 0 0 0 0 0 0 0 0 0 0 0 0 0 69 0 0 0 0 0 0 0 0 0 0 0 0 0 0 0 8 0 0 0 0 0
558 GCT 0 0 0 0 0 0 0 94 0 0 0 0 0 0 0 0 0 0 0 0 0 0 0 0 0 0 0 0 0 0 0 0 0 0 0 8 3 30 0 190401 0 0 0 4 0 0 0 21 0 0 0 0 0 0 0 4 0 0 0 0 0 0 0 0
559 ATA 1 0 0 0 5 0 0 0 0 0 0 0 192929 0 36 2 0 0 0 0 0 0 0 0 0 0 0 0 0 0 0 0 0 0 0 0 0 0 0 0 0 0 0 0 8 0 0 0 0 0 0 0 0 0 0 0 0 0 0 0 0 0 0 0
560 GAG 0 0 19 0 0 0 0 0 0 0 0 0 0 0 0 0 0 0 1 0 0 0 0 0 0 0 0 0 0 0 0 0 22 0 192601 17 0 0 2 0 0 0 32 0 0 0 7 0 0 0 7 0 0 0 0 0 0 0 0 0 0 0 0 0
561 GCT 0 0 0 0 0 0 0 72 0 0 0 0 0 0 0 0 0 0 0 0 0 0 0 6 0 0 0 0 0 0 0 0 0 0 0 13 0 21 1 187296 0 0 0 0 0 0 0 32 0 0 0 0 0 0 0 9 0 0 0 0 0 0 0 0
562 CAA 2 0 0 0 0 0 0 0 0 0 0 0 0 0 0 0 193525 0 11 2 1 0 0 0 29 0 0 0 1 0 0 0 0 0 0 0 0 0 0 0 0 0 0 0 0 0 0 0 3 0 0 0 0 0 0 0 1 0 0 0 0 0 0 0
563 CAG 0 0 8 0 0 0 1 0 0 0 0 0 0 0 0 0 117 3 193160 8 0 0 6 0 0 0 23 0 0 0 1 0 0 0 0 0 0 0 0 0 0 0 0 0 0 0 0 0 0 0 19 0 0 0 0 0 0 0 0 0 0 0 0 0
564 CAT 0 0 0 10 0 0 0 1 0 0 0 0 0 0 0 0 16 5 5 192611 2 0 0 1 0 0 0 5 0 0 0 4 0 0 0 3 0 0 0 0 0 0 0 0 0 0 0 0 0 0 0 33 0 0 0 0 0 0 0 0 0 0 0 0
565 CTG 0 0 0 0 0 0 0 0 0 0 0 0 0 0 16 0 0 0 2 0 0 0 44 0 0 0 4 0 42 5 192107 6 0 0 0 0 0 0 0 0 0 0 0 0 0 0 0 0 0 0 0 0 0 0 0 0 0 0 0 0 0 0 32 0
566 TTG 0 0 0 0 0 0 0 0 0 0 0 0 0 0 0 0 0 0 0 0 0 0 0 0 0 0 0 0 0 0 22 0 0 0 0 0 0 0 0 0 0 0 0 0 0 0 2 0 0 0 0 0 0 0 63 0 0 0 1 0 10 0 193198 1
567 AAA 192763 0 9 1 0 0 0 0 10 2 0 0 1 0 0 0 0 0 0 0 0 0 0 0 0 0 0 0 0 0 0 0 15 0 0 0 0 0 0 0 0 0 0 0 0 0 0 0 0 0 0 0 0 0 0 0 0 0 0 0 0 0 0 0
568 CTC 0 0 0 0 0 0 0 0 0 0 0 0 0 9 0 0 0 2 0 0 0 33 0 0 0 2 0 0 4 191295 0 3 0 0 0 0 0 0 0 0 0 0 0 0 0 1 0 0 0 0 0 0 0 0 0 0 0 0 0 0 0 18 0 0
569 ACG 2 0 14 0 61 2 192767 11 0 0 5 0 0 0 141 0 0 0 0 0 0 0 0 0 0 0 0 0 0 0 0 0 0 0 0 0 0 0 26 0 0 0 0 0 0 0 0 0 0 0 0 0 0 0 3 0 0 0 0 0 0 0 0 0
570 GTC 0 2 0 0 0 0 0 0 0 0 0 0 0 54 0 0 0 0 0 0 0 0 0 0 0 0 0 0 0 3 0 0 0 2 0 0 0 12 0 0 0 0 0 0 4 192683 1 21 0 0 0 0 0 0 0 0 0 0 0 0 0 7 0 0
571 TGG 0 0 0 0 0 0 0 0 0 0 6 0 0 0 0 0 0 0 0 0 0 0 0 0 0 0 62 0 0 0 0 0 0 0 0 0 0 0 0 0 0 0 4 0 0 0 0 0 0 0 10 0 0 0 0 0 32 0 193407 15 0 0 7 0
572 GGC 0 0 0 0 0 0 0 0 0 28 0 0 0 0 0 0 0 0 0 0 0 0 0 0 0 0 0 0 0 0 0 0 0 120 0 0 0 3 0 0 6 193249 1 34 0 4 0 0 0 0 0 0 0 0 0 0 0 3 0 0 0 0 0 0
573 ATT 0 0 0 0 0 0 0 32 0 0 0 2 5 27 1 193430 0 0 0 0 0 0 0 0 0 0 0 0 0 0 0 1 0 0 0 0 0 0 0 0 0 0 0 0 0 0 0 7 0 0 0 0 0 0 0 0 0 0 0 0 0 0 0 0
574 AAA 192016 2 12 8 0 0 0 0 2 0 0 0 3 0 0 0 0 0 0 0 0 0 0 0 0 0 0 0 0 0 0 0 19 0 0 0 0 0 0 0 0 0 0 0 0 0 0 0 1 0 0 0 0 0 0 0 0 0 0 0 0 0 0 0
575 CAG 0 0 8 0 0 0 0 0 0 0 0 0 0 0 0 0 60 1 193668 9 0 0 1 0 0 0 19 0 0 0 0 0 0 0 2 0 0 0 0 0 0 0 0 0 0 0 0 0 0 0 41 0 0 0 0 0 0 0 0 0 0 0 0 0
576 CTC 0 0 0 0 0 0 0 0 0 0 0 0 0 4 0 0 0 1 0 0 0 9 0 0 0 0 0 0 6 192617 0 13 0 0 0 0 0 0 0 0 0 0 0 0 0 0 0 0 0 0 0 0 0 0 0 0 0 0 0 0 0 15 0 0
577 CAG 0 0 4 0 0 0 0 0 0 0 0 0 0 0 0 0 25 0 194080 5 0 0 3 0 0 0 85 0 0 0 2 0 0 0 0 0 0 0 0 0 0 0 0 0 0 0 0 0 0 0 16 0 0 0 0 0 0 0 0 0 0 0 0 0
578 GCA 0 0 0 0 74 0 0 0 0 0 0 0 0 0 0 0 0 0 0 0 0 0 0 0 0 0 0 0 0 0 0 0 6 0 0 0 192969 0 12 2 0 0 0 0 41 0 0 0 0 0 0 0 4 0 0 0 0 0 0 0 0 0 0 0
579 AGA 18 0 0 0 2 0 0 0 193958 1 8 1 12 0 0 0 0 0 0 0 0 0 0 0 2 0 0 0 0 0 0 0 0 0 0 0 0 0 0 0 17 0 0 0 0 0 0 0 0 0 0 0 0 0 0 0 2 0 0 0 0 0 0 0
580 GTC 0 0 0 0 0 0 0 0 0 0 0 0 0 62 0 0 0 0 0 0 0 0 0 0 0 0 0 0 0 5 0 0 0 0 0 0 0 18 0 0 0 0 0 0 8 190995 0 9 0 0 0 0 0 0 0 0 0 0 0 0 0 9 0 0
581 CTA 0 0 0 0 0 0 0 0 0 0 0 0 10 0 0 0 0 0 0 0 6 0 0 0 0 0 0 0 193370 1 29 0 0 0 0 0 0 0 0 0 0 0 0 0 4 0 0 0 0 0 0 0 0 0 0 0 0 0 0 0 11 0 0 0
582 GCT 0 0 0 1 0 0 0 20 0 0 0 0 0 0 0 0 0 0 0 0 0 0 0 2 0 0 0 0 0 0 0 0 0 0 0 10 1 9 1 193601 0 0 0 1 0 0 0 17 0 0 0 0 0 0 0 7 0 0 0 0 0 0 0 0
583 GTG 0 0 0 0 0 0 0 0 0 0 0 0 0 0 16 0 0 0 0 0 0 0 0 0 0 0 0 0 0 0 0 0 0 0 0 0 0 0 35 0 0 0 0 0 14 0 193910 4 0 0 0 0 0 0 0 0 0 0 0 0 0 0 2 0
584 GAA 15 0 0 0 0 0 0 0 0 0 0 0 0 0 0 0 0 0 0 0 0 0 0 0 0 0 0 0 0 0 0 0 193529 0 16 1 0 0 0 0 11 0 0 0 0 0 0 0 3 0 0 0 0 0 0 0 0 0 0 0 0 0 0 0
585 AGA 15 0 0 0 0 0 0 0 193903 0 10 1 10 0 0 0 0 0 0 0 0 0 0 0 1 0 0 0 0 0 0 0 0 0 0 0 0 0 0 0 14 0 0 0 0 0 0 0 0 0 0 0 0 0 0 0 1 0 0 0 0 0 0 0
586 TAC 0 21 0 0 0 0 0 0 0 0 0 0 0 0 0 0 0 9 0 0 0 0 0 0 0 0 0 0 0 0 0 0 0 0 0 0 0 0 0 0 0 0 0 0 0 0 0 0 5 192847 1 17 0 0 0 0 0 22 0 0 0 0 0 0
587 CTA 0 0 0 0 0 0 0 0 0 0 0 0 9 0 0 0 1 0 0 0 27 0 0 0 0 0 0 0 193634 0 5 1 0 0 0 0 0 0 0 0 0 0 0 0 0 0 0 0 0 0 0 0 0 0 0 0 0 0 0 0 4 0 0 0
588 AAG 29 0 193969 5 0 0 6 0 0 0 48 0 0 0 7 0 0 0 1 0 0 0 0 0 0 0 0 0 0 0 0 0 0 0 6 0 0 0 0 0 0 0 0 0 0 0 0 0 0 0 0 0 0 0 0 0 0 0 0 0 0 0 0 0
589 GAT 0 0 0 35 0 0 0 0 0 0 0 0 0 0 0 0 0 0 0 0 0 0 0 0 0 0 0 0 0 0 0 0 6 10 0 192325 0 0 0 0 0 0 0 7 0 0 0 3 0 0 0 5 0 0 0 0 0 0 0 0 0 0 0 0
590 CAA 6 0 0 0 0 0 0 0 0 0 0 0 0 0 0 0 193123 1 14 1 2 0 0 0 24 0 0 0 2 0 0 0 0 0 0 0 0 0 0 0 0 0 0 0 0 0 0 0 18 0 0 0 0 0 0 0 0 0 0 0 0 0 0 0
591 CAG 0 0 5 0 0 0 0 0 0 0 0 0 0 0 0 0 49 0 192761 9 0 0 2 0 0 0 38 0 0 0 1 0 0 0 3 0 0 0 0 0 0 0 0 0 0 0 0 0 0 0 22 0 0 0 0 0 0 0 0 0 0 0 0 0
592 CTC 0 0 0 0 0 0 0 0 0 0 0 0 0 3 0 0 0 1 0 0 0 5 0 0 0 0 0 0 4 192533 1 10 0 0 0 0 0 0 0 0 0 0 0 0 0 1 0 0 0 0 0 0 0 0 0 0 0 0 0 0 0 16 0 0
593 CTA 0 0 0 0 0 0 0 0 0 0 0 0 4 0 0 0 0 0 0 0 45 0 0 0 1 0 0 0 193849 0 23 1 0 0 0 0 0 0 0 0 0 0 0 0 0 0 0 0 0 0 0 0 0 0 0 0 0 0 0 0 10 0 0 0
594 GGA 3 0 0 0 0 0 0 0 67 0 0 0 0 0 0 0 3 0 0 0 0 0 0 0 0 0 0 0 0 0 0 0 25 0 0 0 2 0 0 0 193878 1 7 1 5 0 0 0 0 0 0 0 0 0 0 0 8 0 0 0 0 0 0 0
595 ATT 0 0 0 1 0 0 0 9 0 0 0 2 6 7 0 193978 0 0 0 0 0 0 0 0 0 0 0 0 0 0 0 0 0 0 0 0 0 0 0 0 0 0 0 0 0 0 0 4 0 0 0 0 0 0 0 0 0 0 0 0 0 0 0 6
596 TGG 0 0 0 0 0 0 0 0 0 0 2 0 0 0 0 0 0 0 0 0 0 0 0 0 0 0 18 0 0 0 0 0 0 0 0 0 0 0 0 0 0 0 4 0 0 0 0 0 0 0 20 0 0 0 3 0 56 0 193348 13 0 0 14 0
597 GGC 0 0 0 0 0 0 0 0 0 23 0 0 0 0 0 0 0 0 0 0 0 0 0 0 0 4 0 0 0 0 0 0 0 48 0 0 0 7 0 0 6 193672 6 45 0 7 0 0 0 0 0 0 0 0 0 0 0 1 0 0 0 0 0 0
598 TGC 0 0 0 0 0 0 0 0 0 1 0 0 0 0 0 0 0 0 0 0 0 0 0 0 0 28 0 0 0 0 0 0 0 0 0 0 0 0 0 0 0 0 0 0 0 0 0 0 0 146 0 0 0 2 0 0 9 324100 11 47 0 4 0 0
599 TCT 0 0 0 0 0 0 0 63 0 0 0 0 0 0 0 0 0 0 0 0 0 0 0 30 0 0 0 0 0 0 0 0 0 0 0 0 0 0 0 1 0 0 0 0 0 0 0 0 0 0 0 13 5 134 7 278430 0 0 0 2 0 0 0 13
600 GGA 0 0 0 0 0 0 0 0 63 0 0 0 0 0 0 0 0 0 0 0 0 0 0 0 0 0 0 0 0 0 0 0 89 0 0 0 2 0 0 0 323137 0 13 4 13 0 0 0 0 0 0 0 0 0 0 0 7 0 0 0 0 0 0 0
601 AAA 324801 0 7 1 0 0 0 0 7 0 0 0 3 0 0 0 0 0 0 0 0 0 0 0 0 0 0 0 0 0 0 0 9 0 0 0 0 0 0 0 0 0 0 0 0 0 0 0 0 0 0 0 0 0 0 0 0 0 0 0 0 0 0 0
602 CTC 0 0 0 0 0 0 0 0 0 0 0 0 0 7 0 0 0 4 0 0 0 25 0 0 0 0 0 0 6 323818 1 17 0 0 0 0 0 0 0 0 0 0 0 0 0 2 0 0 0 0 0 0 0 0 0 0 0 0 0 0 0 44 0 0
603 ATC 0 0 0 0 1 11 0 0 0 1 0 0 12 324709 2 35 0 0 0 0 0 0 0 0 0 0 0 0 0 1 0 0 0 0 0 0 0 0 0 0 0 0 0 0 0 16 0 0 0 0 0 0 0 0 0 0 0 0 0 0 0 3 0 0
604 TGC 0 1 0 0 0 0 0 0 0 4 0 0 0 0 0 0 0 0 0 0 0 0 0 0 0 45 0 0 0 0 0 0 0 0 0 0 0 0 0 0 0 2 0 0 0 0 0 0 0 125 0 0 0 7 0 0 10 324392 1 103 0 8 0 0
605 ACC 0 10 0 0 6 324562 0 30 0 2 0 0 0 32 0 0 0 0 0 0 0 2 0 0 0 0 0 0 0 0 0 0 0 0 0 0 0 11 0 0 0 0 0 0 0 0 0 0 0 0 0 0 0 5 0 0 0 0 0 0 0 0 0 0
606 ACT 0 0 0 7 1 54 1 323510 0 0 0 5 0 0 0 21 0 0 0 0 0 0 0 0 0 0 0 0 0 0 0 0 0 0 0 0 0 0 0 3 0 0 0 0 0 0 0 0 0 0 0 0 0 0 0 2 0 0 0 0 0 0 0 0
607 AAT 64 14 1 324238 0 0 0 0 0 0 0 17 0 0 0 4 0 0 0 0 0 0 0 0 0 0 0 0 0 0 0 0 0 0 0 26 0 0 0 0 0 0 0 0 0 0 0 0 0 0 0 3 0 0 0 0 0 0 0 0 0 0 0 0
608 GTG 0 0 0 0 0 0 0 0 0 0 0 0 0 0 77 0 0 0 0 0 0 0 0 0 0 0 0 0 0 0 3 0 0 0 2 0 0 0 15 0 0 0 0 0 83 1 324092 13 0 0 0 0 0 0 0 0 0 0 0 0 0 0 6 0
609 CCC 0 0 0 0 0 11 0 0 0 0 0 0 0 0 0 0 0 12 0 0 26 324190 1 16 0 1 0 0 0 21 0 0 0 0 0 0 0 4 0 0 0 0 0 0 0 0 0 0 0 0 0 0 0 80 0 0 0 0 0 0 0 0 0 0
610 TGG 0 0 0 0 0 0 0 0 0 0 20 0 0 0 0 0 0 0 0 0 0 0 0 0 0 0 186 0 0 0 0 0 0 0 0 0 0 0 0 0 0 0 27 0 0 0 0 0 0 0 37 0 0 0 2 0 36 1 324252 7 1 0 0 0
611 AAC 17 323565 3 47 0 0 0 0 1 11 0 0 0 0 0 0 0 0 0 0 0 0 0 0 0 0 0 0 0 0 0 0 0 17 0 0 0 0 0 0 0 0 0 0 0 0 0 0 0 1 0 0 0 0 0 0 0 0 0 0 0 0 0 0
612 TCT 0 0 0 0 0 0 0 7 0 0 0 0 0 0 0 0 0 0 0 0 0 0 0 20 0 0 0 0 0 0 0 0 0 0 0 0 0 0 0 3 0 0 0 0 0 0 0 0 0 0 0 44 6 34 2 324119 0 0 0 4 0 0 0 29
613 AGT 1 0 0 63 0 0 0 7 42 15 2 324328 0 0 0 17 0 0 0 0 0 0 0 0 0 0 0 0 0 0 0 0 0 0 0 0 0 0 0 0 0 0 0 42 0 0 0 4 0 0 0 0 0 0 0 0 0 0 0 4 0 0 0 0
614 TGG 0 0 0 0 0 0 0 0 0 0 13 0 0 0 0 0 0 0 0 0 0 0 0 0 0 0 16 0 0 0 0 0 0 0 0 0 0 0 0 0 0 0 2 0 0 0 0 0 0 0 53 0 0 0 2 0 43 1 324412 6 0 0 8 0
615 AGT 0 0 0 137 0 0 0 1 16 32 2 323385 0 0 0 7 0 0 0 0 0 0 0 0 0 0 0 0 0 0 0 0 0 0 0 0 0 0 0 0 0 0 0 49 0 0 0 0 0 0 0 0 0 0 0 0 0 0 0 5 0 0 0 0
616 AAT 20 15 1 323752 0 0 0 7 0 0 0 6 0 0 0 4 0 0 0 2 0 0 0 0 0 0 0 0 0 0 0 0 0 0 0 14 0 0 0 0 0 0 0 0 0 0 0 0 0 0 0 0 0 0 0 0 0 0 0 0 0 0 0 0
617 AAA 323596 2 9 12 1 0 0 0 13 0 0 0 2 0 0 0 1 0 0 0 0 0 0 0 0 0 0 0 0 0 0 0 67 0 0 0 0 0 0 0 0 0 0 0 0 0 0 0 3 0 0 0 0 0 0 0 0 0 0 0 0 0 0 0
618 TCC 0 0 0 0 0 6 0 0 0 0 0 0 0 0 0 0 0 0 0 0 0 15 0 0 0 0 0 0 0 0 0 0 0 0 0 0 0 2 0 0 0 0 0 0 0 0 0 0 0 6 0 0 19 322474 1 23 0 0 0 0 0 24 0 0
619 CAG 0 0 12 0 0 0 0 0 0 0 0 0 0 0 0 0 51 2 323687 21 0 0 9 0 0 0 113 0 0 0 6 0 0 0 0 0 0 0 0 0 0 0 0 0 0 0 0 0 0 0 18 0 0 0 0 0 0 0 0 0 0 0 0 0
620 GAT 0 0 0 86 0 0 0 0 0 0 0 0 0 0 0 1 0 0 0 0 0 0 0 0 0 0 0 0 0 0 0 0 26 20 2 322542 0 0 0 0 0 0 0 8 0 0 0 1 0 0 0 10 0 0 0 0 0 0 0 0 0 0 0 0
621 GAG 7 0 93 0 0 0 0 0 0 0 0 0 0 0 1 0 0 0 0 0 0 0 0 0 0 0 0 0 0 0 0 0 79 2 321137 25 0 0 0 0 0 0 90 0 0 0 15 0 0 0 18 0 0 0 0 0 0 0 0 0 0 0 0 0
622 ATA 11 0 0 0 13 0 0 0 1 0 0 0 323009 2 22 9 0 0 0 0 3 0 0 0 0 0 0 0 0 0 0 0 0 0 0 0 0 0 0 0 0 0 0 0 11 0 0 0 0 0 0 0 0 0 0 0 0 0 0 0 0 0 0 0
623 TGG 0 0 1 0 0 0 0 0 0 0 30 0 0 0 0 0 0 0 0 0 0 0 0 0 0 0 7 0 0 0 0 0 0 0 0 0 0 0 0 0 0 0 6 0 0 0 0 0 0 0 42 0 0 0 0 0 68 0 323951 22 0 0 29 0
624 GGA 1 0 0 0 0 0 0 0 93 0 0 0 0 0 0 0 0 0 0 0 0 0 0 0 3 0 0 0 0 0 0 0 90 0 0 0 3 0 0 0 321064 0 13 4 18 0 0 0 0 0 0 0 0 0 0 0 8 0 0 0 0 0 0 0
625 AAC 12 323507 5 62 4 3 0 0 0 46 0 0 0 7 0 0 0 0 0 0 0 0 0 0 0 0 0 0 0 0 0 0 0 19 0 0 0 0 0 0 0 0 0 0 0 0 0 0 0 2 0 0 0 0 0 0 0 0 0 0 0 0 0 0
626 ATG 0 0 10 0 5 0 36 0 0 0 2 0 57 1 322621 8 0 0 0 0 0 0 0 0 0 0 0 0 0 0 1 0 0 0 0 0 0 0 0 0 0 0 0 0 0 0 48 0 0 0 0 0 0 0 0 0 0 0 0 0 0 0 2 0
627 ACC 0 14 0 0 35 323407 2 39 0 4 0 0 0 46 0 0 0 0 0 0 0 0 0 0 0 0 0 0 0 0 0 0 0 0 0 0 0 50 0 0 0 0 0 0 0 0 0 0 0 0 0 0 0 0 0 0 0 0 0 0 0 0 0 0
628 TGG 0 0 0 0 0 0 0 0 0 0 5 0 0 0 0 0 0 0 0 0 0 0 0 0 0 0 19 0 0 0 0 0 0 0 0 0 0 0 0 0 0 0 1 0 0 0 0 0 3 0 55 0 0 0 1 0 101 5 317160 10 0 0 6 0
629 CTG 0 0 0 0 0 0 0 0 0 0 0 0 0 0 25 0 3 0 9 0 0 0 43 0 0 0 4 0 275 6 317641 13 0 0 0 0 0 0 0 0 0 0 0 0 0 0 2 0 0 0 0 0 0 0 0 0 0 0 0 0 0 0 88 0
630 CAA 80 0 0 0 0 0 0 0 0 0 0 0 0 0 0 0 321746 2 28 3 1 0 0 0 21 0 0 0 12 0 0 1 7 0 0 0 0 0 0 0 0 0 0 0 0 0 0 0 126 0 0 1 0 0 0 0 0 0 0 0 0 0 0 0
631 TGG 0 0 2 0 0 0 0 0 0 0 19 0 0 0 1 0 0 0 1 0 0 0 0 0 0 0 8 0 0 0 0 0 0 0 0 0 0 0 0 0 0 0 2 0 0 0 0 0 0 0 50 0 0 0 0 0 41 1 320301 13 0 0 30 0
632 GAT 0 0 0 66 0 0 0 0 0 0 0 0 0 0 0 2 0 0 0 2 0 0 0 0 0 0 0 0 0 0 0 0 9 17 0 321787 0 0 0 0 0 0 0 8 0 0 0 0 0 0 0 19 0 0 0 0 0 0 0 0 0 0 0 0
633 AAA 322644 5 31 9 1 0 0 0 30 0 0 0 5 0 0 0 2 0 0 0 0 0 0 0 0 0 0 0 0 0 0 0 39 0 0 0 0 0 0 0 0 0 0 0 0 0 0 0 1 0 0 0 0 0 0 0 0 0 0 0 0 0 0 0
634 GAA 54 0 2 0 0 0 0 0 0 0 0 0 0 0 0 0 4 0 0 0 0 0 0 0 0 0 0 0 0 0 0 0 318061 1 5 0 0 0 0 0 12 0 0 0 1 0 0 0 9 0 0 0 0 0 0 0 0 0 0 0 0 0 0 0
635 GTT 0 0 0 1 0 0 0 0 0 0 0 0 0 0 0 77 0 0 0 0 0 0 0 0 0 0 0 0 0 0 0 1 0 0 0 22 0 0 0 10 0 0 0 2 6 11 2 316649 0 0 0 0 0 0 0 0 0 0 0 0 0 0 0 7
636 AGC 0 131 0 2 0 5 0 0 38 319494 4 147 0 9 0 0 0 0 0 0 0 0 0 0 0 1 0 0 0 0 0 0 0 0 0 0 0 0 0 0 0 23 0 0 0 0 0 0 0 0 0 0 0 0 0 0 0 1 0 0 0 0 0 0
637 AAT 48 25 3 322703 0 1 0 1 0 0 0 18 0 0 0 4 0 0 0 0 0 0 0 0 0 0 0 0 0 0 0 0 0 0 0 2 0 0 0 0 0 0 0 0 0 0 0 0 0 0 0 6 0 0 0 0 0 0 0 0 0 0 0 0
638 TAC 0 44 0 0 0 0 0 0 0 0 0 0 0 0 0 0 0 21 0 0 0 0 0 0 0 0 0 0 0 0 0 0 0 0 0 0 0 0 0 0 0 0 0 0 0 0 0 0 21 316932 2 84 0 3 0 0 0 19 0 0 0 6 0 0
639 ACA 25 0 0 0 319659 3 17 8 4 0 0 0 49 0 0 0 0 0 0 0 1 0 0 0 0 0 0 0 0 0 0 0 0 0 0 0 14 0 0 0 0 0 0 0 0 0 0 0 0 0 0 0 2 0 0 0 0 0 0 0 0 0 0 0
640 CAG 0 0 18 0 0 0 0 0 0 0 0 0 0 0 0 0 55 0 318772 1 0 0 2 0 0 0 40 0 0 0 5 0 0 0 6 0 0 0 0 0 0 0 0 0 0 0 0 0 0 0 57 0 0 0 0 0 0 0 0 0 0 0 1 0
641 ATA 33 0 0 0 31 0 0 0 1 0 0 0 313249 7 29 4 0 0 0 0 0 0 0 0 0 0 0 0 1 0 0 0 0 0 0 0 0 0 0 0 0 0 0 0 6 0 0 0 0 0 0 0 0 0 0 0 0 0 0 0 1 0 0 0
642 ATA 34 0 0 4 19 0 0 0 0 0 0 0 314703 0 9 3 0 0 0 0 0 0 0 0 0 0 0 0 3 0 0 0 0 0 0 0 0 0 0 0 0 0 0 0 10 0 0 0 0 0 0 0 0 0 0 0 0 0 0 0 5 0 0 0
643 TAT 0 0 0 17 0 0 0 0 0 0 0 0 0 0 0 1 0 0 0 10 0 0 0 0 0 0 0 0 0 0 0 0 0 0 0 0 0 0 0 0 0 0 0 0 0 0 0 0 79 12 6 315071 0 0 0 0 0 0 0 13 0 0 0 4
644 ACT 1 0 0 28 16 13 0 285766 0 0 0 7 1 0 0 42 0 0 0 1 5 0 0 4 0 0 0 0 0 0 0 0 0 0 0 1 0 0 0 36 0 0 0 0 0 0 0 0 0 0 0 0 0 0 0 11 0 0 0 0 0 0 0 0
645 CTA 0 0 0 0 0 0 0 0 0 0 0 0 22 0 0 0 4 0 0 0 21 0 0 0 3 0 0 0 301423 1 21 0 0 0 0 0 0 0 0 0 0 0 0 0 3 0 0 0 0 0 0 0 0 0 0 1 0 0 0 0 46 0 0 0
646 ATT 0 0 0 2 0 0 0 12 0 0 0 4 17 8 7 297408 0 0 0 0 0 0 0 0 0 0 0 0 0 0 0 1 0 0 0 0 0 0 0 0 0 0 0 0 0 0 0 9 0 0 0 0 0 0 0 0 0 0 0 0 0 0 1 1
647 GAA 66 0 2 0 0 0 0 0 0 0 0 0 0 0 0 0 4 0 0 0 0 0 0 0 0 0 0 0 0 0 0 0 290993 10 44 23 0 0 0 0 33 0 0 0 3 0 0 0 3 0 0 0 0 0 0 0 0 0 0 0 0 0 0 0
648 GAA 43 0 0 2 0 0 0 0 0 0 0 0 0 0 0 0 0 0 0 0 0 0 0 0 0 0 0 0 0 0 0 0 283459 1 14 3 2 0 0 0 3 0 0 0 0 0 0 0 15 0 0 0 0 0 0 0 0 0 0 0 0 0 0 0
649 TCG 0 0 0 1 0 0 4 0 0 0 0 0 0 1 0 0 0 0 0 0 1 0 6 0 0 0 0 0 0 0 0 0 0 0 0 0 0 0 0 0 0 0 0 0 0 0 0 0 0 0 4 0 198 0 221282 4 0 0 0 0 0 0 46 0
650 CAG 0 0 6 0 1 0 0 0 3 0 0 0 0 0 0 0 42 2 267502 4 0 0 1 0 0 0 84 0 0 0 7 0 0 0 0 0 2 0 0 0 0 0 0 0 0 0 0 0 0 0 62 0 0 0 0 0 0 0 0 0 0 0 0 0
651 AAC 4 301257 3 18 0 2 0 0 3 6 0 0 0 0 0 0 0 0 0 0 0 0 0 0 0 0 0 0 0 0 0 0 1 6 0 0 0 0 0 0 0 0 0 0 0 0 0 0 0 0 0 0 0 0 0 0 0 0 0 0 0 0 0 0
652 CAG 0 0 1 0 0 0 0 0 0 0 0 0 0 0 0 0 76 0 128976 3 0 0 0 0 0 0 3 0 0 0 2 0 0 0 0 0 0 0 0 0 0 0 0 0 0 0 0 0 0 0 12 0 0 0 0 0 0 0 0 0 0 0 0 0
653 CAA 15 0 0 0 0 0 0 0 0 0 0 0 0 0 0 0 175468 0 2 1 0 0 0 0 2 0 0 0 0 0 0 0 0 0 0 0 0 0 0 0 0 0 0 0 0 0 0 0 69 0 0 0 0 0 0 0 0 0 0 0 0 0 0 0
654 GAA 335 0 0 0 0 0 0 0 0 0 0 0 0 0 0 0 2 0 0 0 0 0 0 0 0 0 0 0 0 0 0 0 221509 0 7 0 0 0 0 0 6 0 0 0 1 0 0 0 3 0 0 0 0 0 0 0 0 0 0 0 0 0 0 0
655 AAA 275121 0 6 2 1 0 0 0 3 0 0 0 0 0 0 0 2 0 0 0 0 0 0 0 0 0 0 0 0 0 0 0 8 0 0 0 0 0 0 0 0 0 0 0 0 0 0 0 1 0 0 0 0 0 0 0 0 0 0 0 0 0 0 0
656 AAT 34 8 1 266809 0 0 0 0 0 0 0 8 0 0 0 47 0 0 0 2 0 0 0 0 0 0 0 0 0 0 0 0 0 0 0 5 0 0 0 0 0 0 0 0 0 0 0 0 0 0 0 2 0 0 0 0 0 0 0 0 0 0 0 0
657 GAA 101 5 0 0 0 0 0 0 1 0 0 0 0 0 1 0 1 0 2 0 0 0 0 0 1 0 0 0 0 0 0 0 268748 0 18 0 1 0 0 0 8 0 0 0 0 0 0 0 5 0 0 0 0 0 0 0 3 0 0 0 0 0 0 0
658 CAA 27 1 4 0 2 0 0 0 3 0 0 0 0 0 2 0 226744 4 13 3 0 0 0 0 18 0 0 0 0 0 0 0 4 0 0 0 0 0 0 0 0 0 0 0 0 0 0 0 27 0 0 0 0 0 0 0 1 0 0 0 0 0 0 0
659 GAC 4 51 1 16 0 0 0 1 0 0 0 0 0 0 0 0 0 0 1 0 0 0 0 0 0 0 0 0 0 0 0 0 24 222928 2 34 0 0 0 0 0 5 0 0 0 3 0 0 0 16 0 0 0 0 0 0 0 0 0 0 0 0 0 0
660 TTA 5 0 0 1 0 0 0 2 1 0 0 0 18 0 0 0 3 0 0 0 0 0 0 0 0 0 0 0 13 0 0 0 18 1 0 0 0 0 0 0 0 0 0 0 4 0 0 0 3 0 0 2 13 0 0 0 3 0 0 0 261650 0 6 4
661 TTA 1 0 0 2 0 0 0 0 0 0 0 0 26 0 0 5 11 0 0 0 0 0 0 0 0 0 0 0 18 0 0 0 4 0 0 0 0 0 0 0 0 0 0 0 4 0 0 0 6 0 3 0 3 0 0 0 4 0 0 0 289728 0 31 3
662 GCA 5 0 0 0 110 0 0 0 0 2 0 1 0 0 0 0 0 0 0 1 8 0 0 0 0 0 0 0 0 0 0 0 18 0 0 0 293588 1 6 3 3 0 0 0 62 0 0 0 0 0 0 0 17 0 0 0 0 0 0 0 0 0 0 0
663 TTG 1 0 0 3 0 0 0 0 0 0 0 0 0 0 11 0 2 0 1 0 0 0 0 0 0 0 0 0 0 0 14 0 0 0 0 0 0 0 0 0 0 0 0 0 0 0 3 0 1 0 3 1 0 0 21 0 1 0 1 0 76 0 243913 11
664 GAC 0 70 0 0 0 0 0 0 0 0 0 0 0 0 0 0 0 1 0 0 0 0 0 0 0 0 0 0 0 0 0 0 87 304191 2 63 0 1 0 0 0 52 0 0 0 2 0 0 0 7 0 0 0 0 0 0 0 0 0 0 0 0 0 0
665 AAG 81 5 315912 5 0 0 7 0 0 0 37 0 0 0 11 1 0 0 2 0 0 0 0 0 0 0 0 0 0 0 0 0 0 0 44 0 0 0 0 0 0 0 0 0 0 0 0 0 0 0 4 0 0 0 0 0 0 0 0 0 0 0 0 0
666 TGG 0 0 0 0 0 0 0 0 0 0 8 0 0 0 0 0 0 0 0 0 0 0 0 0 0 0 12 0 0 0 0 0 0 0 0 0 0 0 0 0 0 0 1 0 0 0 0 0 0 0 44 0 0 0 0 0 37 0 287346 1 0 0 19 0
667 GCA 0 0 0 0 144 0 0 0 0 0 0 0 0 0 0 0 0 0 0 0 0 0 0 0 0 0 0 0 0 0 0 0 13 0 0 0 203214 0 13 0 1 0 0 0 136 0 0 0 0 0 0 0 7 0 0 0 0 0 0 0 0 0 0 0
668 AGT 0 0 0 49 0 0 0 0 2 15 1 280202 0 0 0 5 0 0 0 0 0 0 0 0 0 0 0 0 0 0 0 0 0 0 0 0 0 0 0 0 0 0 0 17 0 0 0 0 0 0 0 0 0 0 0 0 0 0 0 2 0 0 0 0
669 CTG 0 0 0 0 0 0 0 0 0 0 0 0 0 0 15 0 0 0 8 0 0 0 76 0 0 0 9 0 81 3 268947 2 0 0 0 0 0 0 0 0 0 0 0 0 0 0 0 0 0 0 0 0 0 0 0 0 0 0 0 0 0 0 24 0
670 TGG 0 0 0 0 0 0 0 0 0 0 8 0 0 0 0 0 0 0 0 0 0 0 0 0 0 0 43 0 0 0 0 0 0 0 0 0 0 0 0 0 0 0 3 0 0 0 0 0 0 0 38 0 0 0 0 0 58 4 305524 7 0 0 4 0
671 AAT 7 26 1 320874 0 0 0 1 0 0 0 12 0 0 0 1 0 0 0 1 0 0 0 0 0 0 0 0 0 0 0 0 0 0 0 10 0 0 0 0 0 0 0 0 0 0 0 0 0 0 0 0 0 0 0 0 0 0 0 0 0 0 0 0
672 TGG 0 0 0 0 0 0 0 0 0 0 11 0 0 0 0 0 0 0 0 0 0 0 0 0 0 0 19 0 0 0 0 0 0 0 0 0 0 0 0 0 0 0 0 0 0 0 0 0 0 0 39 0 0 0 0 0 44 4 311017 8 0 0 8 0
673 TTT 0 0 0 0 0 0 0 0 0 0 0 0 0 0 0 3 0 0 0 0 0 0 0 0 0 0 0 0 0 0 0 17 0 0 0 0 0 0 0 0 0 0 0 0 0 0 0 0 0 0 0 33 0 0 0 16 0 0 0 1 5 21 2 319746
674 AAC 31 319538 8 48 0 2 0 0 0 21 0 0 0 12 0 0 0 2 0 0 0 0 0 0 0 0 0 0 0 0 0 0 0 36 0 0 0 0 0 0 0 0 0 0 0 0 0 0 0 13 0 0 0 1 0 0 0 0 0 0 0 0 0 0
675 ATC 0 6 0 0 0 22 0 0 0 0 0 0 16 314516 1 37 0 0 0 0 0 0 0 0 0 0 0 0 0 4 0 0 0 0 0 0 0 0 0 0 0 0 0 0 0 3 0 0 0 0 0 0 0 0 0 0 0 0 0 0 0 8 0 0
676 TCA 0 0 0 0 16 0 0 0 0 0 0 0 0 0 0 0 1 0 0 0 53 0 0 0 0 0 0 0 0 0 0 0 0 0 0 0 1 0 0 0 0 0 0 0 0 0 0 0 7 0 0 0 314625 0 30 3 0 0 0 0 33 0 0 0
677 CAA 17 0 0 0 0 0 0 0 0 0 0 0 0 0 0 0 321471 0 29 5 1 0 0 0 38 0 0 0 0 0 0 0 6 0 0 0 0 0 0 0 0 0 0 0 0 0 0 0 41 0 0 0 0 0 0 0 0 0 0 0 0 0 0 0
678 TGG 0 0 0 0 0 0 0 0 0 0 4 0 0 0 0 0 0 0 0 0 0 0 0 0 0 0 4 0 0 0 0 0 0 0 0 0 0 0 0 0 0 0 1 0 0 0 0 0 1 0 36 0 0 0 0 0 111 1 317888 16 0 0 9 0
679 CTG 0 0 0 0 0 0 0 0 0 0 0 0 0 0 13 0 0 0 3 0 0 0 23 0 0 0 7 0 73 0 295780 7 0 0 0 0 0 0 0 0 0 0 0 0 0 0 7 0 0 0 0 0 0 0 0 0 0 0 0 0 0 0 46 0
680 TGG 0 0 0 0 0 0 0 0 0 0 4 0 0 0 0 0 0 0 1 0 0 0 0 0 0 0 10 0 0 0 0 0 0 0 0 0 0 0 0 0 0 0 5 0 0 0 0 0 0 0 55 0 0 0 0 0 86 3 305866 7 0 0 8 0
681 TAT 0 0 0 3 0 0 0 0 0 0 0 0 0 0 0 0 0 0 0 40 0 0 0 0 0 0 0 0 0 0 0 0 0 0 0 2 0 0 0 0 0 0 0 0 0 0 0 0 15 29 1 323805 0 0 0 2 0 0 0 20 0 0 0 6
682 ATA 8 0 0 0 16 0 0 0 3 0 0 0 324387 0 17 2 0 0 0 0 0 0 0 0 0 0 0 0 0 0 0 0 0 0 0 0 0 0 0 0 0 0 0 0 9 0 0 0 0 0 0 0 0 0 0 0 0 0 0 0 0 0 0 0
683 AAG 59 0 324181 5 0 0 3 0 0 0 21 0 0 0 6 0 0 0 1 0 0 0 0 0 0 0 0 0 0 0 0 0 0 0 16 0 0 0 0 0 0 0 0 0 0 0 0 0 0 0 8 0 0 0 0 0 0 0 0 0 0 0 0 0
684 ATA 17 0 0 0 19 0 0 0 1 0 0 0 323994 2 10 7 0 0 0 0 0 0 0 0 0 0 0 0 0 0 0 0 0 0 0 0 0 0 0 0 0 0 0 0 5 0 0 0 0 0 0 0 0 0 0 0 1 0 0 0 1 0 0 0
685 TTT 0 0 0 1 0 0 0 0 0 0 0 0 0 0 0 7 0 0 0 0 0 0 0 0 0 0 0 0 0 0 0 24 0 0 0 0 0 0 0 0 0 0 0 0 0 0 0 3 0 0 0 27 0 0 0 22 0 0 0 1 23 8 1 322814
686 ATA 14 0 0 0 19 0 0 0 1 0 0 0 323840 0 26 0 0 0 0 0 0 0 0 0 0 0 0 0 2 0 0 0 0 0 0 0 0 0 0 1 0 0 0 0 8 0 0 0 0 0 0 0 0 0 0 0 0 0 0 0 12 0 0 0
687 ATA 21 6 0 0 13 0 0 0 0 0 0 0 324382 5 21 1 0 0 0 0 0 0 0 0 0 0 0 0 4 0 0 0 0 0 0 0 0 0 0 0 0 0 0 0 12 0 0 0 0 0 0 2 0 0 0 0 0 0 0 0 9 0 0 0
688 ATA 8 0 0 0 17 0 0 0 0 0 0 0 324164 2 59 2 0 0 0 0 0 0 0 0 0 0 0 0 0 0 0 0 0 0 0 0 0 0 0 0 0 0 0 0 9 0 0 0 0 0 0 0 0 0 0 0 0 0 0 0 4 0 0 0
689 GTA 0 0 0 0 0 0 0 0 0 0 0 0 96 0 0 0 0 0 0 0 0 0 0 0 0 0 0 0 6 0 0 0 2 0 0 0 10 0 0 0 1 0 0 0 324249 1 61 4 0 0 0 0 0 0 0 0 0 0 0 0 7 0 0 0
690 GGA 0 0 0 0 0 0 0 0 41 0 0 0 0 0 0 0 0 0 0 0 0 0 0 0 1 0 0 0 0 0 0 0 66 0 0 0 0 0 0 0 323612 2 50 10 5 0 0 0 0 0 0 0 0 0 0 0 17 0 0 0 1 0 0 0
691 GGC 0 8 0 0 0 0 0 0 0 64 0 0 0 0 0 0 0 1 0 0 0 0 0 0 0 3 0 0 0 0 0 0 1 84 0 0 0 9 0 0 28 321260 7 54 0 21 0 0 0 0 0 0 0 0 0 0 0 4 0 0 0 0 0 0
692 TTA 8 0 0 0 0 0 0 0 0 0 0 0 59 0 0 0 0 0 0 0 0 0 0 0 0 0 0 0 19 0 0 0 0 0 0 0 0 0 0 0 0 0 0 0 7 0 0 0 9 0 0 2 52 0 0 0 1 0 0 0 323109 3 12 3
693 ATA 10 0 0 0 20 0 0 0 2 0 0 0 324280 2 132 5 0 0 0 0 0 0 0 0 0 0 0 0 2 0 0 0 0 0 0 0 0 0 0 0 0 0 0 0 20 0 0 0 0 0 0 0 0 0 0 0 0 0 0 0 0 0 0 0
694 GGA 0 0 0 0 0 0 0 0 51 0 0 0 0 0 0 0 0 0 0 0 0 0 0 0 0 0 0 0 0 0 0 0 42 0 0 0 1 0 0 0 323401 0 9 0 10 0 0 0 0 0 0 0 0 0 0 0 34 0 0 0 0 0 0 0
695 TTA 0 0 0 0 0 0 0 0 0 0 0 0 10 0 0 0 0 0 0 0 0 0 0 0 0 0 0 0 25 0 0 0 0 0 0 0 0 0 0 0 0 0 0 0 1 0 0 0 16 0 0 0 22 0 0 0 3 0 0 0 323449 1 43 2
696 AGA 93 0 0 0 1 0 0 0 324018 0 4 0 2 0 0 0 0 0 0 0 0 0 0 0 2 0 0 0 0 0 0 0 0 0 0 0 0 0 0 0 11 0 0 0 0 0 0 0 0 0 0 0 0 0 0 0 2 0 0 0 0 0 0 0
697 ATA 0 0 0 0 7 0 0 0 0 0 0 0 324419 0 42 2 0 0 0 0 0 0 0 0 0 0 0 0 2 0 0 0 0 0 0 0 0 0 0 0 0 0 0 0 8 0 0 0 0 0 0 0 0 0 0 0 0 0 0 0 4 0 0 0
698 GTT 0 0 0 0 0 0 0 0 0 0 0 1 0 0 0 88 0 0 0 0 0 0 0 0 0 0 0 0 0 0 0 4 0 0 0 1 0 0 0 23 0 0 0 0 8 22 1 324109 0 0 0 0 0 0 0 0 0 0 0 0 0 0 0 11
699 TTT 0 0 0 0 0 0 0 0 0 0 0 0 0 0 0 21 0 0 0 0 0 0 0 0 0 0 0 0 0 0 0 17 0 0 0 0 0 0 0 0 0 0 0 0 0 0 0 2 0 0 0 10 0 0 0 22 0 0 0 1 5 17 3 324281
700 GCA 0 0 0 0 124 0 0 0 0 0 0 0 0 0 0 0 0 0 0 0 2 0 0 0 0 0 0 0 0 0 0 0 12 0 0 0 323731 4 76 14 2 0 0 0 324 0 0 0 0 0 0 0 18 0 2 0 0 0 0 0 0 0 0 0
701 GTG 0 0 1 0 0 0 0 0 0 0 0 0 0 0 85 0 0 0 0 0 0 0 0 0 0 0 0 0 0 0 5 0 1 0 6 0 0 0 5 0 0 0 7 0 280 2 324085 4 0 0 0 0 0 0 0 0 0 0 0 0 0 0 17 0
702 CTT 0 0 0 0 0 0 0 0 0 0 0 0 0 0 0 23 0 0 0 7 0 0 0 25 0 0 0 6 15 26 0 324626 0 0 0 0 0 0 0 0 0 0 0 0 0 0 0 1 0 0 0 0 0 0 0 0 0 0 0 0 0 0 0 51
