# POSITION WT AAA AAC AAG AAT ACA ACC ACG ACT AGA AGC AGG AGT ATA ATC ATG ATT CAA CAC CAG CAT CCA CCC CCG CCT CGA CGC CGG CGT CTA CTC CTG CTT GAA GAC GAG GAT GCA GCC GCG GCT GGA GGC GGG GGT GTA GTC GTG GTT TAA TAC TAG TAT TCA TCC TCG TCT TGA TGC TGG TGT TTA TTC TTG TTT
32 GGA 0 0 0 0 0 0 0 6 9 3 0 0 0 0 0 0 0 0 0 8 0 0 0 0 0 0 0 0 0 0 0 0 18 0 0 0 0 0 0 0 66022 0 0 0 0 0 0 0 5 0 0 7 0 0 0 0 2 0 0 0 0 0 0 0
33 AAC 20 65993 0 10 0 0 0 11 0 6 0 0 0 8 0 0 7 0 0 0 0 0 0 0 0 0 0 0 0 0 0 0 0 0 0 3 0 9 0 0 0 0 0 0 0 0 0 0 0 0 0 0 0 8 0 0 0 0 0 0 0 0 0 0
34 TTG 0 0 0 0 0 0 0 0 0 0 0 0 0 0 1 0 0 0 0 0 0 0 12 0 0 0 0 0 0 0 3 0 0 0 0 0 0 0 0 0 0 0 0 0 0 0 0 0 0 0 4 0 0 0 9 0 0 0 0 0 11 13 66037 0
35 TGG 0 0 0 0 0 0 0 4 0 0 1 0 0 0 0 0 0 0 0 0 0 0 0 0 0 0 0 0 0 0 0 0 0 4 0 0 0 0 0 0 0 0 0 0 0 0 0 0 0 0 7 0 0 0 1 0 2 0 66030 0 0 0 6 12
36 GTT 0 0 0 6 0 0 0 19 0 0 0 0 0 0 0 6 0 0 0 0 0 0 0 0 0 0 0 0 0 0 0 0 0 0 0 0 0 0 0 1 0 0 0 0 16 7 0 66011 0 0 0 0 0 0 0 0 0 0 0 0 0 0 0 0
37 ACT 0 0 0 0 7 3 1 66031 0 0 0 0 0 0 0 25 0 0 0 0 0 0 0 0 0 0 0 0 0 0 0 0 0 0 0 0 0 0 0 0 0 0 0 0 0 0 0 0 0 0 0 0 0 0 0 2 0 0 0 0 0 0 0 0
38 GTC 0 0 0 0 0 0 0 0 0 0 0 0 0 8 0 5 0 0 0 0 0 0 0 0 0 0 0 0 0 1 0 0 0 0 0 0 0 6 0 0 0 6 0 0 0 66036 0 10 0 0 0 0 0 0 0 0 2 0 0 0 0 0 0 0
39 TAC 0 1 0 0 0 0 0 0 0 0 0 0 0 0 0 0 9 2 0 0 0 0 0 3 0 0 0 0 0 0 0 0 0 0 0 0 0 0 0 0 0 0 0 0 0 0 0 0 3 66046 0 6 0 0 0 0 0 0 0 0 0 0 0 5
40 TAT 0 0 0 0 0 0 0 0 0 0 0 0 0 0 0 0 0 0 0 7 0 0 0 0 0 0 0 0 0 0 0 0 0 0 0 0 0 0 0 5 0 0 0 0 0 0 0 0 0 0 5 66072 0 0 0 0 0 0 0 1 0 0 0 0
41 GGG 0 0 0 0 0 0 0 0 0 0 7 0 0 0 0 0 0 0 0 0 0 0 0 0 0 0 0 0 0 0 0 0 0 0 9 0 0 0 0 0 4 0 66005 1 0 0 18 0 0 0 0 0 0 0 0 0 0 0 5 0 0 8 0 0
42 GTG 0 0 4 0 0 0 0 0 0 0 0 0 0 0 3 0 0 0 0 0 0 0 0 0 0 0 0 0 0 0 0 0 0 0 0 0 0 0 0 0 0 0 0 0 76 11 65969 0 0 0 0 0 0 0 0 0 0 0 0 0 0 0 1 0
43 CCT 0 0 0 0 0 0 0 4 0 0 0 0 0 0 0 0 0 0 0 8 9 67 1 65901 0 0 0 1 13 0 0 6 6 0 0 0 0 0 0 0 0 0 0 0 0 0 0 0 0 0 0 0 0 0 0 36 0 0 0 0 0 0 0 0
44 GTG 34 0 9 0 0 0 0 0 0 5 0 0 0 0 17 0 0 13 0 0 0 0 0 0 0 0 0 0 0 0 0 0 0 0 0 0 0 10 2 0 0 0 0 0 23 14 65912 29 0 0 0 0 0 0 0 0 0 4 0 0 0 0 0 0
45 TGG 0 0 0 0 0 0 0 0 0 0 6 0 0 0 0 0 0 0 0 0 0 0 0 5 0 0 15 0 0 0 0 0 0 0 2 0 0 0 0 0 0 0 13 0 0 0 0 0 0 0 7 0 0 0 0 0 23 0 65986 1 0 0 1 0
46 AAG 41 0 65881 8 0 0 4 0 0 5 35 0 0 6 2 0 0 0 0 0 0 0 0 0 0 0 0 0 0 0 10 0 0 0 12 0 0 0 0 0 0 0 0 0 0 0 4 0 0 0 0 0 0 0 0 0 0 0 0 0 0 0 0 0
47 GAC 0 39 0 0 0 7 0 0 0 0 0 0 0 0 0 0 0 0 0 0 0 0 0 0 0 0 0 0 0 0 0 0 0 65971 0 22 5 0 0 0 0 5 0 0 0 0 0 0 0 0 0 0 0 0 0 0 0 0 0 0 0 0 0 0
48 GCA 0 0 0 0 121 0 0 0 0 0 0 0 0 0 0 0 0 0 0 0 0 0 1 0 0 0 0 0 0 0 0 0 6 0 0 0 65815 1 40 9 0 5 0 0 31 0 7 0 0 0 0 0 8 0 0 0 0 0 0 0 0 0 0 0
49 GAG 0 0 9 1 4 14 10 0 0 4 0 0 0 0 0 5 0 0 0 0 0 0 0 0 0 0 0 0 0 0 0 0 12 0 65964 0 10 5 6 0 0 0 6 0 0 0 1 0 0 0 15 0 0 0 0 0 0 0 0 0 0 0 0 0
50 ACC 0 10 0 0 0 65978 0 37 0 0 0 0 0 10 0 0 0 0 0 0 0 0 3 0 0 0 0 0 0 0 0 0 0 0 0 0 0 9 0 0 0 0 0 0 0 0 0 0 0 0 0 0 4 0 0 0 0 0 0 6 6 0 0 0
51 ACT 0 5 0 2 0 11 10 65974 0 0 0 0 0 0 0 10 0 0 0 0 0 0 0 0 0 0 0 0 0 0 0 0 0 10 0 0 0 2 0 1 0 0 0 0 0 0 3 0 0 0 0 0 0 0 0 0 0 0 0 0 0 8 10 0
52 CTA 0 0 0 0 0 0 0 0 0 0 0 0 12 0 0 0 0 0 0 0 3 0 0 0 0 0 0 0 66039 0 1 0 0 0 0 0 0 0 0 0 0 0 0 0 0 0 0 0 0 0 0 0 0 0 0 0 0 0 0 0 10 0 0 0
53 TTC 0 0 0 0 0 0 0 0 0 0 0 0 0 0 0 0 0 0 0 0 0 0 0 0 0 0 0 0 0 11 0 0 0 0 0 0 0 0 0 0 0 5 0 0 0 0 0 0 0 0 0 0 0 0 8 0 0 0 0 0 0 66024 0 23
54 TGT 0 0 0 0 0 0 0 0 0 0 0 1 0 0 0 0 0 0 0 0 0 0 0 0 0 0 0 22 0 0 0 0 0 0 0 0 0 0 0 0 0 0 0 0 0 0 0 0 0 0 0 8 0 0 0 1 0 13 0 66020 0 0 0 3
55 GCA 0 0 0 0 42 11 0 0 0 0 0 0 0 0 0 0 0 0 0 0 1 0 0 0 0 0 0 0 0 0 0 0 1 0 0 0 65957 0 0 0 0 0 0 0 38 0 0 0 0 0 0 0 0 0 0 0 0 0 0 0 0 0 0 0
56 TCA 0 0 0 0 0 0 0 0 0 0 0 0 0 0 0 0 0 0 0 0 1 0 0 0 0 0 0 0 0 0 0 8 0 0 0 0 0 0 0 7 0 0 0 0 0 0 0 0 1 0 0 0 65984 10 46 0 0 0 0 0 3 0 0 0
57 GAT 0 0 0 15 0 0 0 0 0 0 0 0 0 0 0 0 0 0 0 0 0 0 0 0 0 0 0 0 0 0 0 0 0 0 0 65974 0 0 0 0 0 0 0 0 0 0 0 0 0 0 0 60 0 0 0 0 0 0 0 0 0 0 0 0
58 GCT 0 0 0 0 0 0 0 15 0 0 0 0 0 0 0 0 0 0 0 0 0 0 0 0 0 0 0 0 0 0 0 0 0 0 0 6 0 8 0 65971 0 0 0 0 0 0 0 15 0 0 0 0 0 0 0 0 0 0 0 0 0 0 0 0
59 AAA 66013 0 1 0 0 0 0 0 1 0 0 0 0 0 0 0 0 0 0 0 0 0 0 0 0 0 0 0 0 0 0 0 0 0 0 0 0 0 0 0 0 0 0 0 0 0 0 0 0 0 0 0 0 0 0 0 0 0 0 0 54 0 0 0
60 GCA 0 0 0 0 44 0 0 0 0 0 0 0 0 0 0 0 0 0 3 0 0 0 0 0 0 0 0 0 0 0 0 0 0 0 0 0 65974 0 1 0 0 0 0 0 23 0 0 0 0 0 0 0 1 0 0 0 0 0 0 0 0 0 0 0
61 TAT 0 0 0 0 0 0 0 13 0 0 0 0 0 0 0 0 0 0 0 4 0 0 0 0 0 0 0 0 0 0 0 0 0 0 0 0 0 0 0 0 0 0 0 0 0 0 0 0 0 1 0 65921 0 0 0 54 0 0 0 37 0 0 0 0
62 GAT 0 0 0 2 0 0 0 0 0 0 0 0 0 0 0 0 0 0 0 0 0 0 0 0 0 0 0 0 0 0 0 0 0 0 12 65995 7 0 0 0 0 0 0 2 0 0 0 0 0 0 0 0 0 0 0 0 0 12 0 0 7 0 0 0
63 GCA 0 9 0 0 48 0 0 0 0 0 0 0 0 0 0 0 0 0 0 0 0 0 0 0 0 0 0 0 0 15 0 0 17 0 0 0 65752 0 62 0 4 0 0 0 113 6 1 0 0 0 0 0 1 0 0 0 0 0 0 0 0 0 0 0
64 GAA 3 0 0 0 0 0 0 0 0 0 0 0 0 6 0 4 0 0 0 0 0 0 0 0 0 0 0 0 0 0 0 0 65948 0 18 0 0 0 0 0 1 0 0 0 16 0 0 0 0 0 0 0 0 0 0 0 0 0 0 0 0 0 0 0
65 GTG 0 0 13 0 0 0 0 0 0 0 0 10 0 0 22 0 0 0 0 0 0 12 0 0 0 0 0 0 0 0 0 0 0 0 0 0 0 0 1 0 0 0 0 0 87 0 65825 0 0 0 0 0 0 0 0 0 0 0 0 0 0 0 0 0
66 CAT 0 8 0 1 0 0 0 0 0 0 0 0 0 0 0 0 15 0 0 65940 9 0 0 0 0 0 0 3 0 0 0 0 0 0 0 0 0 0 0 0 0 0 0 0 0 0 0 0 0 0 0 16 0 0 0 0 0 0 0 0 0 0 0 0
67 AAT 0 0 0 66029 0 0 0 9 0 0 0 5 0 0 0 0 0 0 0 0 0 0 0 0 0 0 0 0 0 0 0 0 0 0 0 21 0 0 0 0 0 0 0 0 0 0 0 0 0 0 0 0 0 0 0 0 1 0 0 0 0 0 0 0
68 ATC 0 0 0 0 0 0 0 0 0 0 0 0 10 66017 0 2 0 0 0 0 0 0 0 0 0 0 0 0 0 0 0 0 0 0 0 0 0 0 0 0 0 0 0 0 0 0 0 0 0 0 0 0 0 0 0 0 0 0 0 0 0 0 0 0
69 TGG 0 0 0 0 0 0 0 0 0 0 3 0 0 0 0 0 0 11 0 0 0 0 0 0 0 6 11 0 0 0 0 0 0 0 0 0 0 0 0 0 0 0 0 0 0 0 0 0 0 0 7 0 0 0 0 0 20 0 65854 1 0 0 1 0
70 GCT 0 0 0 0 0 1 0 30 0 0 0 0 0 0 0 0 0 2 0 0 0 0 0 0 0 0 0 0 0 0 0 0 0 0 0 0 19 0 0 64722 0 0 0 0 0 0 0 3 0 0 0 0 0 12 9 0 0 0 0 0 0 0 0 0
71 ACA 0 0 0 0 66012 6 6 0 0 0 0 0 17 5 0 0 0 0 0 0 0 0 0 0 0 0 0 0 0 0 0 0 0 0 0 0 9 0 0 0 0 0 0 0 0 0 0 0 0 0 0 0 1 0 0 0 0 0 0 0 0 0 0 0
72 CAT 0 11 0 0 0 0 0 0 0 0 0 0 0 0 0 0 5 6 0 66003 0 0 0 0 0 0 0 9 0 0 0 0 0 0 0 0 0 0 0 0 0 0 0 0 0 0 0 0 0 0 0 21 0 0 0 0 0 0 0 0 0 0 0 0
73 GCC 0 0 0 0 0 60 0 2 0 0 0 0 0 0 0 0 0 0 0 8 0 3 0 0 0 0 0 0 0 0 0 0 0 0 0 0 35 64996 0 9 0 0 0 0 0 41 0 0 0 0 0 0 0 1 0 1 0 0 0 0 0 0 0 0
74 TGT 13 0 0 0 0 0 0 0 0 0 0 10 0 0 0 0 0 18 0 0 0 0 0 0 0 0 0 33 0 0 0 0 0 0 0 0 0 0 0 0 0 0 0 3 0 0 0 0 0 0 0 35 0 0 0 0 0 4 0 65793 0 0 0 0
75 GTA 0 0 0 0 5 26 0 0 0 0 0 0 28 10 0 0 0 0 0 0 0 13 0 0 0 2 0 0 0 7 0 0 0 0 0 0 6 0 0 0 0 0 0 0 65887 5 5 0 0 6 6 0 0 0 0 4 0 0 0 0 8 0 0 0
76 CCT 0 0 0 0 0 0 0 5 0 0 0 0 6 0 0 5 0 0 0 16 0 52 12 65775 0 0 0 0 0 0 0 7 0 0 3 0 0 0 0 0 0 0 0 0 0 0 0 3 0 0 0 0 8 0 0 21 0 0 0 0 0 0 0 0
77 ACA 15 0 0 0 65834 14 20 1 0 0 0 0 42 0 11 0 0 6 0 0 0 0 4 0 0 0 0 0 0 0 0 0 0 0 0 0 8 12 0 0 6 0 0 7 0 0 7 0 0 0 0 0 0 0 0 0 0 0 0 0 0 0 0 0
78 GAC 0 21 0 0 0 0 0 0 0 0 3 0 0 0 0 0 0 0 0 0 0 0 0 0 0 0 0 0 0 0 0 0 7 65690 0 14 0 0 0 0 13 19 0 0 0 0 0 0 0 0 0 0 0 0 0 0 0 0 0 0 0 0 0 0
79 CCC 0 0 0 0 0 8 0 0 0 0 0 0 0 0 0 0 0 10 0 0 13 63937 0 3 0 0 0 0 0 4 0 0 0 0 0 0 0 0 0 0 0 0 0 0 0 0 0 0 0 0 0 0 0 0 0 0 0 0 0 0 0 0 0 3
80 AAC 0 65815 0 52 0 4 0 0 12 2 0 0 0 0 0 0 0 1 0 0 0 0 0 0 0 0 0 5 0 0 0 5 0 10 0 0 0 0 0 0 0 0 0 0 0 0 0 0 0 3 0 0 0 0 0 0 0 0 0 0 0 0 0 0
81 CCA 0 0 0 0 0 0 0 0 0 0 0 0 0 0 10 0 1 4 3 16 65890 0 12 0 7 0 0 0 8 0 0 0 0 3 0 0 0 0 10 0 6 0 0 0 0 0 6 0 0 0 0 4 14 5 0 0 0 0 0 0 0 0 0 0
82 CAA 0 0 12 0 0 0 0 0 0 0 0 0 0 7 11 6 64939 0 11 0 12 0 7 5 20 0 0 0 0 7 0 0 9 11 0 0 0 4 0 0 6 0 0 0 0 0 0 0 2 0 0 0 0 0 0 0 0 0 0 0 0 0 0 0
83 GAA 2 7 0 0 0 0 0 0 0 6 0 0 0 0 0 0 0 0 10 0 0 0 0 0 0 0 0 0 0 0 0 0 64077 0 0 0 0 0 0 0 0 0 0 0 0 0 0 0 0 0 0 0 0 0 0 0 0 0 0 0 0 0 0 0
84 ATA 10 0 0 0 7 2 0 0 0 0 6 0 63076 8 18 0 0 0 8 0 0 0 0 0 0 3 0 0 0 0 0 0 0 0 0 0 0 0 0 0 0 0 0 11 0 0 0 0 0 4 0 0 0 0 0 0 0 0 11 12 11 0 0 0
85 AAT 21 0 0 63916 0 0 0 0 0 0 0 7 0 0 0 5 0 2 4 0 0 7 6 0 0 0 0 0 0 14 0 0 0 4 0 7 5 0 0 0 0 0 0 0 0 0 0 4 0 0 0 0 0 0 0 0 0 0 0 0 0 7 0 0
86 TTG 0 0 0 0 0 4 0 0 0 0 0 0 0 0 18 0 0 0 0 0 0 0 0 0 0 0 0 0 0 0 0 0 6 0 0 0 0 0 0 0 0 0 0 0 0 0 0 0 0 0 0 0 0 0 7 0 0 0 2 0 4 0 43311 23
87 GAA 11 0 7 0 0 0 0 0 0 5 6 0 9 0 0 0 0 0 0 0 0 2 0 0 0 0 0 0 0 0 0 0 65517 8 0 0 0 0 7 0 63 0 0 0 0 0 0 0 0 0 0 0 0 0 0 0 0 9 0 0 6 5 0 0
88 AAT 13 1 0 64964 0 0 0 0 0 0 0 1 0 0 0 10 0 0 0 0 0 0 0 0 0 0 0 0 0 0 0 0 0 0 0 5 0 0 0 0 0 0 0 6 0 0 0 0 0 0 0 0 0 0 0 0 0 0 0 0 0 0 0 0
89 GTG 0 0 0 0 0 10 0 0 0 0 0 0 0 0 18 0 0 0 0 0 0 0 0 10 0 0 0 0 12 0 0 0 0 0 0 0 0 6 3 0 0 0 0 0 0 0 65699 0 0 0 0 0 0 0 0 0 0 0 0 0 0 0 6 0
90 ACA 0 13 0 0 65750 6 2 19 0 0 0 0 8 0 0 0 0 0 0 0 0 0 0 0 0 11 0 0 0 0 0 0 0 0 6 0 15 0 0 0 0 0 0 0 0 0 0 0 0 0 0 0 0 0 0 0 0 0 0 0 0 5 0 0
91 GAA 25 0 0 0 0 0 1 0 0 0 0 0 0 0 0 0 0 15 0 0 0 6 0 0 0 0 0 0 0 0 0 0 65660 10 6 0 0 0 0 0 0 0 0 0 0 0 0 0 0 0 0 0 0 0 0 0 0 0 0 0 0 0 0 0
92 GAG 0 0 8 0 7 0 0 0 0 0 0 0 0 0 0 0 0 0 0 0 0 0 0 0 0 0 9 0 0 0 0 0 45 0 65503 0 0 4 0 0 0 0 0 0 0 0 0 0 0 0 1 0 0 0 0 0 0 0 0 0 0 0 0 0
93 TTT 0 0 0 0 9 0 0 0 0 0 0 0 0 0 0 0 0 0 0 0 0 0 0 0 0 0 0 0 0 0 0 0 0 0 0 0 0 0 0 0 0 0 0 0 0 0 0 0 0 14 0 0 0 0 0 1 0 0 0 0 0 0 0 65250
94 AAC 0 65730 0 25 0 0 0 0 0 16 0 0 0 1 0 0 0 0 0 0 0 0 0 0 0 0 0 0 0 0 0 0 0 12 0 0 0 0 5 0 0 0 0 0 0 0 0 0 0 0 0 0 0 0 0 0 0 0 0 0 0 0 0 0
95 ATG 0 0 1 0 0 0 2 0 0 0 0 0 32 10 65696 0 0 0 0 0 0 0 0 0 0 0 0 0 0 0 0 0 0 0 0 0 0 0 0 0 0 0 0 0 0 0 13 0 0 0 0 0 0 0 0 0 0 0 0 0 0 0 0 0
96 TGG 0 0 0 0 0 0 0 0 0 0 0 0 0 0 0 0 0 0 0 0 0 0 0 0 0 0 7 0 0 0 0 0 0 0 0 0 0 0 0 0 0 0 0 0 0 0 0 0 0 0 17 9 0 0 0 0 8 0 65353 0 0 0 1 0
97 AAA 65986 0 0 0 0 0 0 0 0 0 0 0 0 0 0 0 0 0 9 0 0 0 0 0 0 0 0 4 0 0 0 0 0 0 0 0 0 11 0 0 0 0 0 0 0 0 0 0 0 0 0 0 0 0 0 0 0 0 0 0 0 0 6 0
98 AAT 5 0 0 65960 0 0 0 0 0 4 0 0 0 0 0 10 0 0 0 0 0 0 0 0 0 0 0 0 0 0 0 0 0 0 0 0 0 0 0 0 0 0 0 0 0 0 0 0 0 0 0 0 7 0 0 0 0 0 0 0 0 0 0 0
99 AAC 3 65935 0 8 0 0 0 0 3 6 0 0 0 0 7 1 0 0 0 9 0 0 0 0 5 0 0 0 0 0 0 0 0 27 0 0 0 0 0 0 0 0 0 0 0 0 0 0 0 0 0 0 0 0 0 0 0 0 0 3 0 0 0 0
100 ATG 0 0 0 0 0 13 1 0 0 0 0 0 12 0 65774 1 0 0 0 0 0 0 0 0 0 0 0 0 0 0 0 0 0 0 0 0 0 0 0 0 0 0 0 0 0 0 11 0 0 0 0 0 0 0 0 0 0 0 0 0 0 0 2 5
101 GTA 0 0 0 0 0 0 0 0 0 0 0 0 26 0 0 12 0 0 0 0 0 0 0 0 0 0 0 0 0 0 0 0 0 0 0 14 3 0 0 0 0 0 0 0 65871 0 7 0 0 0 0 0 0 0 0 0 0 0 0 0 0 0 0 0
102 GAA 15 0 0 0 0 0 0 0 0 0 0 0 0 0 0 0 0 0 0 0 0 0 0 0 0 0 0 0 0 0 0 0 65923 0 16 0 0 0 0 0 0 0 0 0 0 0 0 0 0 0 0 0 0 0 0 0 0 0 0 0 0 0 0 0
103 CAG 0 6 0 0 0 0 0 0 0 0 0 0 0 0 0 0 28 4 65894 0 0 0 0 0 0 0 12 0 0 0 0 0 0 7 0 0 0 17 13 0 0 0 0 0 0 0 0 0 0 0 23 0 0 0 0 0 0 0 0 0 0 0 0 0
104 ATG 0 0 0 0 2 0 0 0 0 0 0 0 47 0 65808 0 0 0 0 0 0 0 0 0 0 0 0 0 0 0 0 0 0 0 0 0 0 0 0 0 0 0 0 0 0 0 2 0 8 0 0 0 0 0 0 0 0 0 0 0 0 0 0 0
105 CAT 0 0 0 0 0 0 0 0 0 21 0 0 0 0 0 0 9 4 0 65767 0 0 0 0 0 0 0 1 0 0 0 0 0 0 0 0 0 0 0 0 0 0 0 0 0 0 0 0 0 0 0 25 0 0 0 0 0 0 0 0 0 0 0 0
106 ACA 12 0 0 0 65932 8 15 1 3 0 0 0 12 0 0 0 0 0 0 0 0 0 0 0 0 0 0 0 0 8 0 0 6 0 0 0 17 0 0 0 0 2 0 0 0 0 0 0 0 0 0 0 0 0 8 0 0 0 0 0 0 0 0 0
107 GAT 0 0 0 13 0 0 3 0 0 0 0 0 0 0 0 0 0 14 0 0 0 0 0 0 0 0 0 0 0 0 0 0 0 9 0 65892 0 0 0 0 0 0 0 2 0 0 0 13 0 0 0 8 0 0 0 0 0 0 0 0 0 0 0 0
108 ATA 0 0 0 0 2 0 17 0 0 0 0 0 65930 2 3 0 0 0 0 0 0 0 0 0 0 0 0 0 0 0 0 2 0 0 0 0 0 0 0 0 0 0 0 0 1 0 0 0 0 0 10 0 0 0 0 0 0 0 0 0 0 0 0 0
109 ATC 0 1 0 0 0 2 0 0 0 0 0 0 0 65658 0 23 0 0 0 0 0 0 0 0 0 0 0 0 0 15 0 0 0 0 0 0 0 0 0 0 0 0 0 0 0 19 0 0 0 0 0 0 0 0 0 0 0 0 0 0 0 0 0 0
110 AGC 0 19 0 17 0 0 0 0 0 65813 0 25 0 0 0 10 0 0 0 0 0 0 0 0 0 0 6 0 0 0 0 0 0 0 0 0 0 0 0 4 0 16 0 0 0 0 0 0 0 0 0 0 0 0 0 0 0 0 7 0 0 4 0 0
111 CTA 0 0 0 0 0 0 0 0 0 0 0 0 2 0 0 0 0 0 0 0 15 0 0 0 0 0 0 0 65767 0 6 0 0 0 0 0 0 0 0 0 0 0 0 0 0 0 0 0 0 0 0 0 0 0 0 8 0 0 0 0 24 0 0 0
112 TGG 0 0 0 0 0 0 0 0 0 0 7 0 0 0 0 0 0 0 0 0 0 0 0 0 0 0 4 0 0 0 0 0 0 0 0 0 0 0 0 0 0 0 0 0 0 0 0 0 0 0 20 0 0 0 0 0 7 0 65764 5 0 13 5 0
113 GAC 0 8 0 0 0 0 4 0 0 0 0 0 0 0 0 0 0 0 0 0 0 0 0 0 0 0 0 0 0 0 0 0 0 65906 1 1 0 0 0 0 4 0 0 0 0 0 0 0 0 0 0 0 0 0 0 0 0 0 0 0 0 0 0 0
114 CAA 0 0 0 0 4 0 0 0 0 0 11 0 0 0 0 0 65837 1 52 6 0 0 0 0 17 0 0 0 0 4 0 0 0 11 0 0 9 9 0 0 0 0 0 0 0 0 0 0 0 0 0 0 0 0 0 0 0 0 0 0 0 0 0 0
115 GGC 0 0 0 0 9 0 0 0 0 41 0 0 0 0 0 0 0 0 0 0 0 0 0 0 7 0 7 0 0 0 0 0 0 21 0 0 0 0 0 0 13 65713 0 10 0 0 0 0 0 0 0 0 0 7 0 0 0 29 0 0 0 0 0 0
116 CTA 0 0 0 0 0 0 6 0 0 0 0 0 6 0 0 0 10 0 0 0 36 0 0 0 0 0 0 0 65914 0 12 0 0 0 0 0 0 0 0 0 0 0 0 0 0 0 0 0 0 0 0 0 0 0 0 0 11 0 0 0 23 0 0 0
117 AAG 20 0 65923 10 4 0 0 0 0 0 0 0 0 0 0 0 0 0 0 8 0 0 0 0 0 0 0 0 0 0 0 0 0 0 1 18 0 0 0 0 0 0 0 6 0 0 0 1 0 0 0 0 0 0 0 0 0 0 0 0 0 0 0 0
118 CCA 0 0 0 0 11 0 0 0 0 0 0 0 11 0 0 0 2 0 0 8 65821 0 8 0 0 0 0 0 3 0 0 0 0 0 0 0 0 0 6 0 0 0 5 0 0 0 0 0 0 0 0 0 24 0 0 0 0 0 0 0 0 0 10 0
119 TGT 0 0 0 0 0 0 0 0 0 0 0 0 0 0 0 0 0 0 0 0 0 0 0 0 0 0 0 3 0 0 0 0 0 0 0 0 0 0 0 0 0 0 0 0 0 0 0 0 0 0 0 31 0 10 0 9 0 4 0 66002 0 0 0 0
120 GTA 0 0 0 0 0 0 0 0 0 0 0 0 4 0 0 0 0 0 0 0 0 0 0 0 0 0 0 0 0 9 0 0 3 0 0 0 12 0 0 0 0 0 0 0 66031 0 15 0 0 0 0 0 0 0 0 0 0 0 0 0 0 0 0 0
121 AAG 10 0 65955 1 12 0 0 0 0 0 5 1 0 0 0 0 0 0 0 0 0 0 0 0 0 0 2 0 0 0 0 0 0 0 2 0 0 0 0 0 0 0 0 0 0 0 0 0 0 3 0 0 0 4 0 0 0 0 0 0 0 0 13 0
122 TTA 0 0 0 0 0 0 0 0 0 0 0 0 0 0 0 0 0 0 0 0 0 17 0 0 0 17 0 0 13 0 0 0 0 0 0 0 0 0 0 0 0 0 0 0 3 0 0 0 0 0 0 0 2 0 0 0 0 0 0 0 65967 0 1 1
123 ACC 0 0 0 0 0 65856 0 10 0 0 0 0 0 4 0 0 0 0 0 0 0 0 0 0 0 0 0 0 0 0 0 0 0 0 0 0 0 15 0 0 0 0 0 0 0 0 0 0 0 0 0 0 0 1 0 0 6 0 0 0 0 0 0 0
124 CCT 0 0 0 0 0 0 0 21 0 0 0 0 0 0 0 0 0 0 0 2 6 9 0 65904 0 0 0 0 0 0 0 14 9 0 0 0 0 0 0 0 0 0 0 0 0 0 0 0 0 0 0 0 0 0 0 14 0 0 0 0 0 0 0 0
125 CTC 0 0 0 0 0 0 0 0 0 0 0 0 0 8 0 0 0 0 0 0 0 2 0 0 0 0 0 0 0 65903 0 21 0 0 0 0 0 0 0 0 0 0 0 0 0 0 0 0 0 0 0 0 0 0 0 0 0 0 0 0 0 6 9 0
126 TGT 0 0 0 0 0 0 0 0 0 0 0 5 0 0 0 0 0 0 0 0 0 0 0 0 0 0 0 23 0 0 0 0 0 0 0 0 0 0 0 0 0 0 0 2 0 0 0 0 0 0 0 26 0 0 0 0 11 23 0 65951 0 0 0 13
127 GTT 0 0 0 9 0 0 0 0 0 0 0 0 0 0 0 12 0 0 0 0 0 0 0 0 0 0 0 0 0 0 0 0 0 0 0 4 0 0 0 0 0 0 0 0 0 0 0 66020 0 0 0 0 0 0 0 0 6 0 0 0 0 0 0 10
128 ACT 0 0 0 0 9 18 0 65929 0 0 0 6 0 0 0 11 0 0 0 0 0 0 0 0 0 0 0 0 0 0 0 0 0 0 0 0 0 0 0 0 0 0 0 0 0 0 0 0 0 0 0 0 0 0 0 0 0 0 0 0 0 0 0 0
129 TTA 0 0 0 0 0 0 0 0 0 0 0 0 0 0 0 0 0 0 0 8 0 0 0 0 0 0 0 0 13 10 0 0 0 0 0 0 0 0 0 0 0 0 0 0 0 0 0 0 0 0 0 0 1 0 0 0 0 0 0 0 65940 9 23 0
130 GAT 0 0 0 3 0 0 0 0 0 0 0 0 0 0 0 0 0 0 0 0 0 0 0 0 0 0 0 0 0 0 0 0 0 0 0 66017 0 0 0 0 0 0 0 0 0 0 0 0 0 0 0 5 0 0 0 0 0 0 0 0 0 0 0 0
131 TGC 0 0 0 0 0 0 0 0 0 0 0 0 0 0 0 0 5 0 0 0 0 0 0 0 0 0 0 0 0 0 0 0 0 0 0 0 0 0 0 0 0 0 0 0 0 0 0 0 0 47 0 0 0 0 0 0 8 65829 0 110 0 3 0 0
132 CAT 0 0 2 2 0 9 0 0 0 0 0 0 0 8 0 0 0 2 0 65997 0 11 0 0 0 0 0 1 0 0 0 7 0 0 0 9 0 0 0 0 0 0 0 0 0 0 0 0 0 0 0 2 0 0 0 0 0 0 0 0 0 0 0 7
133 AAT 0 0 0 66025 0 0 0 0 0 0 0 1 0 0 0 7 0 6 0 0 0 0 0 0 0 0 0 0 0 0 12 0 0 0 0 1 0 0 0 0 0 0 0 0 0 0 0 0 0 0 5 0 4 0 0 0 0 0 0 0 0 0 0 0
134 GTC 0 0 0 0 0 0 0 0 0 0 0 0 0 28 0 0 0 0 0 0 0 0 0 0 0 0 0 0 0 0 0 0 0 0 0 0 0 4 0 10 0 0 0 0 0 66011 0 19 0 0 0 0 0 0 0 0 0 0 0 0 0 0 0 0
135 ACC 0 12 0 0 20 65932 0 0 0 0 0 0 0 13 10 8 0 0 0 0 0 6 0 0 0 8 0 0 8 0 0 0 0 0 0 0 0 4 0 0 0 0 7 0 0 0 0 6 0 0 0 0 0 5 0 0 0 0 0 0 0 0 7 0
136 TAT 0 0 0 21 0 0 0 0 0 0 0 0 0 0 0 0 0 0 0 28 1 0 0 0 0 0 0 0 0 0 0 0 0 0 0 0 0 0 0 0 0 0 0 0 0 0 0 0 8 3 0 65990 0 0 0 0 0 0 0 6 0 0 0 0
137 AAT 0 1 0 65968 0 0 0 9 0 0 0 0 0 0 0 0 0 0 0 0 0 0 0 9 0 0 0 0 0 0 0 0 0 0 0 25 0 0 0 0 0 0 0 0 0 0 0 0 0 0 0 0 0 0 0 0 0 0 0 0 0 0 0 0
138 ATC 0 5 0 0 0 8 0 0 0 0 0 0 0 65946 0 11 0 0 0 0 0 0 0 0 0 0 0 0 0 0 0 0 0 0 0 0 0 0 0 0 0 0 0 0 0 3 0 0 0 0 0 0 0 0 0 0 0 0 0 0 0 0 0 0
139 ACC 4 1 0 0 7 65977 0 40 0 0 0 0 0 7 0 0 0 0 0 0 0 0 0 0 0 0 0 0 0 0 0 0 0 0 0 0 0 14 0 0 0 0 0 0 0 0 0 0 0 0 0 0 0 0 0 0 0 0 0 0 0 0 0 0
140 AGT 0 9 4 34 0 0 0 0 0 6 14 65962 0 0 0 1 0 0 0 0 0 0 0 0 0 0 0 0 0 0 0 0 0 0 0 0 0 0 0 0 0 0 0 27 0 0 0 14 0 0 0 0 0 0 0 0 0 0 8 1 0 0 3 0
141 GAC 23 26 0 0 12 0 0 0 0 0 0 13 0 0 0 0 0 0 0 0 0 0 0 0 0 0 0 0 0 0 0 0 20 94463 0 4 0 0 0 0 0 31 3 0 0 16 2 0 0 0 0 0 0 0 0 0 0 0 0 0 0 0 0 0
142 ATG 0 0 0 0 0 0 2 0 0 0 0 0 9 0 94560 0 0 0 0 0 0 0 0 0 0 0 0 0 0 0 0 0 0 0 0 8 0 15 0 0 0 0 0 8 0 0 6 0 0 0 0 0 0 0 10 0 0 0 0 0 0 0 0 0
151 AAG 23 15 94465 4 0 0 11 0 0 0 19 0 0 0 6 0 14 0 0 5 0 0 0 0 0 0 0 0 15 0 4 0 0 0 7 0 0 0 0 0 0 0 0 0 0 0 0 0 0 0 3 0 0 0 0 0 0 0 0 0 0 0 0 0
152 GAA 19 0 0 15 15 0 0 0 0 0 0 0 0 0 0 0 0 0 0 0 0 23 0 0 0 21 0 0 0 0 0 0 94458 23 8 1 0 0 0 0 8 0 0 0 0 0 0 0 0 0 0 0 0 0 0 0 0 0 0 0 0 0 0 0
153 GAA 41 0 0 0 0 0 0 0 0 0 0 0 0 0 0 0 0 9 0 0 0 0 0 0 0 0 0 0 0 0 0 0 94542 0 15 0 0 0 0 0 0 0 0 0 0 0 0 0 1 0 0 0 0 0 0 0 0 0 0 0 8 0 0 0
154 ATA 1 0 0 0 0 0 0 0 0 0 0 0 94570 4 18 1 0 0 0 14 0 0 0 0 0 0 0 0 0 0 0 0 0 0 0 0 0 0 0 0 0 0 0 0 25 0 0 0 0 0 0 6 0 0 0 0 0 0 0 0 0 0 0 0
155 ACA 0 0 0 0 94594 0 20 0 0 0 0 0 18 0 0 0 0 0 0 0 0 0 0 0 0 0 0 0 0 0 0 0 0 0 0 0 2 0 0 0 0 0 0 0 0 0 0 0 0 0 0 0 0 0 0 0 0 0 0 0 0 0 0 0
156 AAC 24 94588 1 0 0 0 0 0 0 2 0 0 0 0 0 0 0 0 0 0 0 0 0 0 0 0 0 0 0 0 0 0 0 0 0 0 0 0 0 0 0 0 0 0 0 0 0 0 0 0 0 0 0 0 0 0 0 0 0 0 0 0 0 0
157 TGC 0 0 0 0 0 0 0 0 0 0 0 0 0 0 0 0 0 0 0 0 0 0 0 0 0 1 0 0 0 0 0 0 0 19 0 0 0 0 0 0 0 0 0 0 0 0 0 0 0 63 0 0 0 0 0 0 0 94513 0 19 0 0 0 0
158 TCT 0 0 0 0 0 0 0 1 0 0 0 0 0 0 0 0 0 0 0 0 0 0 0 0 0 0 0 0 0 0 0 0 0 0 14 0 0 0 0 0 0 0 0 0 0 0 0 0 0 0 0 0 0 20 0 94559 7 0 0 0 0 0 0 15
159 TAC 0 1 0 0 0 1 0 0 0 0 0 0 0 0 0 0 0 7 0 0 0 0 0 0 0 0 0 0 0 0 0 0 0 0 0 0 0 0 0 0 0 0 0 0 0 0 0 0 0 94590 0 28 0 0 0 0 0 6 0 0 0 1 0 0
160 AAT 0 16 0 94562 0 0 0 0 0 0 0 8 0 0 0 0 0 0 0 1 0 0 0 0 0 0 0 0 0 0 0 0 0 0 0 20 0 0 0 0 0 0 0 5 0 0 0 0 0 0 0 1 0 0 0 0 0 0 0 0 0 0 0 0
161 GTG 0 0 0 0 0 0 0 2 0 0 0 0 0 0 25 0 0 0 0 0 0 0 0 0 0 0 0 0 0 0 11 0 0 0 0 0 0 0 8 0 0 0 0 0 31 1 94514 26 0 0 0 0 0 0 0 0 0 0 0 0 0 0 0 0
162 ACC 0 0 0 0 24 94551 0 22 0 0 0 0 0 0 0 0 0 0 0 0 11 0 0 0 0 0 0 0 0 0 0 0 0 0 0 0 0 9 0 0 0 0 0 0 0 0 0 0 0 0 0 0 0 0 0 0 0 0 0 0 0 0 0 0
163 ACA 0 0 0 0 94522 2 69 2 0 0 0 0 7 0 0 0 0 0 0 0 0 0 0 0 0 0 0 0 0 0 0 0 0 0 0 0 1 0 0 0 0 0 0 0 0 0 0 0 0 0 0 0 0 0 0 0 0 0 0 0 0 0 0 0
164 GTA 0 0 0 2 0 0 0 0 0 0 0 7 7 0 0 0 0 0 0 0 0 0 0 0 0 0 0 0 0 0 0 0 14 0 0 0 0 0 0 0 11 0 0 0 94541 0 7 0 0 0 0 0 0 0 0 0 0 0 0 0 11 0 0 0
165 ATA 0 0 0 0 12 0 0 0 0 0 0 0 94468 0 62 0 0 0 0 0 0 0 0 0 0 0 0 0 0 0 0 0 0 0 0 0 0 0 0 0 0 0 0 0 6 0 0 0 0 0 0 0 0 0 0 0 0 0 0 0 0 0 0 27
166 AGG 0 0 12 0 0 18 8 0 20 0 94396 0 0 0 6 0 0 0 0 0 0 0 0 0 0 0 13 15 0 10 0 0 0 8 0 0 13 0 0 0 0 0 32 0 0 0 0 11 13 0 0 0 0 1 0 9 0 0 22 0 0 0 0 0
167 GAT 0 0 0 23 0 0 0 8 0 0 0 0 0 0 0 0 0 0 0 0 1 0 0 0 0 0 0 0 0 0 0 0 0 24 0 94512 0 0 0 0 0 0 0 0 0 0 0 0 0 0 0 0 0 0 7 0 0 0 0 0 0 0 0 0
168 AAG 18 13 94426 1 0 0 20 0 0 0 26 0 0 0 1 0 0 30 0 0 0 0 0 0 0 9 4 0 0 0 0 0 0 0 48 0 0 0 0 0 0 0 0 0 0 0 0 0 0 0 0 0 0 12 0 0 0 0 0 0 0 0 0 0
169 AAA 94515 0 21 0 0 0 0 0 7 0 0 0 0 0 0 9 0 0 0 0 0 15 0 0 0 0 8 0 0 0 0 0 1 0 0 0 7 0 0 5 0 0 2 0 14 0 0 0 1 0 0 0 0 0 10 0 0 0 0 0 0 0 0 0
170 CAG 0 0 0 0 0 0 0 0 0 0 0 0 8 0 0 0 3 16 94551 0 0 0 0 0 0 0 20 0 0 0 0 0 0 0 0 0 0 0 0 0 0 0 0 0 0 0 0 0 0 0 22 0 0 0 0 0 0 0 0 0 0 0 0 0
171 AAA 94601 0 2 0 0 0 0 0 1 0 0 0 0 0 0 0 0 0 0 0 0 0 0 0 0 0 0 0 4 0 0 0 5 0 0 0 0 0 0 0 0 0 0 0 0 0 0 0 0 0 0 0 0 0 0 0 0 0 0 0 0 0 0 9
172 GTA 0 0 0 0 0 0 0 0 0 0 0 0 32 0 0 0 0 0 0 0 0 0 0 0 0 0 0 0 0 0 0 0 0 0 0 0 14 0 0 0 13 0 0 0 94568 5 0 0 0 0 0 0 0 0 0 0 0 0 0 0 0 0 0 0
173 TCC 13 0 0 0 0 16 16 13 0 0 0 0 0 0 0 0 0 0 0 0 0 0 0 0 0 0 0 0 0 0 0 0 0 0 0 0 0 0 0 0 0 0 0 0 0 0 0 0 0 0 0 0 26 94469 0 11 0 8 0 0 0 5 0 7
174 TCA 0 0 0 0 0 0 0 0 0 0 0 0 0 0 0 0 0 0 0 0 15 0 0 0 0 0 0 0 0 0 0 0 0 0 0 0 0 0 0 0 0 0 0 0 0 0 0 0 0 0 0 0 94532 0 0 0 0 0 0 0 7 0 0 0
175 CTT 0 0 0 0 0 0 0 0 0 0 0 0 0 0 0 0 0 0 0 0 0 0 0 291 0 0 0 0 1 9 0 94264 0 0 0 0 0 0 0 0 0 0 0 0 0 0 0 0 0 0 0 0 0 0 0 0 0 0 0 0 0 0 0 26
176 TTT 0 0 0 0 0 0 0 0 0 0 0 0 0 0 0 0 0 0 0 0 0 0 0 0 0 0 0 0 0 0 0 8 0 0 0 0 0 0 0 0 0 0 0 0 0 0 0 20 0 0 0 0 0 0 0 0 0 0 0 0 1 1 0 94581
177 TAT 0 0 0 0 0 0 0 0 0 0 0 0 0 0 0 0 0 0 0 22 0 0 0 0 0 0 0 0 0 0 0 0 0 0 0 0 0 0 0 0 0 0 0 0 0 0 0 0 0 2 0 94590 0 0 0 0 0 0 0 2 0 0 0 9
178 AAA 94567 0 1 0 0 0 0 0 0 0 0 0 0 0 0 0 0 6 0 0 10 0 0 0 0 0 0 0 0 0 0 0 0 0 0 0 0 0 0 0 0 0 0 0 0 0 0 0 0 0 0 0 0 0 0 0 0 0 0 0 0 0 0 0
179 CTT 0 0 0 0 0 15 0 0 0 0 0 0 0 0 10 1 0 0 0 0 0 0 0 1 0 0 0 0 4 2 0 94495 0 0 0 0 0 0 0 0 0 0 0 0 0 5 0 0 5 17 0 0 0 0 0 0 0 0 0 0 0 0 0 35
180 GAT 0 0 0 15 0 0 0 0 0 0 0 0 0 0 0 0 0 0 0 0 0 0 0 0 0 0 0 0 0 0 0 0 0 0 0 94600 0 0 0 0 0 0 0 0 0 0 0 0 0 0 0 0 0 0 0 0 0 0 0 0 0 0 0 0
181 GTA 0 0 0 0 0 0 0 0 0 0 0 0 23 0 1 0 0 0 0 0 0 0 0 0 0 0 0 0 0 0 0 0 0 0 0 0 3 0 0 0 0 0 0 0 94521 0 30 17 0 0 0 0 0 0 0 0 0 0 0 0 0 0 0 0
182 GTA 0 0 0 0 13 0 0 0 0 0 0 0 16 0 15 0 4 0 0 0 0 0 0 0 0 0 0 0 0 0 0 0 0 0 0 0 19 0 0 0 0 0 0 0 94459 0 24 0 0 0 0 0 0 0 0 0 0 0 0 0 11 0 0 0
183 CAA 0 0 0 0 0 0 0 0 0 0 0 0 0 0 0 0 94536 0 0 0 0 0 0 0 29 0 0 0 0 0 0 0 0 0 0 0 0 0 0 0 0 0 0 0 0 0 0 0 1 0 0 0 0 0 0 0 0 0 0 0 0 0 0 0
184 ATT 0 0 0 13 0 0 0 0 0 0 0 0 23 6 0 94513 0 0 0 0 0 0 0 0 0 0 0 0 0 0 0 0 0 0 0 0 0 0 0 0 0 0 0 0 0 0 0 1 0 0 0 0 0 0 0 0 0 0 0 0 0 0 0 0
184a GGA 15 20 0 0 0 0 0 0 60 0 0 0 0 0 0 0 0 0 0 0 0 0 0 0 0 0 0 0 0 0 0 0 35 0 0 0 0 0 0 0 94060 14 51 9 0 0 0 0 0 0 0 0 0 0 0 7 0 0 0 0 0 0 0 0
184b GGT 0 6 0 0 18 0 0 0 0 0 0 18 0 0 0 0 0 0 0 0 0 0 0 0 0 0 0 0 0 5 0 0 0 0 0 23 0 0 0 0 0 24 0 94310 0 0 0 0 0 7 0 0 0 0 0 0 0 0 0 2 0 0 0 0
185 AAT 12 1 14 94406 0 0 0 0 0 0 0 0 0 0 0 0 0 0 0 23 0 0 0 0 0 0 0 0 0 0 20 0 0 0 0 0 0 10 0 0 0 10 0 0 0 0 0 13 0 0 0 0 0 0 0 0 0 0 0 0 0 0 0 0
186 AAT 13 10 0 94426 0 19 0 0 0 0 0 50 0 0 0 11 0 0 25 0 0 0 0 0 0 0 0 0 0 0 0 0 0 0 0 0 0 0 0 0 0 0 0 0 0 0 0 0 0 0 0 0 14 0 0 0 0 0 0 0 0 0 0 0
187 AGG 0 0 22 0 0 0 0 0 27 0 94293 1 0 0 20 0 0 0 0 0 0 0 0 0 0 0 1 0 0 0 0 0 0 0 0 0 0 0 0 0 0 0 41 0 0 0 0 0 0 0 0 0 0 14 0 0 0 0 2 0 0 0 0 0
188 ACT 10 0 0 18 1 19 18 94368 0 0 0 0 0 0 0 2 0 0 0 0 0 0 0 17 0 0 0 7 0 0 0 0 0 0 0 0 0 0 0 2 0 0 0 0 0 0 0 0 0 0 0 0 0 0 0 0 0 0 0 0 0 0 0 0
189 AAT 0 14 9 94481 0 11 0 0 0 0 0 0 0 0 0 15 0 0 0 0 0 11 0 0 0 0 0 0 0 0 0 0 0 0 0 16 0 0 0 0 0 0 0 0 0 0 0 0 0 0 0 13 0 0 15 0 0 0 0 0 0 0 0 0
190 AGT 1 0 0 0 0 0 0 0 17 12 0 94419 0 0 0 13 0 0 0 0 0 0 8 0 0 0 0 1 0 0 0 0 0 0 0 0 0 0 0 0 0 0 13 1 0 0 8 0 0 0 0 0 0 0 0 0 0 0 0 0 0 0 0 0
190a CAG 14 0 6 0 0 0 0 0 11 0 0 0 0 0 0 0 65 1 94337 0 0 0 0 12 0 6 3 0 0 0 0 0 4 0 10 0 0 0 0 0 0 0 0 0 0 0 0 0 0 0 6 0 0 0 0 0 0 0 0 0 15 0 0 10
191 TAT 0 0 0 0 0 0 0 0 0 0 0 0 0 0 0 0 0 0 0 1 0 0 0 0 0 0 0 0 0 0 0 0 0 0 0 0 0 8 0 0 12 0 0 0 0 0 0 0 16 0 0 94140 0 0 0 0 0 0 0 4 0 0 0 0
192 AGA 0 0 0 0 0 0 0 0 94248 0 1 0 0 13 0 0 12 0 0 9 0 0 0 0 0 0 0 0 0 0 0 0 0 0 0 0 0 0 0 0 30 0 0 0 6 0 0 0 0 0 0 0 10 0 0 0 0 0 0 0 0 0 0 0
193 TTA 0 0 0 0 0 0 0 0 0 0 0 0 20 0 11 0 0 0 0 0 0 0 0 0 0 0 0 0 6 0 0 0 0 0 0 0 0 0 0 0 16 0 0 0 0 0 0 0 0 0 0 0 5 0 0 0 0 0 0 0 94319 0 7 12
194 ATA 15 0 10 0 1 0 0 0 0 0 0 0 94422 0 2 0 0 0 0 0 0 0 0 12 0 0 0 0 0 7 0 0 0 0 0 0 0 0 13 0 0 0 0 0 13 0 12 0 8 0 13 0 0 0 0 0 3 0 0 0 18 0 0 0
195 AAC 15 94331 0 24 0 0 0 17 0 0 0 0 0 0 0 0 0 8 0 0 0 0 0 0 0 0 0 0 0 0 0 0 0 0 0 0 0 0 0 0 0 0 6 16 0 0 0 0 0 10 0 0 9 0 0 0 0 0 0 0 0 0 0 0
196 TGT 0 0 0 0 0 0 0 0 0 0 0 0 0 0 0 0 0 0 0 0 0 0 0 0 0 0 0 4 0 0 0 0 0 0 0 0 0 0 0 0 0 0 0 0 17 0 0 0 0 0 0 32 0 0 0 0 0 50 0 94310 0 0 0 0
197 AAC 13 94350 0 33 17 0 0 0 0 41 0 0 0 0 0 0 0 0 0 0 0 0 0 0 0 0 2 0 0 0 0 0 0 3 0 0 0 0 0 0 0 0 0 0 0 0 0 0 0 0 0 0 0 0 0 0 0 0 0 0 0 0 0 0
198 ACC 1 1 0 0 8 91548 0 1 0 0 0 0 0 0 0 0 12 0 0 0 0 0 0 0 0 0 0 0 0 0 0 0 0 0 0 0 0 1 0 0 0 0 11 0 0 0 0 0 0 0 0 0 0 0 0 0 0 0 0 0 0 0 0 0
199 TCA 0 0 0 0 4 0 0 0 0 7 0 0 0 0 0 0 0 0 0 0 33 0 0 0 0 0 0 0 0 0 0 0 0 0 0 0 12 0 16 0 0 0 0 0 0 0 0 0 1 0 0 0 92104 0 56 0 0 0 0 0 3 0 0 0
200 GCC 0 0 0 0 0 91 0 0 0 0 0 0 0 14 0 0 9 0 0 0 0 0 0 0 22 0 0 0 0 0 0 0 12 0 0 0 7 90747 0 7 0 0 0 0 0 65 0 0 0 0 0 0 0 2 0 10 0 0 0 0 0 0 0 0
201 ATT 0 0 0 11 0 0 0 7 0 0 0 0 10 42 0 92949 0 0 0 0 0 8 0 0 0 0 0 0 0 0 0 0 0 0 0 0 0 0 0 0 0 0 0 0 0 0 0 0 0 0 0 0 0 0 0 0 0 0 0 0 0 0 0 0
202 ACA 7 0 0 0 93262 0 1 0 0 0 0 9 7 15 0 0 0 0 0 0 0 0 0 0 0 0 0 0 0 0 0 0 0 0 0 0 18 0 0 0 0 0 0 0 0 0 0 0 0 0 0 26 0 0 1 0 0 0 0 0 0 0 0 0
203 CAG 0 0 36 0 0 14 0 0 0 0 0 0 0 0 0 0 11 0 93684 7 0 0 0 0 0 0 70 0 0 0 2 0 0 0 0 0 3 0 0 0 0 0 0 0 0 0 0 0 0 0 13 0 0 0 0 0 0 0 0 0 0 0 0 0
204 GCT 0 0 0 0 0 0 0 27 0 0 0 0 0 0 0 0 0 0 0 0 0 0 0 0 0 0 0 0 0 0 0 0 0 0 0 0 0 20 0 93511 0 0 0 0 0 0 0 55 0 0 0 0 0 0 0 0 0 0 0 0 0 0 0 0
205 TGT 0 0 0 0 0 0 0 0 0 0 0 0 0 0 0 0 0 0 0 0 0 0 0 0 0 0 0 11 0 0 0 0 0 0 0 0 0 0 0 0 0 0 0 0 0 0 0 0 0 0 0 15 0 0 0 0 1 34 0 94056 0 13 0 9
206 CCA 0 0 0 0 0 0 6 16 0 0 0 0 0 0 0 0 0 9 0 0 93846 28 1 0 0 0 0 0 0 0 0 0 0 0 0 0 0 0 0 0 0 0 0 0 0 0 0 11 0 0 0 8 23 0 0 0 0 0 0 0 0 0 0 0
207 AAG 3 0 93930 5 0 0 2 0 0 0 13 0 0 0 0 0 0 15 12 0 0 0 0 0 0 0 0 0 0 0 0 0 0 0 23 0 0 0 0 0 0 0 0 0 0 0 0 0 0 0 0 0 0 0 0 0 0 13 0 0 0 0 0 0
208 GTA 0 0 0 24 0 0 0 11 0 0 0 0 26 0 0 0 0 0 0 0 0 0 0 0 0 0 0 0 8 0 0 0 0 0 0 0 9 0 0 0 0 0 0 0 94287 30 5 0 0 0 0 0 0 0 11 0 0 0 0 0 0 0 0 0
209 ACC 0 28 0 0 4 93883 11 2 0 0 0 0 0 6 0 0 0 0 0 8 0 0 0 0 0 0 0 0 0 0 0 0 0 0 8 0 0 7 7 0 0 0 0 0 0 0 0 0 0 0 0 0 0 0 0 0 0 0 0 0 0 9 0 0
210 TTT 0 0 0 0 0 0 0 0 0 0 0 0 0 0 0 3 0 0 0 0 0 0 0 6 8 0 0 0 0 0 0 17 0 0 0 0 0 0 0 0 0 0 0 0 12 0 0 2 0 0 0 0 0 0 0 2 0 0 0 1 0 14 0 93646
211 GAG 0 0 37 0 18 0 0 0 0 0 0 0 0 0 0 0 0 0 10 0 0 0 0 0 0 0 0 0 0 0 0 0 42 0 93690 0 0 0 1 0 1 0 10 0 0 0 7 0 0 0 7 0 16 0 0 0 0 0 0 0 0 0 0 0
212 CCA 0 0 0 0 0 0 0 0 0 0 0 0 0 0 0 0 17 0 0 0 93338 7 30 1 0 0 11 0 0 0 0 0 0 0 0 0 0 0 0 0 0 0 0 0 0 0 0 0 0 0 0 0 116 0 0 0 0 0 0 0 0 0 0 0
213 ATT 14 0 13 6 0 0 0 0 14 0 0 6 5 0 0 93503 0 0 0 0 0 0 0 18 0 9 0 0 0 0 0 0 0 0 0 0 0 0 0 0 0 0 0 0 0 0 0 0 0 0 0 0 0 0 0 0 0 0 0 0 0 0 0 0
214 CCC 0 0 0 0 0 1 0 0 0 0 0 0 9 0 0 0 0 3 0 0 5 93839 0 0 0 0 0 0 0 18 0 0 0 0 0 0 0 33 0 0 0 0 0 0 0 0 0 0 0 0 0 0 0 23 0 0 0 0 0 5 0 0 0 0
215 ATA 0 0 12 0 25 0 0 0 0 0 0 0 94118 11 5 0 5 0 0 0 0 0 0 0 0 0 0 0 0 0 0 8 0 0 0 0 0 0 0 0 0 0 0 0 0 0 0 0 0 0 0 0 0 0 0 0 0 0 0 0 0 0 0 1
216 CAT 0 0 0 9 0 0 0 0 0 0 0 0 2 0 0 0 20 3 11 94139 0 0 0 0 0 0 0 12 0 0 0 0 0 0 0 0 8 0 0 0 0 0 0 0 0 0 0 1 0 13 0 6 0 0 0 0 0 0 0 0 0 0 0 32
217 TAT 0 0 0 0 0 0 0 0 16 0 0 0 0 0 0 0 0 0 0 4 0 0 0 0 0 0 0 0 0 0 0 0 0 0 0 0 0 0 0 0 0 0 0 0 0 0 0 0 0 5 0 93981 0 0 0 0 0 0 0 4 0 0 0 1
218 TGT 0 0 0 0 0 0 0 0 0 0 0 0 0 0 0 0 0 0 0 0 0 13 0 0 0 0 0 13 0 0 0 0 0 0 0 0 0 0 0 0 0 0 0 0 0 0 0 0 0 0 0 2 0 0 0 0 0 2 0 94177 0 0 12 1
219 GCC 0 0 0 0 0 48 0 0 0 0 0 0 0 0 0 0 0 0 0 0 0 0 0 0 0 0 0 0 0 0 0 0 0 2 0 0 2 94031 0 38 0 0 0 0 0 71 22 0 0 0 0 0 0 0 0 0 0 0 0 0 0 0 0 0
220 CCA 0 0 0 0 2 0 0 0 0 0 0 0 0 12 0 0 0 0 0 0 94077 11 44 0 0 0 0 0 24 0 0 0 0 0 0 0 0 0 0 0 0 0 0 0 0 0 0 0 0 0 0 0 11 0 0 0 0 0 0 0 0 0 0 0
221 GCT 0 0 0 0 0 1 0 48 0 0 0 0 0 0 7 0 0 0 0 0 7 4 0 0 0 0 0 0 0 0 0 0 0 0 0 0 0 11 0 94220 11 0 0 0 0 0 0 40 0 0 0 0 0 9 0 0 0 0 0 0 0 0 0 0
222 GGT 0 0 0 0 17 0 0 13 0 12 0 26 0 0 0 0 0 0 0 12 0 0 0 0 0 8 0 0 0 0 0 0 0 0 0 20 0 0 12 0 0 9 0 94266 0 0 0 2 0 0 0 0 0 0 0 0 0 0 0 0 0 0 0 0
223 TTT 0 0 0 0 0 0 0 0 0 0 0 0 0 0 0 0 0 0 0 0 0 0 0 0 7 0 0 0 0 0 0 0 0 0 0 0 0 0 0 0 0 0 0 0 0 0 0 0 0 0 0 0 0 0 0 1 0 0 0 1 0 27 10 94140
224 GCG 0 0 0 0 0 12 37 0 0 0 0 0 0 4 0 0 0 0 0 0 0 0 5 0 0 0 0 0 0 0 0 0 0 0 9 0 7 0 93933 5 0 0 2 0 10 0 200 22 0 0 0 0 0 8 0 0 0 0 0 0 0 0 0 0
225 ATT 0 0 0 0 0 0 0 1 0 0 0 0 0 1 0 94341 0 0 0 0 0 0 0 0 0 0 0 0 0 0 0 9 0 0 0 0 0 0 0 0 0 0 0 0 0 0 0 0 0 0 0 0 0 0 0 0 0 0 0 0 0 0 0 1
226 CTA 0 0 0 0 0 0 0 0 0 0 0 0 0 0 0 0 0 0 0 0 12 0 0 0 0 0 0 0 94420 0 24 0 0 0 0 0 0 0 0 0 0 0 0 0 14 0 0 0 0 0 0 0 0 0 0 0 21 0 0 0 8 0 0 0
227 AAG 30 0 94401 0 0 0 0 0 0 0 81 0 0 0 0 0 0 0 19 0 0 0 0 0 0 0 0 0 0 0 0 12 0 0 3 0 0 0 0 0 0 0 0 0 0 0 0 0 0 0 0 0 0 0 0 16 0 0 0 0 0 0 0 0
228 TGT 10 0 0 6 0 0 0 0 0 0 0 0 0 0 0 0 0 0 0 0 0 0 0 0 0 0 0 0 0 0 0 0 0 0 0 0 0 0 0 0 0 0 0 0 0 0 0 0 0 0 0 24 0 0 0 0 0 1 0 94340 0 0 0 0
229 AAG 34 14 94372 9 0 0 7 0 0 0 41 0 0 0 10 0 0 0 0 11 0 0 0 0 0 0 0 0 0 0 0 0 0 0 17 0 0 0 0 7 0 0 0 0 0 0 0 0 0 0 2 0 12 0 0 0 0 0 0 0 0 0 0 0
230 GAT 0 0 0 43 0 0 0 0 0 0 0 0 0 0 0 0 0 0 0 0 0 0 0 0 0 0 0 0 0 0 0 0 0 0 0 94467 0 0 0 0 0 0 0 1 0 0 0 0 0 0 0 0 0 0 0 0 0 0 0 0 0 0 0 0
231 GAG 0 10 0 0 15 0 0 0 0 9 0 0 0 0 10 0 0 0 0 13 7 0 0 25 0 0 0 0 0 0 0 0 33 0 94335 23 10 0 0 0 0 0 67 0 0 0 1 0 0 0 0 0 0 0 0 0 0 0 0 0 0 0 0 0
232 AAG 31 7 94439 0 0 0 0 0 0 0 0 0 0 0 1 0 12 0 0 0 0 0 0 0 0 12 11 22 0 13 0 0 0 8 2 0 0 0 0 0 0 0 0 0 0 0 0 0 0 16 1 0 0 0 0 0 0 11 0 12 7 0 0 0
233 TTC 0 0 0 0 0 0 0 0 0 0 0 0 0 0 0 0 0 7 0 0 0 0 27 0 0 0 0 0 0 0 0 0 0 0 0 0 0 0 0 0 0 0 0 0 0 0 0 0 0 0 11 0 0 0 0 0 0 0 0 0 0 94365 0 7
234 AAT 31 2 0 94348 0 0 0 0 0 0 0 21 12 0 0 1 10 0 0 0 17 0 11 0 0 0 0 0 7 0 0 0 0 0 0 36 0 0 6 0 0 0 0 0 0 0 0 0 0 0 13 3 0 0 0 0 0 0 0 0 0 0 0 0
235 GGA 0 0 0 0 0 0 0 0 34 0 0 0 0 0 0 0 0 0 0 6 0 0 0 0 0 0 0 0 0 11 0 0 33 0 0 0 0 0 0 0 94314 0 0 0 0 0 0 0 0 0 0 0 0 0 0 8 5 0 0 0 0 0 0 0
236 ACA 0 0 0 0 94365 20 54 1 0 0 0 0 44 0 0 0 0 14 0 0 0 0 0 0 0 0 0 6 0 7 0 0 0 0 0 0 16 0 0 0 0 0 0 0 0 0 0 0 0 0 0 0 0 0 0 0 0 0 0 0 0 0 0 0
237 GGG 0 0 0 0 0 0 0 0 0 0 2 0 0 0 0 0 0 0 0 0 0 0 0 0 0 0 0 0 0 0 0 0 0 0 30 0 0 0 0 8 38 8 94401 12 0 0 7 0 0 0 0 0 0 0 0 0 0 0 12 0 0 0 0 0
238 CTA 0 0 0 0 0 0 0 12 0 0 0 2 0 27 0 0 0 0 0 10 12 17 1 13 0 0 0 0 94296 25 0 0 0 9 5 0 0 0 21 0 0 0 0 0 0 0 0 5 0 14 0 0 0 12 0 0 0 0 0 29 13 0 0 0
239 TGT 0 9 0 0 0 0 0 0 0 0 0 0 0 0 0 0 0 0 0 0 0 0 0 0 0 0 0 16 0 0 0 0 0 0 0 0 0 0 0 0 0 0 0 0 0 0 0 0 0 0 0 37 0 0 0 0 15 32 0 94478 0 0 0 0
240 AAA 94424 0 0 10 0 0 0 0 0 0 0 0 0 0 12 0 13 4 0 0 20 14 0 0 0 0 0 0 0 0 10 0 5 0 0 16 0 0 0 0 0 0 0 0 0 0 0 0 0 0 0 0 7 0 11 0 0 0 18 0 0 12 0 0
241 AAT 0 0 1 94355 8 0 0 0 0 9 0 20 0 14 0 17 0 0 0 0 0 0 0 0 0 13 0 0 19 0 0 9 0 0 0 12 0 0 0 11 0 0 5 0 0 0 0 0 0 0 0 0 0 0 0 0 0 0 0 0 0 0 0 0
242 GTC 0 0 0 0 0 0 0 0 0 0 0 31 0 2 0 0 0 0 0 0 0 0 0 0 0 0 0 0 0 14 0 8 0 0 0 0 0 8 13 0 0 0 0 0 0 94346 0 46 0 0 0 0 0 16 0 0 0 0 0 0 18 11 0 0
243 AGC 0 35 0 0 0 29 0 0 12 94214 0 83 0 0 0 0 0 0 0 0 0 0 0 0 0 2 17 0 0 0 0 0 0 0 0 0 0 0 12 0 10 30 0 0 0 0 0 0 0 0 0 0 0 0 0 0 0 0 0 0 0 0 0 0
244 ACA 4 0 0 0 94432 1 34 0 0 0 0 18 15 0 0 0 0 0 0 0 0 0 13 0 0 0 10 0 0 0 0 0 0 0 0 0 0 0 0 4 0 11 0 0 0 0 0 0 0 0 0 15 0 0 0 7 0 0 0 0 0 0 0 0
245 GTA 0 0 0 0 0 0 0 0 0 0 0 0 28 0 0 0 0 0 0 0 0 0 0 0 0 0 0 0 2 0 0 0 0 0 0 0 5 0 0 0 0 0 0 21 94544 0 18 0 0 0 0 0 0 0 0 0 0 0 0 0 0 0 0 8
246 CAA 8 0 0 0 0 0 0 0 0 0 0 0 0 0 0 7 94358 16 48 1 0 0 0 19 1 0 0 0 22 0 0 0 0 0 0 0 0 0 0 0 0 0 0 0 0 7 0 0 14 0 0 0 0 0 0 0 0 0 0 0 0 0 0 17
247 TGC 0 26 10 0 0 0 0 0 0 0 0 0 0 0 0 0 0 0 0 0 0 0 0 0 0 10 0 0 0 0 0 0 0 0 0 0 0 0 0 0 0 0 0 0 0 0 0 0 0 97 0 0 0 0 0 0 0 94311 0 77 0 1 0 0
248 ACA 0 0 0 0 94532 0 19 27 0 0 0 0 32 0 0 0 0 0 0 0 0 0 0 0 0 0 0 2 0 0 0 0 0 0 0 0 0 0 0 0 7 0 0 0 0 0 0 0 0 0 0 0 0 0 0 0 0 0 0 0 0 0 0 0
249 CAT 0 0 0 0 0 0 0 0 0 0 0 0 0 0 0 0 11 24 9 94278 0 0 0 0 0 0 0 1 0 0 0 0 11 0 0 0 8 11 0 0 0 0 0 12 0 0 0 0 0 0 0 17 0 0 17 0 0 10 0 0 0 0 0 0
250 GGA 16 0 0 0 0 0 0 0 26 0 0 0 0 0 0 0 0 0 0 9 0 0 0 0 0 8 0 0 0 0 0 0 11 0 0 0 0 0 11 17 94486 0 23 0 0 0 0 0 0 0 0 0 0 0 0 0 8 0 0 0 0 0 0 0
251 ATC 0 0 0 0 0 2 0 0 0 0 0 0 0 94550 8 2 0 0 0 0 0 0 0 0 0 0 0 0 0 0 0 0 0 0 0 0 0 0 0 0 0 0 10 0 0 0 0 0 0 0 0 0 0 4 0 0 0 0 0 0 0 0 0 0
252 AAG 62 0 94407 3 0 0 1 0 0 10 16 0 0 0 2 0 0 0 0 0 0 0 0 0 0 0 5 0 7 0 0 0 0 0 20 0 0 0 0 0 0 0 0 0 14 0 0 0 0 0 1 0 0 0 0 0 0 0 0 0 8 0 0 0
253 CCA 0 0 0 0 10 0 0 0 0 0 0 0 0 0 0 0 0 0 0 0 94507 0 4 8 0 0 0 0 21 0 0 0 0 0 0 0 0 0 0 0 7 0 0 0 0 0 0 0 0 0 0 0 15 0 0 0 0 0 0 0 0 0 0 0
254 GTA 0 0 0 1 0 0 0 0 0 0 0 0 45 0 0 0 12 0 0 0 0 9 0 0 0 0 0 0 0 0 0 0 2 0 0 0 8 9 0 0 0 0 0 0 94495 0 39 0 0 0 0 0 0 0 0 0 0 0 0 0 0 0 0 0
255 GTA 0 0 0 0 0 0 0 0 0 0 0 0 10 0 0 0 0 0 0 0 0 0 0 0 0 0 0 0 0 0 0 0 0 0 0 0 2 6 0 0 0 0 0 0 94576 12 0 0 0 0 0 0 0 6 0 0 0 0 0 0 0 4 0 0
256 TCA 0 0 0 0 0 0 0 0 0 0 0 0 0 0 0 0 0 0 0 0 0 0 0 0 0 0 0 0 0 0 0 0 0 0 0 0 11 0 0 0 0 0 0 5 0 0 0 0 0 0 14 0 94495 0 2 0 0 0 0 0 3 0 0 0
257 ACT 0 0 0 6 8 3 6 94248 0 11 0 0 0 0 0 13 0 0 0 0 0 0 0 0 0 0 0 0 0 0 11 0 0 0 0 0 0 0 0 0 0 0 0 0 0 0 0 0 0 0 0 0 0 0 0 0 0 0 0 0 0 0 11 0
258 CAA 9 0 0 0 0 0 0 0 0 0 7 0 0 0 0 0 84655 11 4 0 0 0 0 0 14 0 0 0 0 0 0 0 0 0 0 0 0 0 0 0 0 0 0 0 0 0 0 0 0 0 0 0 0 0 0 0 0 0 0 0 0 0 0 0
259 CTG 3 0 0 0 0 0 0 0 0 0 0 0 0 13 0 0 0 0 0 0 0 0 0 0 0 0 0 0 70 0 84586 10 0 0 0 0 0 0 0 0 0 0 0 0 0 0 1 0 0 0 0 0 0 0 0 0 0 0 0 0 0 0 5 17
260 CTG 0 0 0 0 0 0 0 0 0 0 0 0 0 7 14 0 0 0 0 15 0 0 7 0 0 0 0 0 43 0 84580 0 0 0 0 0 0 0 0 0 0 0 0 0 0 0 0 0 0 0 0 0 0 0 0 0 0 0 0 0 0 0 39 0
261 TTA 0 0 0 0 0 0 0 0 0 0 0 0 0 0 0 0 0 0 0 0 0 0 0 0 0 0 0 0 5 0 0 0 0 0 0 0 0 0 0 0 0 0 0 0 0 0 0 0 0 0 0 11 0 0 0 0 0 0 0 0 84676 0 3 0
262 AAT 0 2 0 84660 0 0 0 0 0 0 0 1 10 0 0 8 0 0 0 0 0 0 0 0 0 0 0 0 0 0 0 0 0 0 0 1 0 14 0 0 0 0 0 0 0 0 0 0 0 0 0 0 0 0 0 0 0 0 0 0 0 0 0 0
263 GGC 0 0 0 0 0 0 0 8 0 0 0 0 0 0 0 0 6 0 0 0 0 0 0 0 0 0 0 0 0 14 0 0 0 56 0 0 0 4 0 0 6 84380 15 127 0 0 0 0 0 0 0 0 15 0 0 9 0 0 0 0 0 0 0 0
264 AGT 0 0 0 40 0 0 0 0 0 2 0 84646 0 0 0 0 0 0 0 0 0 0 0 0 0 0 0 0 0 0 0 0 0 0 0 0 0 0 0 0 0 0 0 4 0 0 0 0 11 0 0 0 0 0 0 0 0 0 0 0 0 0 0 0
265 CTA 0 0 0 0 0 0 0 0 0 0 0 0 7 8 0 0 12 0 0 0 4 0 0 0 0 0 0 0 84576 13 31 1 0 0 0 0 0 0 0 0 0 0 0 0 10 0 0 0 0 0 0 0 0 0 0 19 0 0 0 0 22 0 0 0
266 GCA 0 11 0 7 70 0 0 0 0 0 0 0 0 0 0 0 0 0 0 0 0 0 0 0 0 0 0 0 0 0 11 0 1 0 0 0 84481 0 10 0 0 0 0 0 58 0 0 14 0 0 0 0 12 0 0 0 0 0 0 0 0 0 0 0
267 GAA 35 10 0 0 0 0 0 0 0 0 2 0 0 0 0 0 4 0 0 0 0 0 0 0 0 0 0 0 0 0 0 0 84575 1 12 0 0 0 0 0 10 0 0 6 0 0 0 8 1 0 0 0 0 0 0 0 0 0 0 0 0 0 0 0
268 GGA 0 0 0 0 0 8 0 0 19 0 0 0 0 13 0 0 0 0 0 16 0 0 0 0 0 0 0 0 0 0 0 0 17 0 0 0 0 0 0 0 84497 0 27 0 0 0 0 0 0 0 0 0 13 7 0 0 0 0 0 0 0 0 0 0
269 GAG 0 0 0 0 0 9 0 0 0 0 0 0 6 0 0 0 0 0 0 0 0 0 0 0 0 0 0 0 0 0 0 0 9 0 84514 41 0 0 1 0 0 0 25 0 0 0 0 0 0 0 38 0 7 0 0 0 0 0 0 0 0 0 0 0
270 GTA 0 0 0 0 0 0 0 0 0 0 0 12 50 0 0 0 0 0 0 0 4 0 0 13 0 0 0 0 0 0 0 0 0 0 0 0 2 0 0 0 0 0 0 0 84569 0 15 0 0 0 0 0 0 9 0 0 0 0 0 0 13 0 0 0
271 AGA 63 0 0 0 0 0 0 0 84574 10 0 18 10 4 0 0 0 11 0 0 0 0 0 0 17 0 0 0 0 0 0 0 0 0 0 0 0 0 0 0 3 0 0 0 0 0 0 0 0 0 0 0 0 0 0 0 0 0 0 0 0 0 0 0
272 ATT 0 0 0 0 0 0 0 4 0 0 0 0 1 0 0 84667 0 0 0 0 0 0 0 0 0 0 0 0 0 10 0 0 0 0 0 0 0 0 0 0 0 0 0 0 0 0 17 0 0 0 0 0 0 0 0 0 0 0 0 8 0 0 0 1
273 AGA 17 0 0 0 0 0 0 0 84627 0 0 0 0 0 0 0 0 0 0 0 0 0 0 0 8 0 0 0 0 0 0 0 0 0 0 0 0 0 0 17 25 0 0 0 0 0 0 0 0 0 0 0 0 0 0 0 0 0 0 0 0 0 0 0
274 TCT 0 9 0 0 0 0 0 0 0 0 4 14 0 0 0 0 0 0 0 0 0 0 0 10 0 0 0 0 0 0 10 0 0 0 0 0 0 0 0 11 0 0 0 0 0 12 0 0 8 0 0 0 17 60 8 84501 0 0 0 0 0 0 0 30
275 GAA 28 0 0 0 0 0 0 0 0 0 0 0 0 0 0 0 0 0 19 0 16 0 0 4 0 0 8 0 0 10 0 0 84490 0 5 0 11 8 0 0 1 0 0 0 0 0 7 0 1 0 0 0 16 10 0 0 0 0 0 0 0 0 13 16
276 AAT 0 10 0 84597 17 0 0 8 0 0 0 0 0 0 0 0 11 0 0 0 0 0 0 0 0 0 0 0 17 0 0 0 0 0 0 0 0 0 0 0 0 0 0 0 0 0 0 23 0 0 0 0 0 0 0 0 0 0 0 0 0 0 0 0
277 ATC 0 0 0 0 16 6 0 0 0 0 0 0 2 84612 0 2 0 17 0 0 0 0 0 0 0 0 0 0 0 0 0 0 0 0 0 0 0 0 0 0 0 0 9 0 7 4 0 0 0 0 0 0 0 0 0 0 0 0 0 0 0 0 0 11
278 ACA 0 0 0 0 84637 0 5 0 1 0 0 0 9 0 0 0 0 0 0 0 0 0 0 0 0 0 0 0 0 0 0 0 0 0 0 0 23 0 0 0 11 0 0 6 0 0 0 0 0 0 0 0 0 9 0 0 0 0 0 0 0 0 0 0
279 AAC 7 84677 8 23 0 0 0 0 0 0 0 0 0 0 0 0 0 0 0 0 0 0 0 0 0 0 0 0 0 0 0 0 0 1 0 0 0 0 0 0 0 0 0 0 0 0 0 0 0 0 0 0 0 0 0 0 0 0 0 0 0 0 0 0
280 AAT 0 1 0 84674 0 0 0 0 0 0 0 2 0 0 0 0 0 0 0 0 0 0 0 0 0 0 0 0 0 0 0 0 0 0 0 2 0 0 8 0 0 0 0 0 0 0 0 0 0 0 0 0 0 0 0 0 0 0 0 0 0 0 0 0
281 GCC 0 0 0 13 0 65 0 0 0 0 0 0 0 0 0 0 9 0 0 0 0 0 0 0 0 0 0 0 0 3 0 11 0 0 0 0 11 84407 0 1 0 10 0 11 1 49 0 0 0 0 13 0 0 23 0 10 0 0 0 0 0 0 11 0
282 AAA 84619 0 0 0 0 0 0 0 30 0 0 0 0 0 0 0 9 0 0 0 0 12 0 0 10 15 0 0 0 0 0 0 4 0 0 0 0 0 0 0 0 0 0 0 0 0 0 0 0 5 0 0 0 0 0 0 0 0 0 0 0 0 0 0
283 AAC 22 84607 0 23 0 0 0 0 0 10 0 0 0 4 0 0 0 0 0 0 0 0 0 0 0 0 0 0 0 0 0 0 0 19 0 0 0 0 0 0 0 0 0 0 0 0 0 0 0 0 0 0 0 10 0 0 0 0 0 0 0 0 0 0
284 ATA 0 0 0 0 6 0 0 0 0 0 0 0 84679 0 11 0 0 0 0 0 0 0 0 0 0 0 0 0 0 0 0 0 0 0 0 0 0 0 0 0 0 0 0 0 0 0 0 0 0 0 0 0 0 0 0 0 0 0 0 0 0 0 0 0
285 ATA 0 0 0 0 10 0 0 0 0 0 0 0 84592 0 44 0 0 0 0 0 16 0 0 0 0 0 0 0 0 0 0 12 0 0 0 0 0 0 0 0 0 0 0 0 16 10 0 0 0 0 0 0 1 0 0 0 0 0 0 0 0 0 7 0
286 GTA 0 0 0 0 0 0 0 0 13 0 0 0 27 2 0 0 0 0 0 0 0 0 0 0 0 0 0 0 14 0 0 15 0 0 0 0 15 6 0 0 0 0 0 0 84541 0 22 0 0 0 14 0 0 0 0 0 0 0 0 0 0 0 0 0
287 CAA 7 0 0 0 7 0 0 0 5 0 11 0 0 0 0 0 84614 0 4 0 0 0 0 0 2 0 0 0 0 6 0 0 0 0 0 0 0 0 0 0 9 0 0 8 10 0 0 0 3 0 0 8 0 0 0 0 0 0 0 0 0 0 0 0
288 CTT 0 0 0 0 0 0 0 0 0 0 0 0 0 0 0 12 0 0 0 0 0 0 0 33 0 0 0 0 12 8 0 84615 0 0 0 0 0 0 0 0 0 0 0 0 0 0 0 0 0 0 0 0 0 0 0 0 0 0 0 0 0 0 0 9
289 GCC 0 0 0 0 0 79 21 0 0 0 15 0 0 0 0 0 0 0 0 0 0 26 6 0 0 0 0 0 0 0 0 0 0 9 0 0 13 84206 0 30 0 1 0 0 0 96 0 0 0 0 0 0 25 13 0 14 0 0 0 0 0 0 0 0
290 AGC 0 34 0 9 0 0 0 0 0 84446 9 56 0 1 0 0 0 0 0 0 0 0 0 0 0 0 0 0 0 0 14 0 0 14 0 0 0 0 0 0 0 10 0 0 0 0 0 0 0 13 0 0 0 0 0 0 0 1 0 0 0 0 0 0
291 CCT 0 0 0 0 0 0 0 3 0 0 0 0 0 0 0 0 0 0 0 3 2 97 2 84503 0 0 0 0 0 0 0 1 0 0 0 0 0 0 0 0 0 0 0 0 0 0 0 0 0 0 0 0 0 0 0 3 0 0 0 0 0 0 0 0
292 GTA 0 0 0 0 0 0 0 0 0 0 0 0 96 13 0 0 0 0 0 0 0 0 0 2 0 0 0 0 0 0 0 0 0 0 0 0 5 0 0 0 0 0 0 0 84510 0 1 0 0 0 0 0 0 0 0 0 0 0 0 0 6 0 0 0
293 ACA 20 0 0 0 84571 0 0 0 0 0 0 0 23 0 0 0 0 0 0 5 0 0 0 0 0 13 0 0 0 0 0 0 0 0 0 0 11 10 0 0 0 0 0 0 0 0 0 0 0 0 0 0 0 0 0 0 0 0 0 0 0 0 0 5
294 ATT 0 14 13 9 0 0 0 25 0 0 0 0 0 1 0 84516 13 0 0 0 0 0 0 0 0 0 4 0 0 10 0 0 0 0 0 0 7 0 0 0 0 0 0 0 15 0 0 0 0 0 0 0 0 0 0 0 5 0 0 0 0 0 13 3
295 AAT 0 0 0 84574 0 0 0 0 0 0 0 15 0 0 0 0 0 0 0 0 0 0 0 0 0 6 0 0 0 0 0 7 0 0 0 10 15 0 0 0 23 0 0 0 0 0 0 6 7 0 0 0 0 0 0 0 22 0 0 0 0 0 0 15
296 TGT 0 0 0 0 0 0 0 0 0 0 0 14 0 0 0 0 0 0 0 0 0 0 0 0 0 0 0 0 0 0 0 0 0 0 0 0 0 0 0 0 0 0 0 0 0 0 0 0 0 0 0 12 0 0 0 0 0 24 0 84479 0 0 0 0
297 ATC 0 10 0 0 0 15 0 0 0 0 0 10 0 84495 0 32 0 0 0 18 0 0 0 0 0 0 0 0 0 0 0 0 0 0 0 0 0 0 0 9 0 0 0 0 0 4 0 0 0 0 0 0 0 0 0 0 0 0 0 0 0 0 8 5
298 AGA 3 0 0 0 0 0 0 0 84461 0 15 1 0 0 0 0 6 0 0 0 0 0 0 0 2 0 0 0 0 0 0 0 0 0 0 0 0 0 0 0 47 0 0 0 0 0 0 0 0 0 0 0 0 0 18 0 0 0 0 0 0 0 0 0
299 CCT 0 0 0 0 0 0 0 0 0 0 0 0 0 0 0 0 0 0 0 13 19 71 0 84391 0 0 0 0 0 0 0 1 0 0 0 0 0 0 0 0 0 0 0 0 0 0 0 0 0 0 0 0 0 0 0 13 0 0 0 0 0 0 0 0
300 AAC 0 84606 0 12 0 0 0 0 0 0 1 0 0 0 0 0 0 0 0 0 0 0 0 0 0 0 0 0 0 0 0 0 0 3 0 0 0 15 0 0 0 0 0 0 0 0 0 0 0 2 0 0 0 0 0 0 0 0 0 0 0 0 0 0
301 AAC 13 84579 5 17 0 0 0 0 0 8 0 0 0 1 0 0 0 0 0 6 0 0 0 0 0 0 0 0 0 0 0 0 7 6 0 0 0 0 0 0 0 0 0 0 0 0 0 0 0 0 0 0 0 0 7 0 0 0 0 0 0 0 0 0
302 AAT 0 0 0 84505 0 0 0 0 0 7 0 0 0 0 9 17 0 0 0 2 0 0 0 0 0 0 5 0 0 0 0 0 0 0 0 2 16 0 0 0 0 0 0 0 0 0 0 0 0 0 0 4 0 7 0 0 0 0 0 0 0 0 0 0
303 ACA 25 15 0 0 84510 0 15 0 0 0 0 0 22 0 0 0 0 0 0 0 0 0 0 0 0 0 0 0 0 0 0 0 0 0 0 0 9 0 0 0 0 0 0 0 0 0 0 0 0 0 0 0 0 0 0 0 0 0 0 0 0 0 0 0
304 AGA 10 0 0 0 0 0 0 0 84511 0 0 0 0 0 11 0 0 8 0 0 0 0 0 0 1 0 0 0 8 0 19 0 0 0 0 0 0 0 0 0 13 0 0 0 6 0 0 0 0 0 0 0 0 0 0 0 2 11 0 0 0 0 0 12
305 AAA 84574 13 10 0 0 0 0 0 11 0 0 3 10 0 0 0 0 7 0 0 0 7 0 0 0 0 0 0 0 0 0 0 0 0 0 0 0 0 0 0 0 0 0 0 0 0 0 0 19 0 0 0 0 0 0 0 0 0 0 0 3 0 0 0
306 AGT 0 0 0 36 0 0 0 8 0 0 0 83090 3 0 0 0 0 0 0 0 0 12 8 0 13 0 0 25 0 0 0 0 37 0 0 0 4 0 0 0 10 0 0 426 0 0 0 0 5 0 0 0 0 0 0 0 0 0 0 2 0 5 0 0
307 GTA 0 0 0 0 0 0 0 0 0 0 0 0 39 11 0 0 0 0 0 0 0 0 0 0 0 0 0 0 0 0 0 0 0 0 0 0 6 0 0 0 0 0 0 0 84029 0 25 12 0 3 0 5 0 0 0 0 0 0 9 0 0 0 6 0
308 CAC 0 8 0 0 7 2 0 0 0 0 0 0 0 0 0 12 4 84329 0 13 0 11 0 0 0 12 9 0 4 11 0 0 0 1 0 0 0 0 0 0 0 0 0 0 0 3 0 0 0 77 0 0 0 0 0 0 0 0 0 0 0 0 0 0
309 CTA 0 0 0 0 0 13 0 0 0 0 0 0 28 0 9 0 1 0 0 0 22 0 0 0 0 0 0 0 84212 9 37 2 0 0 0 0 0 0 0 0 0 0 0 0 1 0 17 0 0 0 4 0 0 0 0 0 0 0 0 0 9 0 0 0
312 GGA 0 0 0 0 0 0 0 0 40 0 0 0 0 0 0 0 0 0 0 0 0 0 0 0 5 0 0 0 0 0 0 0 1 27 15 0 0 0 0 0 81458 0 1 0 0 0 0 7 0 0 0 0 0 0 0 0 2 0 0 0 0 0 0 0
313 CCA 0 0 0 0 15 0 0 0 0 0 0 0 0 0 0 0 44 0 14 0 84132 10 69 15 0 0 0 0 22 0 5 0 0 0 0 0 0 0 0 0 0 0 0 0 0 0 0 0 0 0 0 0 5 0 0 0 0 0 14 0 0 0 0 0
314 GGA 0 0 1 0 0 0 0 0 22 0 0 0 0 0 0 0 0 0 0 0 0 0 0 0 0 0 0 0 0 0 0 0 11 10 0 0 7 0 0 0 83802 28 14 0 0 0 0 0 0 0 0 0 0 0 0 0 3 0 0 0 0 0 0 0
315 CAA 17 2 0 0 0 0 0 0 0 0 0 0 0 0 4 0 83827 0 3 3 0 0 0 0 2 0 0 0 6 0 0 0 0 0 0 0 0 0 0 0 0 0 0 0 0 0 0 0 13 0 0 0 0 0 0 0 0 0 0 0 0 0 0 0
316 GCA 0 9 0 0 44 0 0 0 0 0 0 0 0 0 0 0 0 0 0 0 0 1 0 9 0 0 0 0 0 0 0 0 0 0 0 15 82875 14 1 13 0 0 0 0 66 0 0 0 0 0 0 0 0 0 0 0 0 0 0 0 0 0 0 0
317 TTC 0 0 0 0 0 0 10 0 0 0 0 0 0 0 0 0 0 0 0 0 0 0 0 0 0 0 0 0 0 0 0 0 0 0 0 0 0 0 0 0 0 2 0 0 0 0 0 0 0 3 0 0 0 1 0 0 0 0 0 0 19 73474 0 12
317a TAT 0 0 0 7 0 0 0 0 0 0 0 0 0 0 0 0 0 0 0 32 0 0 0 0 0 0 0 12 7 0 0 0 0 0 0 0 0 0 0 11 0 0 0 0 0 0 0 0 0 1 0 83675 0 0 0 0 0 0 0 9 0 0 0 0
318 GCA 0 0 0 0 64 0 0 0 0 8 0 0 0 0 0 0 0 0 0 25 0 0 0 0 2 0 0 0 9 0 0 0 0 5 0 0 66659 8 5 0 0 0 0 0 29 0 0 6 0 0 0 0 0 0 0 0 0 0 0 0 0 0 0 0
319 ACA 12 0 0 0 84029 0 18 9 0 0 7 0 3 0 0 0 0 0 4 0 0 0 0 0 0 0 0 0 0 0 0 0 0 0 0 0 2 0 11 0 0 0 0 0 0 0 0 0 0 0 0 0 0 9 0 0 15 0 0 0 0 0 0 0
320 GAT 14 0 12 18 0 0 0 0 0 9 0 0 0 0 0 0 0 0 0 0 0 0 0 0 0 0 0 0 10 0 0 9 5 3 0 82012 0 0 0 0 0 0 5 20 0 0 0 0 0 0 0 9 0 0 0 0 0 0 0 0 0 0 0 0
321 GGC 0 0 0 0 0 0 0 0 0 24 0 0 0 0 0 0 0 0 0 0 0 0 0 0 0 0 0 0 6 6 0 0 0 104 0 0 0 0 0 0 3 76616 2 54 0 1 0 0 0 0 0 0 0 0 0 0 0 6 0 0 11 0 0 0
322 ATA 0 0 0 0 3 0 0 0 0 0 0 0 84337 0 27 1 0 0 0 0 0 0 0 0 0 0 0 0 0 0 0 0 0 0 0 0 0 0 0 0 0 0 0 0 0 0 0 0 0 0 0 0 0 0 0 0 0 0 0 0 0 0 31 11
323 ATA 22 0 0 0 8 0 0 0 0 0 0 0 84065 0 21 11 0 0 0 0 0 0 0 0 0 0 0 0 0 0 0 0 0 0 0 0 0 0 0 0 0 0 5 0 34 0 11 15 0 0 0 0 0 0 0 3 0 0 0 0 1 0 0 0
324 GGG 0 0 0 0 0 0 0 0 0 0 19 0 0 0 0 0 0 0 0 0 8 0 0 0 0 0 0 0 0 0 0 0 0 0 4 0 0 0 0 0 35 0 84122 0 0 0 1 0 0 0 0 0 0 0 0 0 0 0 2 0 0 0 0 0
325 GAG 12 0 21 8 0 0 0 0 0 0 0 0 0 0 0 0 0 0 24 0 1 4 0 0 0 0 0 0 0 0 15 0 52 0 84223 4 0 0 0 2 0 0 19 0 0 0 0 0 0 0 0 5 0 0 0 0 0 0 0 0 0 0 13 0
326 ATA 0 0 0 0 4 0 0 0 0 9 0 0 84524 0 34 1 0 0 0 0 0 2 0 0 0 0 0 0 0 0 0 0 0 0 0 0 0 0 0 0 0 0 0 0 0 0 0 0 0 0 0 0 0 0 0 0 0 0 0 0 1 0 0 0
327 AGA 44 0 0 0 0 0 0 0 84531 0 15 0 2 0 0 0 0 10 0 0 0 0 0 0 3 0 0 0 0 0 0 0 0 0 0 0 0 0 0 0 6 9 0 0 0 0 0 0 0 0 0 0 0 0 0 0 1 0 0 0 0 0 0 0
328 CAA 12 0 0 0 0 0 0 0 0 8 0 0 0 0 0 0 84398 1 9 1 0 0 0 0 18 0 0 17 0 0 0 0 8 0 0 14 0 0 0 0 0 0 0 0 0 0 0 0 2 0 0 11 0 0 0 13 0 0 0 0 5 0 0 0
329 GCA 0 0 0 0 18 9 0 0 0 0 0 0 0 0 0 0 0 0 0 0 0 0 0 0 0 0 0 0 0 0 0 0 7 0 0 0 83796 7 1 18 0 0 0 0 32 0 0 0 0 0 0 0 19 0 0 0 0 12 0 0 0 0 0 9
330 CAT 0 0 0 27 0 0 0 0 0 0 0 0 0 0 0 0 9 2 1 83812 0 10 0 0 0 0 0 3 0 0 0 11 0 0 0 0 14 0 0 0 0 12 0 0 0 0 0 0 0 0 0 88 0 0 0 0 0 0 0 0 0 0 0 5
331 TGT 0 0 0 0 0 0 0 0 0 0 0 0 0 0 0 0 0 0 0 0 12 0 0 0 0 0 0 17 0 0 0 0 0 0 0 0 0 0 0 0 0 0 0 0 0 0 0 0 0 0 0 35 0 0 0 0 0 13 0 84242 0 0 0 0
332 AAT 27 0 0 84451 0 0 0 0 0 0 0 0 0 0 0 0 0 0 0 6 0 0 0 0 0 0 0 0 26 0 0 0 0 0 0 12 0 12 7 0 0 0 0 0 0 0 0 0 0 0 0 0 0 0 0 0 0 0 0 0 0 0 0 0
333 GTT 0 0 0 0 0 0 0 0 0 0 0 0 0 0 0 25 10 0 0 0 0 0 0 0 0 0 0 0 12 0 0 0 0 0 0 13 13 0 0 0 0 0 9 0 4 30 0 84181 0 0 0 0 0 0 0 0 0 0 0 0 0 0 0 0
334 AGT 3 8 0 36 0 0 25 0 6 16 0 84395 0 0 14 0 0 0 0 0 0 0 0 0 0 0 0 9 0 0 0 0 0 0 0 0 0 0 0 0 0 0 0 15 0 0 0 0 0 0 0 0 0 0 0 11 14 0 0 0 0 0 0 0
335 AAA 84597 7 7 0 0 0 0 0 0 0 0 0 0 0 0 0 0 0 0 0 0 0 0 0 0 5 0 11 0 0 0 2 3 15 0 0 0 0 0 0 0 0 0 0 0 0 0 0 0 10 0 0 0 0 0 0 0 0 0 25 0 0 0 0
336 AAA 84555 1 100 0 0 0 0 14 0 0 0 0 0 0 0 0 0 0 0 0 0 0 0 14 0 0 5 0 0 0 0 0 0 0 0 0 0 0 0 0 0 0 0 0 0 0 0 0 0 0 0 0 0 0 0 0 0 0 0 0 0 0 0 0
337 GAA 15 0 0 0 0 0 0 0 0 0 0 0 0 0 0 0 8 0 0 0 0 0 0 0 0 9 0 17 0 0 13 0 84561 0 4 1 0 0 0 0 2 0 0 0 0 0 0 0 1 0 0 0 0 0 0 0 0 0 0 0 0 0 0 0
338 TGG 0 0 0 0 0 0 0 0 0 0 0 0 0 0 0 0 0 22 0 0 0 0 0 0 0 0 0 0 0 0 0 0 0 0 0 0 0 0 0 0 0 0 0 0 0 0 0 0 0 0 2 0 0 0 0 0 22 0 84478 0 0 0 3 0
339 AAT 7 0 11 84530 7 0 0 0 0 0 0 0 0 0 0 0 0 8 0 0 0 9 0 0 0 0 0 0 0 0 0 1 0 0 0 19 0 0 0 0 0 0 0 0 0 0 0 0 0 0 0 0 0 0 7 0 0 0 0 0 0 0 0 0
340 AGC 0 85 4 0 5 0 7 0 22 84320 0 74 0 10 0 0 5 0 0 9 0 25 13 0 0 4 0 0 0 0 0 0 0 0 0 0 0 0 4 0 0 25 0 0 0 0 0 0 0 0 0 0 0 0 0 6 0 0 13 0 0 0 0 0
341 ACT 0 0 0 22 19 13 11 84226 0 0 0 21 0 0 0 16 0 0 0 17 0 0 0 0 0 0 0 10 0 0 0 0 0 0 0 0 0 0 33 1 0 10 0 0 7 0 0 0 0 0 0 0 11 0 0 0 0 0 0 0 0 0 0 0
342 TTG 0 0 0 0 0 0 0 0 0 0 0 0 0 0 50 0 0 0 0 0 0 0 8 0 0 0 0 8 0 0 3 0 0 0 0 0 0 0 0 0 0 0 0 0 0 0 0 0 0 0 0 0 0 0 22 0 0 0 2 0 83 0 83910 1
343 CAA 5 0 0 13 0 0 0 29 0 0 0 0 0 0 0 0 84449 0 2 0 0 9 0 0 19 0 0 0 12 0 0 0 0 0 0 0 0 0 0 0 0 0 0 0 0 0 0 0 72 0 0 0 0 0 0 0 0 0 0 0 0 10 0 0
344 AAG 21 0 84423 1 0 11 2 0 0 0 81 0 6 0 0 0 0 0 1 0 0 0 0 0 6 2 0 0 0 0 0 0 0 0 1 0 0 0 0 2 0 0 9 0 0 0 0 0 0 0 0 0 0 0 0 0 0 12 0 0 0 0 0 0
345 GTA 0 0 0 0 0 0 0 0 0 0 0 0 72 0 0 0 0 0 0 0 0 0 0 0 0 0 0 0 5 0 0 0 0 0 0 0 1 0 7 0 0 0 0 0 84464 5 9 0 0 0 0 14 0 0 0 0 0 0 0 0 12 0 0 0
346 GCC 0 0 0 0 0 67 0 0 0 0 0 0 0 0 0 0 0 0 0 0 0 0 0 0 0 0 0 0 10 0 0 0 0 21 0 0 5 84241 0 1 0 0 20 0 0 73 9 12 0 0 13 0 0 0 0 0 0 0 0 0 0 0 0 0
347 AAC 0 84383 0 30 0 0 0 22 0 4 0 0 0 0 12 0 0 0 0 0 0 0 0 0 0 0 0 0 0 0 0 0 0 13 9 0 0 0 0 0 0 0 0 0 0 0 0 0 0 0 0 12 0 10 0 0 0 0 0 0 0 0 0 0
348 CAA 11 0 0 0 0 0 0 0 0 0 0 0 0 0 0 0 84480 14 1 1 0 0 0 0 1 0 13 0 1 0 0 0 0 0 0 0 0 0 0 0 0 11 0 0 0 0 0 0 3 0 0 0 0 0 0 0 0 0 0 0 0 0 0 0
349 TTA 0 0 0 0 0 0 0 0 0 0 0 0 0 0 0 0 0 0 0 0 0 0 0 0 0 0 0 0 12 0 0 0 0 0 0 20 0 0 0 0 0 0 0 0 0 0 0 0 0 0 0 0 7 0 0 0 0 0 0 0 84477 0 10 0
350 AGA 41 0 8 0 0 0 0 0 84530 0 22 16 15 0 0 0 0 0 8 0 0 0 0 0 2 0 0 0 0 0 0 0 0 0 0 0 0 0 0 0 4 0 0 0 0 5 0 0 0 0 0 0 0 0 0 0 12 0 11 0 17 0 0 0
351 CCA 0 0 0 0 13 0 0 0 0 0 8 0 0 0 0 0 3 19 0 7 84373 28 6 0 9 0 0 0 29 0 0 0 0 0 0 0 0 9 0 0 0 0 0 0 15 3 0 0 0 0 0 0 54 0 0 0 0 6 8 0 0 0 0 0
352 TAC 0 0 0 0 0 0 0 0 0 0 0 0 0 0 0 0 0 4 0 0 0 0 0 0 0 0 0 0 0 0 0 3 0 0 0 0 0 0 0 0 0 0 8 0 0 9 0 0 0 84290 0 40 0 0 0 0 0 8 0 0 4 9 0 0
353 TTT 0 0 0 0 0 0 0 10 0 0 0 0 0 0 0 6 0 0 0 0 0 0 0 0 9 0 0 0 0 0 0 0 0 0 0 0 0 11 0 0 0 0 0 0 0 0 0 0 0 0 0 16 0 0 0 0 0 0 0 17 10 0 0 84283
354 AAG 52 0 84453 19 0 0 0 0 17 6 18 0 0 0 0 0 0 0 0 8 0 0 0 4 0 0 0 0 0 0 0 0 0 8 4 0 22 0 0 0 0 11 0 0 0 0 0 0 0 0 12 0 0 7 0 0 0 0 16 0 0 0 0 0
355 AAC 22 84470 9 41 0 0 3 0 0 1 0 0 0 0 0 0 0 0 0 0 0 0 0 18 0 0 0 0 0 0 0 18 0 1 9 0 0 0 0 0 0 0 0 10 0 0 0 0 0 0 0 0 0 0 0 0 0 0 0 0 0 0 7 0
356 AAC 15 84521 0 22 0 0 0 0 0 2 0 0 0 37 0 0 0 0 0 0 0 0 0 0 0 0 0 30 0 0 0 0 0 3 0 0 0 0 0 0 0 0 0 4 0 0 0 8 0 0 0 0 0 0 0 0 0 0 0 0 0 0 0 0
357 ACA 22 0 0 0 84594 0 15 0 0 9 0 0 15 0 0 0 0 0 0 0 0 0 0 0 0 0 0 0 0 0 0 0 0 0 0 0 1 0 0 0 0 0 14 0 0 0 0 0 0 0 0 0 0 0 0 0 0 0 0 0 0 12 0 0
358 ATA 10 0 0 0 17 0 0 0 0 0 0 6 84594 0 17 0 0 0 0 0 0 0 0 0 0 0 0 0 0 0 0 0 0 0 0 0 0 8 0 0 0 0 0 0 12 0 0 0 0 0 0 0 0 0 0 0 0 0 0 0 11 0 0 0
359 ATA 3 0 0 0 12 0 0 0 8 0 0 0 84584 0 4 0 0 0 0 0 0 0 0 0 0 0 0 0 0 0 0 0 0 0 0 0 0 0 0 0 0 0 0 0 0 0 0 0 0 0 0 0 0 0 0 0 0 0 0 0 8 0 0 0
360 AAA 84251 0 15 1 0 0 0 0 3 0 27 10 13 0 10 0 12 0 0 0 0 0 0 0 0 0 0 0 0 0 0 0 0 0 0 0 27 0 0 0 0 0 0 0 0 0 0 24 0 0 0 0 0 0 0 0 0 0 0 15 0 0 9 0
361 TTT 15 0 0 0 0 0 0 0 0 0 0 0 0 0 0 6 0 0 0 0 0 0 0 0 0 0 0 0 9 0 0 12 0 0 0 0 0 0 0 0 0 0 0 0 0 0 0 0 0 0 0 0 0 0 0 0 0 0 0 0 0 0 0 84410
362 GCT 0 0 0 4 20 14 0 32 0 0 0 0 0 0 0 0 0 7 0 0 0 15 0 0 0 0 0 0 0 0 0 0 0 0 0 0 0 4 0 84393 0 7 0 0 0 0 0 51 0 0 0 0 0 0 0 2 0 13 0 19 13 0 4 0
363 AAC 1 84639 17 0 0 0 0 0 0 0 0 0 0 0 0 0 0 13 0 0 0 2 11 0 0 0 0 0 0 0 0 0 0 2 0 0 0 0 0 0 0 0 0 0 0 0 4 0 0 0 0 0 0 0 0 0 0 0 0 0 0 0 0 0
364 TCA 0 0 0 0 19 0 0 0 0 14 0 14 0 0 0 0 0 0 0 15 6 0 5 0 0 0 0 0 0 0 0 0 0 0 0 0 7 0 12 0 0 0 0 0 0 0 0 0 0 0 0 0 84293 12 5 9 0 0 0 0 18 0 0 0
365 TCA 0 0 0 0 7 8 8 0 0 2 0 0 0 0 0 0 0 0 0 0 21 18 0 0 0 0 0 0 0 0 0 0 0 0 0 0 0 0 0 7 0 0 0 0 0 0 0 0 35 0 0 0 83914 0 56 0 0 0 0 0 21 0 1 0
366 GGA 0 0 0 0 0 0 0 0 9 0 0 0 0 5 0 11 0 0 0 14 0 0 0 0 13 0 0 0 0 0 0 0 5 0 0 0 0 0 0 0 84620 0 13 0 1 0 0 0 0 0 0 0 0 0 0 0 1 0 0 0 0 0 0 0
367 GGG 0 0 0 0 0 0 0 0 0 0 31 11 0 0 0 0 0 0 0 0 0 0 0 0 0 0 0 0 0 0 0 0 0 0 3 0 0 0 0 0 17 0 84423 9 0 0 19 0 0 0 0 0 0 0 0 0 0 0 10 0 0 0 0 0
368 GAT 0 0 0 23 0 0 0 0 0 0 0 0 0 6 0 0 0 0 0 0 0 0 0 0 0 0 0 0 0 0 0 0 0 0 0 84603 0 0 0 0 0 0 11 4 0 0 0 0 0 0 0 10 0 0 0 0 0 0 0 0 0 0 0 0
369 CTA 0 0 0 0 3 0 0 0 0 14 0 0 7 0 11 0 2 0 0 6 20 0 0 0 0 0 0 0 84546 16 11 7 0 0 0 0 0 0 0 0 0 0 0 0 0 0 0 0 0 0 0 0 0 0 0 0 0 0 0 0 0 0 0 0
370 GAA 4 0 0 11 0 0 0 0 14 0 0 0 0 0 0 0 0 0 0 0 0 0 0 0 0 0 0 0 0 0 0 0 84601 0 13 0 0 0 0 0 0 0 0 0 0 0 0 0 0 0 0 0 0 0 0 0 0 0 8 0 0 0 0 0
371 ATT 0 0 0 0 0 0 0 7 0 0 0 0 10 1 0 84654 0 0 0 0 0 0 0 0 0 4 0 0 0 0 0 0 0 0 0 0 0 0 0 0 0 0 0 0 0 0 0 0 0 0 0 0 0 0 0 0 0 0 0 0 0 0 0 0
372 ACA 36 0 0 0 161637 0 36 0 0 0 0 26 142 0 0 18 0 0 0 0 0 0 0 0 0 0 0 0 0 0 0 0 0 0 0 0 12 0 0 0 0 0 0 0 0 24 0 0 0 0 0 0 23 0 0 0 0 0 0 0 0 0 0 0
373 ACA 0 0 0 0 161725 1 1 0 0 0 0 0 6 0 0 0 14 22 0 19 0 7 0 0 0 0 0 0 0 27 0 0 0 0 0 0 32 28 0 0 0 0 0 0 0 0 22 0 0 0 0 26 0 0 0 0 0 0 0 12 0 0 0 0
374 CAT 0 0 0 20 0 0 0 0 0 19 0 0 0 0 0 0 1 4 0 161761 0 0 0 0 0 0 0 0 0 0 0 0 0 0 0 0 28 0 0 0 0 0 0 0 0 0 22 0 0 0 0 1 0 44 0 0 0 0 0 0 0 0 0 0
375 AGT 0 0 18 56 0 0 0 34 0 2 0 161569 0 0 0 11 0 0 0 0 0 0 0 0 0 0 0 0 0 0 0 0 0 0 0 0 0 0 0 0 18 0 0 15 0 0 0 0 27 0 31 0 0 25 21 0 0 0 0 0 10 0 0 0
376 TTT 0 0 0 0 0 0 0 13 0 0 0 0 0 0 0 15 0 0 0 0 0 0 0 0 0 0 0 0 0 0 0 1 0 0 0 0 0 0 0 0 0 0 0 0 0 24 0 0 0 0 0 0 0 0 0 1 0 0 0 0 25 0 0 161685
377 AAT 0 7 0 161757 0 0 20 0 0 0 0 2 22 0 0 21 0 0 0 0 0 0 0 0 0 0 0 0 0 0 0 0 0 22 0 18 0 0 0 0 0 0 0 0 0 0 0 0 0 8 0 0 0 0 0 0 0 0 0 0 0 0 0 0
378 TGT 0 0 0 0 0 0 0 0 0 0 0 0 0 0 0 0 0 0 0 0 0 0 0 0 0 0 0 21 0 0 0 0 0 0 0 0 0 0 0 0 0 0 0 0 0 0 0 0 0 0 0 32 0 0 0 0 15 3 0 161762 0 0 0 0
379 GGA 0 0 0 0 0 0 0 0 78 0 0 0 0 0 0 0 15 0 0 0 0 0 0 0 18 0 0 0 0 0 0 0 21 0 0 0 0 0 0 0 161619 0 54 1 7 0 0 0 0 0 0 0 0 0 0 0 4 0 0 0 0 0 0 0
380 GGA 0 0 0 0 0 0 0 0 66 0 0 0 0 0 0 0 0 0 0 0 0 0 0 0 0 0 0 0 0 0 0 0 18 0 0 0 0 0 0 0 161845 0 2 0 10 0 0 0 0 0 0 0 0 0 0 0 2 0 0 0 0 0 0 0
381 GAA 18 40 0 0 0 0 0 3 0 0 0 0 0 24 0 0 0 0 0 0 0 0 0 0 0 0 0 0 0 0 0 0 161754 0 1 2 0 0 0 0 14 0 0 0 0 0 0 0 11 0 0 0 0 0 0 0 0 0 0 0 0 0 0 0
382 TTT 0 0 0 0 0 0 0 0 0 0 0 0 0 0 0 24 0 2 0 0 0 0 0 0 0 0 0 0 0 0 0 31 0 0 0 0 0 0 0 0 0 0 0 0 0 0 0 0 0 0 0 0 0 0 0 1 0 0 0 0 0 48 0 161770
383 TTC 0 0 0 0 0 0 0 0 0 0 0 0 15 0 0 0 0 0 0 0 0 0 0 0 0 0 0 0 0 40 0 0 0 0 0 0 0 0 0 0 0 0 0 0 0 20 0 0 0 0 16 0 0 22 0 0 16 0 0 0 26 161716 35 61
384 TAT 0 0 0 45 0 0 0 0 0 0 0 0 0 0 0 0 0 0 0 9 0 0 0 0 0 25 0 0 0 0 0 0 0 0 0 0 0 0 0 0 0 0 0 0 0 0 0 20 0 2 0 161694 0 0 0 0 0 0 0 3 11 22 0 0
385 TGT 0 0 0 0 0 27 0 0 0 0 0 17 0 0 0 0 0 0 0 0 0 0 0 0 0 0 0 7 0 0 0 0 0 0 0 0 0 0 0 0 0 0 0 0 0 0 26 0 0 0 0 46 0 0 0 16 0 36 0 161632 0 22 0 0
386 AAC 0 161582 2 52 0 28 0 0 0 7 20 0 0 13 0 0 0 0 0 0 19 17 0 0 0 0 0 0 0 0 0 0 0 62 13 0 0 0 0 0 0 0 0 21 28 0 0 0 0 0 0 0 0 0 0 0 0 0 0 51 0 32 0 0
387 ACA 0 0 0 0 161769 0 25 0 0 27 0 0 15 0 0 0 0 0 0 0 0 0 0 0 0 11 0 0 0 0 0 0 0 0 0 0 6 0 0 0 0 0 0 0 1 0 0 0 0 0 0 0 0 40 0 0 0 0 15 21 0 0 0 0
388 TCA 25 17 0 0 0 0 0 0 0 0 0 0 0 0 0 0 27 0 0 0 19 22 0 0 0 1 0 0 0 0 0 0 0 0 0 0 0 0 0 0 0 0 0 0 0 0 27 0 21 0 0 0 161282 40 125 3 0 0 0 0 88 0 0 0
389 GGC 0 0 24 0 0 18 0 0 0 34 0 0 0 0 0 0 0 0 0 0 0 0 0 0 0 0 0 0 0 0 0 0 0 106 0 0 0 0 0 0 0 161430 26 16 0 0 0 0 0 24 0 32 18 0 14 0 0 4 0 0 0 18 0 0
390 CTG 0 0 0 0 0 0 0 0 0 0 0 0 0 0 28 0 0 0 5 0 0 0 45 0 0 0 24 0 41 0 161696 12 0 0 0 0 0 0 0 0 0 0 0 0 0 0 0 0 0 0 0 0 0 0 0 0 19 0 0 0 0 0 26 0
391 TTT 0 0 0 0 0 0 0 13 0 0 21 0 0 0 0 0 0 0 0 0 37 0 0 0 0 0 0 0 0 0 0 2 30 0 0 0 0 0 0 0 0 0 0 0 0 0 0 22 0 0 24 0 0 0 0 2 16 0 0 0 0 24 0 161588
392 AAT 71 3 0 161594 14 0 0 0 0 0 0 1 0 0 0 18 0 0 0 45 0 0 0 0 28 0 0 0 0 0 0 16 35 0 0 2 0 0 0 0 0 0 0 17 0 17 0 0 0 0 17 0 0 0 0 23 21 0 0 30 0 0 0 0
393 AGC 0 117 0 28 0 0 20 0 27 161068 0 92 0 1 2 0 16 0 0 0 34 22 0 0 0 2 26 0 0 0 0 41 0 0 0 0 0 0 24 23 22 86 15 0 0 0 0 0 0 0 0 0 0 0 0 0 0 2 0 0 0 0 0 0
394 ACT 0 0 0 0 48 20 0 161334 76 0 0 28 0 0 21 53 0 0 18 0 0 0 0 19 0 0 0 4 0 0 0 16 0 0 9 37 0 0 58 0 0 15 0 24 0 0 0 0 0 4 24 0 0 0 0 0 0 0 0 0 26 0 27 0
395 TGG 0 0 0 50 0 33 0 0 0 0 1 0 0 24 0 0 0 0 0 53 6 16 0 0 0 0 75 0 0 0 28 0 0 0 0 0 0 0 25 0 0 0 33 31 0 0 18 0 0 25 101 21 0 0 0 20 49 0 160966 6 0 0 47 24
395a GAG 0 8 25 0 0 54 0 0 0 0 0 0 0 0 0 0 0 15 0 16 15 17 0 0 19 14 0 0 22 14 0 0 51 22 160982 28 0 0 14 0 0 0 25 19 0 0 0 0 0 0 1 0 0 0 21 0 0 0 0 0 43 24 37 0
396 TTT 24 0 0 0 0 0 0 0 0 22 0 0 0 0 0 16 0 19 0 0 0 19 0 0 0 0 0 0 0 0 0 44 0 0 0 0 0 0 0 0 0 0 20 0 0 0 0 17 0 0 0 22 0 0 0 39 0 0 0 0 1 12 0 161527
397 AAT 35 2 0 161598 0 26 0 0 0 0 0 70 0 0 0 0 0 24 0 29 7 0 0 27 0 0 13 0 0 0 20 0 0 0 0 7 0 0 0 0 0 0 0 0 0 7 22 0 0 0 0 0 0 0 0 0 0 0 28 0 0 0 6 0
398 AGC 0 71 0 9 0 0 25 0 7 161474 0 57 15 0 0 0 0 0 0 0 0 0 0 0 0 0 0 0 0 17 0 0 0 0 0 0 0 0 0 0 0 64 0 0 0 0 0 0 0 0 0 29 0 0 0 0 0 25 18 0 21 0 0 0
399 ACT 0 0 22 17 1 3 22 161375 0 33 0 0 0 0 0 33 42 0 0 0 0 0 0 0 0 0 0 21 0 0 0 0 0 0 23 0 0 12 0 34 18 0 30 12 39 0 19 31 0 0 0 0 0 0 11 14 0 0 0 0 0 27 0 0
400 TGG 11 17 16 17 0 0 0 0 0 0 16 0 0 28 0 0 0 0 0 0 19 0 0 0 0 0 90 0 0 0 5 0 0 28 0 0 0 0 20 0 0 19 25 17 0 0 0 0 0 0 74 0 0 0 0 13 24 0 161284 18 0 0 1 0
406 AAT 0 0 0 161301 2 0 0 0 33 0 0 51 0 0 24 24 0 0 0 0 0 18 0 19 0 0 0 0 0 0 0 0 0 27 0 26 11 0 0 0 39 0 0 38 23 30 0 0 0 0 0 17 0 10 0 0 0 0 45 0 0 0 0 0
407 AAT 0 1 12 161447 21 0 0 0 0 0 0 2 79 0 0 2 0 15 0 0 27 22 31 40 17 22 3 0 0 0 0 0 0 3 0 5 0 0 0 0 0 0 0 0 0 0 0 0 0 0 0 0 0 0 0 0 0 0 0 0 0 0 0 0
408 TCA 0 23 0 18 54 4 0 0 0 0 0 0 0 0 0 0 0 0 0 0 59 17 0 15 0 9 0 0 6 0 0 24 0 23 0 0 0 29 22 0 0 0 12 0 0 0 0 38 0 16 0 0 161405 0 43 0 22 0 0 0 2 0 0 0
409 AAT 0 1 0 161590 21 0 5 0 0 0 10 1 0 0 0 0 27 13 0 0 0 14 0 0 0 19 0 0 11 0 0 0 0 0 0 46 0 33 0 0 0 31 0 12 0 1 0 0 0 0 0 0 0 0 26 0 0 9 0 0 19 0 0 0
410 AGC 0 179 0 0 2 15 0 0 36 160592 0 34 0 16 0 41 0 0 0 0 0 20 0 0 0 26 0 0 0 0 0 0 0 0 0 0 0 0 0 0 0 15 0 0 0 0 0 17 0 0 0 0 0 0 0 5 0 0 0 0 0 0 0 0
411 ACA 0 0 0 0 161550 2 13 0 0 16 7 0 3 0 0 0 0 0 0 13 0 0 20 0 1 23 0 0 0 0 0 0 0 31 0 0 22 8 0 0 0 0 9 0 0 0 0 0 0 0 0 0 19 0 0 0 0 0 0 0 0 0 0 0
412 GAG 0 0 23 25 0 0 0 0 0 0 0 0 0 0 0 0 20 0 0 0 0 0 0 0 0 21 0 0 0 0 0 0 114 24 161307 9 0 0 0 0 0 0 25 31 0 0 2 0 0 0 1 0 0 0 0 0 0 0 0 0 0 0 0 0
413 AAT 16 3 25 161557 0 0 16 0 0 0 0 0 0 0 0 1 0 0 0 0 0 22 0 0 0 0 0 20 0 0 0 1 0 0 0 12 0 0 22 0 0 0 0 0 0 0 0 0 0 0 0 0 27 0 0 0 0 0 0 0 0 0 0 0
414 ATA 0 0 0 14 3 0 0 0 0 0 0 19 161549 19 24 0 0 0 0 0 0 26 0 0 0 0 0 0 0 0 0 0 0 0 0 0 0 0 0 0 0 0 0 0 59 0 0 0 0 0 0 20 0 0 0 0 0 0 0 0 0 0 0 0
415 ACT 0 0 0 0 0 2 0 161304 0 0 0 14 0 0 0 29 0 0 0 0 0 0 0 0 0 0 0 0 0 0 0 0 0 0 0 0 0 0 0 47 0 0 32 0 0 0 0 0 0 0 0 0 0 0 0 0 0 0 0 0 0 0 0 0
416 CTC 0 0 0 0 0 0 0 0 0 0 0 0 0 0 16 0 0 0 0 0 0 15 0 0 0 0 0 0 12 161055 0 22 0 0 0 0 0 0 0 0 0 21 17 0 0 0 0 0 0 0 0 0 0 0 0 0 0 0 0 0 0 41 0 0
417 CAA 25 0 0 0 0 0 0 0 0 0 46 24 0 0 0 0 161199 45 3 21 13 0 0 0 12 0 0 0 33 0 0 0 0 0 0 0 0 0 0 0 0 0 0 0 0 0 0 0 20 0 0 0 19 0 0 0 0 0 0 0 0 46 0 1
418 TGC 0 0 0 0 0 0 0 0 0 20 0 0 0 0 0 0 0 0 0 0 0 0 0 0 0 23 0 0 0 0 0 0 0 0 0 0 0 0 0 0 0 0 0 0 0 0 0 0 0 145 0 0 0 0 0 0 22 159418 0 230 0 1 0 0
419 AGA 90 0 0 0 19 0 0 0 160871 0 0 0 0 0 0 0 0 0 0 0 0 0 0 0 3 0 0 0 0 0 0 0 0 0 0 0 0 0 0 0 26 0 0 0 0 0 12 0 0 0 18 0 16 0 0 0 2 0 18 0 0 0 0 0
420 ATA 0 0 0 0 1 0 0 0 0 0 0 0 161422 0 15 0 0 0 0 0 0 0 0 0 0 0 0 0 0 0 13 22 0 0 0 0 0 0 0 0 0 0 0 0 20 0 0 0 0 0 0 0 0 0 0 0 0 0 0 0 0 0 23 0
421 AAG 128 0 161283 1 0 0 1 0 0 0 18 0 0 0 0 0 0 0 0 0 0 0 0 0 0 0 0 0 0 0 0 0 0 0 26 0 0 0 0 0 0 0 0 0 0 0 0 0 0 0 0 0 0 0 0 0 0 0 0 0 0 0 0 0
422 CAA 21 0 0 0 0 0 0 0 0 22 0 0 0 0 0 0 161368 0 0 0 0 0 0 0 0 0 0 0 0 0 0 0 0 0 0 0 0 0 0 0 0 0 0 0 0 0 0 0 80 0 0 0 0 0 0 25 0 0 0 0 0 0 0 0
423 ATT 0 0 0 24 0 0 0 0 0 0 0 0 0 5 0 157107 0 0 0 0 0 0 0 0 24 0 0 0 15 0 0 0 0 0 0 0 0 0 0 0 0 0 0 0 0 0 33 22 0 15 0 0 0 0 0 0 0 0 0 0 0 0 0 0
424 ATA 0 0 0 16 3 0 0 0 0 0 0 0 160869 0 11 1 0 0 0 0 0 0 0 0 0 0 0 0 0 0 0 20 0 0 0 0 0 0 0 0 0 0 0 0 11 20 0 15 26 0 0 0 0 0 0 14 0 0 0 0 0 0 0 0
425 AAT 7 38 0 161173 0 20 0 1 15 0 0 1 0 0 0 0 0 0 0 19 0 0 0 0 0 42 0 0 0 0 0 0 0 0 0 3 0 0 0 0 0 0 0 72 0 0 23 0 0 0 0 0 0 0 0 0 0 0 0 0 0 0 0 0
426 ATG 0 0 0 0 0 0 35 0 0 0 0 0 62 0 146603 17 0 0 0 0 0 0 0 0 0 0 0 0 21 0 0 0 0 0 0 0 0 0 0 0 0 0 0 0 0 0 2 0 1 0 0 0 0 0 0 0 0 0 0 0 19 17 0 0
427 TGG 0 0 0 0 0 0 0 0 0 0 1 0 0 0 0 0 0 0 0 0 0 0 0 0 0 0 1 0 0 0 0 0 0 0 0 0 0 0 0 0 0 0 6 0 0 0 0 0 0 0 15 0 0 0 0 0 64 0 160108 0 0 0 10 22
428 CAA 0 0 0 0 0 0 0 0 0 0 0 16 0 0 0 0 161158 0 7 0 0 0 0 0 8 0 0 0 0 0 0 0 0 0 26 0 0 0 0 0 0 0 0 0 0 18 0 26 42 0 0 0 0 0 0 0 0 0 0 0 0 0 0 0
429 AGA 16 0 0 0 0 14 0 0 160468 0 11 2 1 0 0 0 0 0 0 0 19 0 0 0 1 0 0 0 0 0 0 0 0 0 28 0 0 0 0 0 41 0 0 0 0 0 0 0 0 0 0 0 0 0 0 0 63 0 0 0 0 0 0 0
430 GCA 13 0 0 0 52 0 22 0 0 0 0 34 0 0 0 0 0 0 26 0 0 0 0 0 0 0 21 0 13 0 0 28 55 0 0 0 148156 18 116 0 0 0 24 7 197 0 0 0 0 0 0 0 0 0 0 0 0 0 0 0 1 0 0 0
431 GGA 0 4 0 0 20 0 0 0 21 0 0 0 0 0 18 0 0 0 0 0 0 0 0 0 23 0 0 0 0 0 0 0 4 24 0 0 22 0 10 0 150760 0 32 32 22 23 0 0 0 0 0 0 0 34 24 0 6 0 13 0 0 0 0 0
432 CAA 17 0 27 0 0 16 0 0 19 23 0 0 0 12 0 0 157986 2 83 1 0 0 0 0 6 0 0 57 45 0 21 0 0 0 0 0 0 0 0 0 0 0 0 18 0 0 0 17 73 0 0 43 0 42 0 0 0 2 0 0 0 0 0 0
433 GCA 0 0 0 0 92 6 0 0 0 4 0 0 0 0 0 0 2 0 0 0 0 0 0 0 0 0 19 0 0 0 0 15 1 0 2 0 153364 0 0 42 0 0 0 0 168 0 0 0 0 23 0 0 1 0 0 0 0 0 0 0 0 0 0 0
434 ATA 0 22 0 5 0 19 0 14 0 0 0 0 158876 0 40 22 0 0 2 0 0 0 0 0 0 0 0 0 0 0 4 0 0 0 0 0 0 0 0 0 0 0 18 0 0 0 0 0 0 0 0 2 0 0 0 0 0 0 0 0 0 0 0 0
435 TAT 0 0 0 0 0 0 0 0 0 0 0 0 3 0 2 0 0 0 0 2 0 0 0 0 0 0 0 0 0 0 0 0 0 0 0 2 0 0 0 0 0 0 0 0 18 0 0 0 30 30 0 158937 0 0 0 0 0 0 15 18 0 19 0 1
436 GCC 0 0 0 0 2 61 0 20 0 0 0 0 0 0 0 18 0 0 0 0 0 1 0 0 0 0 0 0 0 0 0 0 0 1 0 0 0 157092 0 3 4 2 0 0 21 117 0 0 0 0 0 0 20 26 0 21 0 5 0 0 21 0 0 0
437 CCT 0 0 0 0 0 0 0 19 0 0 0 0 0 0 0 0 0 0 0 58 43 113 1 142663 0 0 0 13 0 0 0 66 0 0 0 0 0 0 0 0 0 0 0 0 0 0 0 0 0 0 0 0 0 0 0 2 0 0 0 0 0 0 0 0
438 CCC 0 0 0 0 0 35 18 5 0 0 0 0 0 0 0 0 0 43 20 0 21 140278 14 62 0 0 0 0 0 55 0 0 0 0 0 0 0 0 0 0 0 0 0 0 0 0 0 0 0 0 0 0 0 14 12 0 0 0 0 0 21 0 0 0
439 ATA 0 0 0 0 23 16 0 0 0 0 0 0 161013 0 8 0 0 24 0 0 0 0 0 0 0 0 0 0 0 0 0 0 0 0 0 0 0 0 0 0 0 0 0 0 17 20 0 0 0 0 0 0 0 0 0 0 0 0 0 26 0 0 0 0
440 CCA 0 0 0 0 1 0 0 0 22 4 0 0 0 0 0 18 22 0 0 0 159040 22 62 0 0 0 0 0 26 0 0 0 0 0 8 0 2 8 48 10 0 0 0 0 0 0 0 0 0 0 0 0 1 0 0 0 0 25 0 0 0 0 0 0
441 GGA 29 0 0 0 0 31 24 0 16 0 0 3 0 0 0 0 0 0 0 0 0 0 0 0 0 0 0 0 0 0 0 0 64 0 16 0 0 0 0 0 159343 20 45 14 15 0 0 0 10 0 0 0 0 0 0 0 16 0 0 0 0 0 0 0
442 GTA 0 0 0 0 0 0 0 0 0 0 0 0 137 0 0 0 4 0 0 0 6 0 0 0 0 0 0 0 0 0 0 0 22 0 0 0 17 0 0 0 0 0 0 0 160193 0 15 0 0 0 0 25 0 0 0 0 0 0 0 0 0 7 0 0
443 ATA 41 0 0 0 19 0 0 0 11 0 0 0 160259 14 92 1 0 11 0 0 0 0 0 0 0 0 0 0 20 16 0 0 0 0 0 0 0 0 0 0 0 0 0 8 12 0 0 8 0 0 0 0 0 0 0 0 0 0 0 0 0 0 0 0
444 AGG 0 0 30 15 0 0 0 0 76 40 160583 0 13 0 16 0 0 0 0 0 0 0 0 0 0 0 56 0 0 0 0 31 0 0 0 0 0 0 0 0 0 0 50 0 0 0 0 0 0 0 0 0 0 0 0 0 0 0 16 0 0 0 0 0
445 TGT 0 0 0 0 0 0 0 0 0 0 0 0 0 0 0 0 0 0 0 0 0 0 0 0 16 0 0 2 0 0 0 0 19 0 0 0 0 0 0 0 15 0 0 12 0 0 0 0 0 0 0 8 0 0 0 0 0 16 0 161076 0 0 0 0
446 AAA 161556 0 1 1 0 0 0 0 2 0 0 0 0 0 0 0 0 0 0 0 0 0 0 0 0 0 0 0 0 0 20 0 13 0 0 0 0 0 0 0 16 0 0 0 0 0 0 0 0 0 0 0 0 0 0 0 0 0 0 0 0 0 0 0
447 TCA 0 0 0 0 0 0 0 0 0 31 0 0 21 0 24 0 0 0 0 0 0 0 0 0 0 0 0 0 0 0 0 0 0 0 0 0 0 0 25 16 0 0 0 0 0 0 0 0 0 0 0 0 160806 0 10 0 0 0 0 0 16 0 0 0
448 AAT 12 18 40 161106 0 0 0 17 0 0 0 31 0 0 0 0 0 0 0 0 0 0 0 0 0 0 0 0 0 0 0 0 20 0 0 7 24 0 0 0 0 0 0 0 0 0 0 0 0 0 0 1 0 0 0 0 0 0 0 0 0 0 0 0
449 ATT 0 0 0 0 0 0 0 0 0 0 0 0 0 1 0 160582 0 0 0 0 0 0 0 0 0 0 0 0 0 0 0 0 0 0 0 0 0 0 0 0 0 0 0 0 0 0 0 0 0 0 0 0 0 0 0 0 0 0 0 0 0 0 0 0
450 ACA 0 0 0 0 161228 6 199 2 3 0 0 0 103 0 0 0 0 0 0 0 18 0 0 0 0 0 0 0 0 0 0 0 0 0 0 0 30 0 0 0 0 0 0 0 0 0 0 16 0 0 0 0 0 0 0 0 0 0 0 0 0 0 0 0
451 GGA 0 0 0 0 1 0 0 0 76 0 0 0 0 0 0 0 0 0 0 0 25 0 0 0 0 0 0 0 0 0 0 0 43 0 0 0 25 0 0 0 160637 0 0 0 0 0 0 0 0 0 0 0 0 0 0 0 7 0 0 0 0 0 0 0
452 CTA 0 0 0 0 0 0 0 0 0 0 0 0 37 0 15 0 0 0 0 0 7 0 0 0 0 0 0 0 160505 0 15 1 0 0 0 0 0 0 0 0 0 0 0 0 0 0 0 0 0 0 0 0 0 0 0 0 0 0 0 0 20 0 0 0
453 ATA 0 0 0 0 0 0 0 0 15 0 0 0 160552 0 44 37 0 20 0 0 0 0 0 0 0 0 0 0 0 0 12 0 0 16 22 0 0 13 0 0 0 0 0 0 2 0 0 0 0 0 0 0 0 5 0 0 0 0 0 0 0 0 0 0
454 TTA 0 0 0 0 0 0 0 0 0 0 0 0 20 22 0 0 0 22 0 0 0 0 0 0 0 0 0 0 29 0 0 0 0 0 0 0 0 0 0 22 0 0 0 0 0 0 0 0 0 0 0 0 4 0 0 0 0 0 0 0 161073 0 11 0
455 ACA 26 0 0 0 161423 0 32 0 0 0 0 0 1 0 0 0 0 0 0 0 0 0 0 0 0 0 0 0 0 0 0 0 0 0 0 0 2 0 0 0 0 0 0 0 0 0 0 0 0 0 0 0 0 0 0 0 0 0 0 0 0 0 0 0
456 AGA 0 0 0 0 0 0 0 0 160835 0 22 0 1 0 0 0 0 0 0 0 0 0 0 0 1 0 18 0 0 0 0 0 0 0 0 0 0 0 0 0 4 0 0 0 0 0 0 0 0 0 0 0 0 0 0 0 0 0 0 0 0 0 0 0
457 GAT 0 0 0 31 12 0 0 0 0 0 0 0 0 0 0 0 0 0 0 0 0 0 0 0 0 0 0 0 0 0 0 0 1 41 9 160884 0 26 0 0 0 0 0 4 0 0 0 0 0 0 0 0 0 0 0 0 0 0 0 0 0 0 0 0
458 GGT 0 0 0 0 0 0 0 0 0 0 0 2 0 0 0 25 0 0 0 0 0 14 0 0 0 0 0 0 0 0 0 0 0 0 0 43 0 0 0 0 0 27 0 160865 0 1 0 0 0 0 0 0 0 0 0 0 0 0 0 22 0 0 0 0
459 GGG 0 0 0 0 0 0 0 0 0 0 50 0 0 0 0 0 0 0 0 0 0 0 0 0 0 0 0 0 0 0 0 0 0 0 28 0 0 0 0 0 47 23 160458 43 0 0 3 0 0 0 0 0 0 0 0 0 0 0 2 0 0 0 0 0
460 AGT 0 0 0 135 0 0 0 28 17 31 19 161078 0 0 0 35 0 0 0 0 0 0 18 0 10 0 0 1 0 0 15 0 0 0 0 0 0 0 0 0 0 0 0 34 13 0 32 0 0 26 0 0 0 0 0 0 0 0 0 28 0 0 0 0
461 AAT 0 0 46 160837 0 13 0 0 0 0 0 1 0 12 0 0 0 0 0 0 15 21 0 0 0 0 0 0 0 0 0 0 32 0 30 32 0 0 0 15 0 0 0 0 0 6 0 0 0 0 0 0 0 0 18 0 0 0 0 0 0 0 0 0
462 AAG 21 39 161073 0 0 0 1 31 24 0 28 0 0 0 0 0 0 0 0 0 0 28 0 2 0 0 39 0 0 0 0 14 0 0 85 33 0 0 0 0 18 0 0 0 17 21 0 14 0 0 3 0 0 0 0 0 0 0 0 0 0 0 0 0
463 AAT 0 2 0 161317 24 35 0 20 0 0 0 0 0 0 0 0 0 0 35 0 0 17 0 0 33 0 0 0 0 0 0 8 32 0 0 2 0 0 0 4 0 0 0 0 0 0 0 0 0 0 0 22 0 0 0 0 0 0 0 38 18 32 27 17
464 ACA 0 5 0 0 159461 0 15 18 0 0 0 0 71 0 0 0 0 17 0 0 0 0 18 0 21 0 39 0 0 0 0 0 2 18 0 0 16 0 14 0 0 0 0 0 15 21 0 22 0 41 0 0 0 38 0 0 2 20 0 0 19 0 0 14
465 AGT 0 0 25 3 0 0 0 30 0 24 21 160719 20 0 0 23 0 0 0 0 0 0 0 28 0 0 0 4 0 0 0 0 0 0 0 15 0 0 0 0 0 0 0 23 0 16 0 0 0 0 12 0 0 19 0 0 0 0 0 1 0 0 15 0
466 GAA 42 0 0 0 0 0 0 0 0 0 0 0 0 0 0 0 0 0 0 0 0 0 0 0 0 0 0 0 0 0 0 0 160654 0 0 0 0 0 0 0 17 0 0 0 0 0 0 0 3 0 0 0 0 0 0 0 0 0 0 0 0 0 0 2
467 ACC 0 15 0 0 2 160981 0 1 0 0 26 0 0 46 0 0 0 0 0 0 0 0 0 0 0 0 0 0 12 0 0 16 0 0 0 0 0 21 0 0 0 0 0 0 0 0 0 0 0 0 0 0 0 0 0 0 0 13 0 0 0 0 0 22
468 TTC 0 0 0 0 0 0 0 0 0 0 17 0 0 8 26 0 0 0 0 0 0 0 0 0 0 0 0 0 0 10 0 0 0 0 0 30 14 0 0 0 0 0 0 0 0 20 0 0 16 24 0 0 0 27 0 0 17 0 0 0 19 160190 0 26
469 AGA 6 0 0 0 0 0 0 0 161251 0 16 28 0 0 0 0 0 0 0 0 0 0 0 0 0 13 0 0 0 0 0 0 20 0 39 0 0 0 0 0 94 0 0 0 0 0 16 0 0 0 0 0 0 0 0 0 4 0 0 0 0 0 0 0
470 CCT 0 0 0 0 0 0 0 1 0 0 0 0 0 0 0 0 0 0 0 1 29 152 2 160194 0 0 0 0 0 0 0 2 0 0 0 0 0 0 0 0 0 0 0 30 0 0 23 0 0 0 0 0 0 0 0 2 0 0 0 0 0 0 0 0
471 GGA 0 0 0 30 0 0 0 9 13 0 0 0 0 0 0 20 8 27 0 0 0 0 0 0 0 0 0 0 0 22 0 0 24 0 0 0 1 0 0 0 160776 0 63 61 22 0 0 0 21 0 0 0 0 0 0 6 3 0 0 0 0 0 32 0
472 GGA 0 0 0 0 0 0 0 0 12 0 0 0 0 0 0 0 0 0 0 0 25 0 0 0 0 0 0 0 0 0 0 0 1 0 0 0 0 0 0 0 161651 30 86 1 20 0 0 0 0 0 0 0 0 0 0 0 24 0 0 0 9 0 0 0
473 GGA 0 15 0 0 0 0 0 0 24 0 0 0 0 0 0 0 22 0 0 0 0 0 0 0 0 0 0 0 0 0 0 0 24 0 0 0 0 0 0 0 161567 2 71 4 2 0 0 0 0 0 0 0 0 0 0 0 23 0 0 24 0 0 0 0
474 GAT 0 0 0 106 0 0 0 0 0 0 0 0 0 0 0 0 0 50 0 0 0 0 0 0 0 0 0 0 0 0 0 0 25 1 1 161509 0 0 0 0 15 0 0 0 0 0 0 1 0 0 0 1 0 0 0 0 0 0 0 0 0 0 0 0
475 ATG 0 0 0 0 0 0 4 0 0 0 10 0 44 0 161703 5 0 0 0 0 0 0 0 0 0 0 0 0 0 0 0 0 0 0 0 0 21 0 0 0 0 0 0 0 16 0 5 0 0 0 0 0 0 0 0 0 0 0 0 0 26 0 0 0
476 AGG 0 0 108 27 0 0 0 0 81 0 161051 5 0 0 39 0 26 0 28 22 0 0 0 0 0 24 21 0 0 0 0 24 0 0 0 0 0 0 0 0 0 37 46 0 0 0 0 0 0 0 0 0 0 18 0 0 0 7 2 0 0 0 0 0
477 GAC 0 7 0 0 0 0 0 0 0 0 19 0 0 0 0 0 0 0 0 0 0 0 0 0 0 0 0 0 0 0 0 0 1 161700 0 70 0 0 0 0 0 12 0 0 0 0 0 0 0 0 0 0 0 0 0 0 0 0 0 0 0 0 0 0
478 AAT 2 1 0 161534 0 0 21 0 0 0 0 0 0 0 0 1 0 0 0 19 0 0 0 0 0 0 0 0 0 0 0 0 0 0 0 33 0 0 0 0 0 0 0 0 0 0 0 0 0 0 0 0 0 0 0 0 0 0 0 0 0 0 0 0
479 TGG 0 0 0 0 0 0 0 0 0 0 18 0 0 0 0 0 0 0 0 0 0 0 23 0 0 20 1 0 0 0 0 0 0 0 0 0 0 0 0 0 0 0 0 0 0 0 0 0 0 0 6 0 0 0 0 0 3 0 161553 0 0 0 1 0
480 AGA 93 0 0 0 10 0 0 0 161699 23 0 0 0 0 0 0 0 13 0 0 20 0 0 0 1 0 22 0 0 9 0 0 0 0 0 0 0 0 0 0 18 0 0 0 0 0 0 0 17 0 0 0 0 0 0 0 0 0 0 0 0 0 0 0
481 AGT 0 0 0 125 0 0 0 42 0 7 24 400597 0 0 0 48 0 0 0 0 0 0 0 0 0 0 67 2 0 0 47 0 0 0 0 0 52 0 0 0 0 0 0 6 0 0 0 0 0 0 0 0 45 35 0 0 0 0 0 1 0 0 0 0
482 GAA 116 0 0 0 0 0 0 0 0 0 0 0 0 0 0 0 0 0 0 0 0 0 0 0 0 0 0 0 0 0 0 0 401790 0 49 0 0 0 0 0 3 0 0 0 0 0 0 0 1 0 0 0 0 57 0 0 0 0 0 0 0 0 0 0
483 TTA 0 0 0 0 45 0 0 0 0 0 0 0 4 0 0 0 0 0 0 0 0 0 0 0 0 0 0 0 3 0 0 0 0 0 0 0 0 0 0 0 0 0 0 0 0 0 0 0 0 0 0 0 10 0 0 0 0 0 62 0 401746 0 8 0
484 TAT 0 41 0 71 0 0 0 0 0 31 0 0 0 0 0 0 0 0 0 3 0 0 0 0 0 0 0 0 0 0 0 0 62 0 0 0 0 0 39 0 0 0 0 0 0 0 0 0 0 16 0 401605 0 0 0 77 0 0 0 9 0 0 0 92
485 AAG 327 0 401269 0 0 0 27 0 0 0 18 0 0 0 74 60 0 0 11 0 0 0 0 0 0 0 0 0 0 0 0 0 0 0 119 0 0 0 0 0 0 0 0 0 0 0 0 0 0 0 4 0 0 0 0 0 0 0 0 0 62 0 0 0
486 TAT 0 0 0 1 0 0 0 0 0 0 0 0 0 0 0 0 0 0 0 4 0 0 0 0 0 0 0 0 0 0 0 0 0 0 0 0 0 0 0 0 0 0 0 0 0 0 0 0 0 17 0 401801 0 0 0 0 0 0 20 0 0 0 0 0
487 AAA 401694 2 126 3 37 0 0 0 8 0 0 0 3 0 0 0 68 0 0 0 0 0 0 0 0 0 0 0 0 0 0 0 21 0 0 0 0 0 0 0 0 0 0 0 0 0 0 0 0 0 0 0 0 0 0 0 0 0 0 0 0 0 0 0
488 GTA 0 0 0 0 0 0 0 0 0 45 0 0 135 50 0 0 0 0 0 0 0 0 0 0 0 0 0 0 0 0 0 0 0 0 0 0 4 0 0 31 0 0 0 0 401655 0 40 0 0 0 0 0 0 0 0 0 0 0 0 0 0 0 0 36
489 GTA 0 0 0 0 0 0 0 0 0 0 0 0 16 0 0 50 0 0 0 0 0 0 0 0 0 0 0 0 1 0 0 0 117 0 0 0 20 0 0 0 0 0 0 0 401664 0 16 0 0 0 0 0 0 0 0 0 0 0 0 0 40 0 0 0
490 AAA 401608 0 1 0 0 0 0 0 26 0 0 0 0 0 0 0 0 0 0 0 0 0 0 0 0 0 0 0 0 0 0 0 16 0 0 0 0 0 0 0 0 0 0 0 0 0 0 0 0 0 0 0 0 0 0 53 0 0 0 0 63 0 0 0
491 ATT 39 0 0 22 0 0 0 48 0 0 55 0 40 11 56 399678 0 0 0 0 0 0 0 0 0 0 0 0 8 0 0 0 0 0 0 0 0 32 0 0 46 0 0 0 0 0 0 50 0 58 0 0 0 0 0 0 0 0 0 0 0 0 0 76
492 GAA 185 0 0 0 0 0 43 54 0 0 0 0 36 0 113 27 70 0 0 0 0 0 0 0 128 0 69 0 0 0 0 43 400368 1 118 3 0 0 0 0 143 0 0 0 67 0 32 0 61 60 0 0 0 0 0 0 0 0 0 0 0 27 0 0
493 CCA 0 0 0 0 53 0 0 0 0 0 0 0 0 0 0 0 23 0 0 0 401659 25 56 0 0 0 0 0 53 0 0 0 0 0 0 0 1 0 0 0 0 0 0 0 0 0 0 0 0 0 0 0 21 0 0 0 0 0 0 0 38 0 0 0
494 ATA 2 0 0 0 7 0 0 0 0 0 0 0 239941 3 74 5 0 0 0 0 0 0 0 0 0 0 0 22 0 0 0 4 0 0 0 27 0 0 0 0 0 0 0 0 1 0 0 0 0 0 0 0 0 0 0 0 0 0 0 0 0 0 0 0
495 GGA 0 0 0 0 0 0 0 22 60 0 0 0 0 0 0 0 0 0 0 0 0 0 0 0 0 0 0 0 0 0 0 0 78 0 0 0 0 0 23 0 239680 39 7 109 2 0 0 0 0 0 0 0 0 0 0 0 31 0 0 0 0 0 0 0
496 GTA 0 0 0 23 0 0 0 0 0 0 0 0 186 0 0 65 0 0 0 0 0 0 0 0 0 0 0 0 0 0 0 0 0 0 0 0 1 0 0 0 1 0 0 0 239533 32 51 8 0 0 19 0 0 0 0 0 25 18 2 0 32 26 0 110
497 GCA 0 0 0 0 163 0 0 0 0 0 0 0 0 0 0 0 0 0 0 0 31 0 0 0 0 0 0 0 0 0 0 0 2 0 0 0 239587 0 37 0 1 0 0 0 159 0 0 0 0 0 0 0 0 0 0 0 0 0 0 0 0 0 0 0
498 CCC 0 0 0 0 0 1 0 0 28 0 0 0 0 0 0 0 0 60 0 0 7 239736 0 30 0 0 0 0 0 35 0 37 0 0 0 0 0 0 0 0 0 0 0 0 0 0 0 0 0 0 0 0 0 77 0 0 0 0 0 0 0 0 0 0
499 ACC 0 56 0 0 4 239978 0 46 0 0 0 29 0 10 0 0 0 0 0 0 0 0 0 0 0 0 0 0 0 0 0 0 0 0 0 0 0 3 0 0 0 0 0 0 0 0 0 0 0 0 0 0 0 0 0 0 0 0 0 0 0 0 0 0
500 AGG 0 0 27 0 0 0 0 0 33 0 239628 5 0 0 16 0 0 0 0 0 0 29 0 0 0 0 3 0 0 0 0 0 0 0 0 0 0 0 0 0 0 0 153 0 0 0 0 0 0 0 0 0 0 0 0 0 0 0 2 48 0 0 0 0
501 GCA 0 0 0 0 193 0 0 0 0 0 0 0 17 0 0 0 0 24 0 0 19 0 0 0 0 0 0 0 0 0 0 0 24 0 0 0 239458 42 10 1 0 0 0 0 17 0 0 0 0 0 0 0 0 26 0 0 0 0 0 0 0 0 0 0
502 AAA 240027 0 7 1 1 0 0 0 3 0 0 0 2 0 0 0 0 0 39 0 0 0 0 0 0 0 0 0 0 0 0 0 27 0 0 0 0 0 0 0 0 0 0 0 0 0 27 0 0 0 0 0 0 0 0 0 0 0 0 0 0 0 0 0
503 AGA 75 0 0 0 0 0 0 0 239517 0 9 1 2 0 0 0 0 0 0 0 20 0 0 0 3 0 0 1 0 0 0 0 0 0 0 0 0 0 0 0 187 0 0 0 0 0 0 0 0 0 0 0 26 0 0 0 47 0 4 0 33 0 0 0
504 AGA 56 0 0 0 0 0 0 0 239554 1 10 2 34 0 54 36 0 0 0 0 0 0 0 0 4 21 0 0 0 0 0 0 0 0 36 0 0 0 0 0 16 0 0 0 0 25 23 13 0 62 0 0 0 0 0 0 3 0 0 0 0 0 0 34
505 GTG 0 0 0 0 0 0 0 0 0 0 0 0 0 0 46 0 0 0 0 0 0 0 0 0 0 0 0 0 0 0 0 0 0 0 0 0 0 0 0 0 0 0 0 0 71 0 239721 3 0 32 0 0 0 0 0 0 0 0 0 0 0 0 1 0
506 GTG 0 0 0 0 0 0 0 0 0 0 0 0 0 0 12 0 0 0 0 0 0 0 0 0 0 0 0 0 0 0 0 0 0 0 0 0 0 0 1 0 0 0 0 0 9 0 239552 7 0 0 0 0 0 0 0 0 0 30 0 0 0 0 0 0
507 GAG 0 0 4 0 0 0 0 0 0 0 23 0 0 0 0 0 0 0 27 0 0 0 0 0 0 0 0 0 0 0 0 0 43 0 239481 24 0 0 0 0 0 0 26 0 0 0 2 0 0 0 1 0 0 34 24 0 0 0 0 0 0 0 0 0
508 AGA 25 0 0 0 0 0 0 0 239518 1 31 0 1 25 0 0 0 0 0 0 0 28 0 0 20 0 0 0 0 0 0 0 0 0 0 0 0 0 0 0 52 0 0 0 0 0 0 0 0 0 0 0 0 0 0 0 48 0 0 0 0 0 37 0
509 GAA 223 0 0 0 0 60 29 0 15 21 0 0 0 0 0 0 0 31 0 0 0 0 0 0 19 0 29 0 0 0 0 0 239230 47 0 25 0 0 0 0 44 0 0 0 0 0 0 0 0 30 0 0 0 85 0 0 0 0 31 0 26 23 0 0
510 AAA 239845 0 12 0 1 0 0 0 13 0 19 0 0 0 0 0 29 0 0 0 0 0 28 0 0 26 0 0 0 0 0 0 8 0 0 0 0 0 0 0 0 0 0 0 28 24 0 0 0 0 0 0 13 0 0 0 0 0 0 0 0 47 0 0
511 AGA 39 0 0 0 0 0 0 0 239207 1 10 1 2 0 0 0 0 0 0 0 0 0 0 0 0 0 0 0 0 0 0 0 0 0 0 0 0 0 0 0 442 0 0 0 0 0 0 0 0 0 0 0 0 0 0 0 1 0 0 0 0 0 0 0
512 GCA 0 68 0 0 178 0 0 0 0 0 0 0 0 26 0 0 13 0 0 0 0 0 0 0 0 0 0 0 0 12 11 59 13 0 0 0 238629 0 12 0 1 0 28 0 317 0 29 0 0 0 0 44 31 0 0 26 0 0 0 0 0 13 0 32
513 GTT 0 0 0 0 0 0 0 0 0 38 0 35 0 0 0 205 51 0 0 0 0 37 0 18 0 0 0 0 0 0 0 0 0 0 0 0 0 0 0 1 0 0 0 0 0 11 0 236244 0 0 0 0 0 34 0 30 0 0 0 0 0 0 0 30
514 GGA 0 0 0 25 0 67 0 0 3 0 0 0 0 0 0 0 0 67 0 0 16 18 0 12 0 0 0 0 0 0 0 0 52 0 0 0 0 0 0 0 238642 0 20 0 33 0 0 0 39 0 0 0 0 0 20 0 3 0 0 0 0 25 0 36
515 ATA 0 0 0 0 0 0 0 0 0 0 0 0 239654 90 62 1 0 0 0 0 0 0 0 0 0 0 0 0 0 0 0 1 0 0 0 0 0 0 0 27 0 0 0 0 1 0 36 0 0 0 0 0 0 0 0 0 0 0 0 0 15 0 0 0
516 GGA 0 0 0 0 0 0 0 0 41 0 0 0 0 0 0 0 0 0 0 0 0 0 0 0 0 0 0 0 0 0 0 0 2 0 0 0 28 0 0 0 239506 0 1 0 1 0 0 0 0 0 0 0 0 0 0 0 32 0 0 0 0 0 0 0
517 GCT 0 0 0 0 0 0 0 54 0 0 0 0 0 0 0 0 0 0 0 0 0 0 0 0 0 0 0 0 0 0 0 0 0 0 0 35 0 48 3 239107 0 0 0 0 0 0 0 32 0 0 0 0 0 0 0 0 0 0 0 0 0 0 0 0
518 GTC 0 0 0 0 0 0 0 0 0 0 0 0 0 86 26 0 0 0 0 0 0 0 0 9 0 0 0 0 0 0 31 0 0 0 0 0 0 44 23 0 27 0 0 0 25 238475 63 58 0 0 0 0 0 0 0 31 0 0 23 0 0 0 57 0
519 TTC 0 0 0 0 0 34 0 0 0 0 0 0 0 2 0 0 0 0 0 0 0 0 0 0 0 0 0 0 0 24 0 0 0 0 0 0 0 0 0 0 0 0 0 0 0 23 0 0 0 0 0 19 0 60 0 0 0 0 0 0 51 236944 0 22
520 ATT 0 0 0 29 0 0 0 50 0 0 0 0 1 5 0 238990 0 0 0 0 0 0 0 0 0 0 0 0 41 0 0 26 0 0 0 0 0 0 0 0 0 0 0 0 0 0 0 1 0 0 0 0 0 0 0 0 0 0 0 0 0 0 0 21
521 GGG 0 0 0 0 0 0 0 0 0 0 30 0 0 0 0 0 0 0 0 29 0 0 0 0 0 0 0 0 0 0 0 0 0 0 25 0 0 0 0 0 34 30 239214 37 0 0 4 0 0 0 0 0 0 0 0 0 0 0 3 0 0 0 0 0
522 TTC 0 0 0 0 0 0 0 0 0 0 0 0 0 0 0 0 0 0 0 0 0 0 0 0 0 0 0 0 0 2 0 0 0 0 0 0 0 0 0 0 0 0 0 0 0 0 0 0 0 0 0 0 0 1 0 0 0 0 0 0 0 237801 0 29
523 TTA 0 0 0 0 0 0 0 0 0 0 0 0 5 0 0 0 0 0 0 0 0 0 0 0 0 0 0 0 101 0 0 0 0 0 0 0 0 32 0 0 0 0 0 0 6 0 0 0 0 0 0 0 5 0 0 0 0 0 0 0 238951 3 66 0
524 GGA 0 0 0 0 0 0 0 0 29 0 0 0 0 0 0 0 11 0 0 0 0 0 0 0 0 0 0 0 0 0 32 0 55 0 0 0 0 38 0 0 238328 0 54 0 31 0 0 0 0 0 0 0 0 31 0 0 22 0 0 0 0 0 0 0
525 GCA 0 0 0 0 138 0 0 0 0 0 0 0 0 1 0 0 0 0 0 0 0 0 0 0 0 0 0 0 0 0 0 0 29 0 0 0 238652 0 10 0 0 0 0 0 91 0 0 0 0 0 0 0 38 0 0 0 0 0 0 0 0 0 0 0
526 GCA 0 0 0 0 156 0 0 0 0 27 0 0 42 0 0 0 0 0 0 0 0 0 0 0 0 0 0 0 0 0 0 0 0 0 0 0 238700 34 127 4 3 0 0 0 87 0 0 0 0 0 0 0 1 0 0 0 0 0 0 0 0 0 0 0
527 GGA 0 0 0 0 0 0 23 0 40 0 0 0 0 0 0 0 0 0 0 0 0 0 0 0 0 0 0 0 0 0 0 0 53 0 0 0 0 0 0 0 236385 0 12 2 0 0 0 0 0 0 0 0 0 0 0 0 2 0 0 0 0 0 0 0
528 AGC 0 61 0 0 0 0 0 0 0 237761 0 67 0 1 0 0 0 0 0 0 0 0 0 0 0 32 0 0 0 0 0 0 0 0 0 0 0 30 0 0 0 46 0 0 0 0 0 0 0 0 0 0 0 0 0 0 0 2 0 0 0 0 0 0
529 ACT 0 0 0 0 0 115 34 236567 0 0 0 0 0 0 0 1 0 0 0 0 0 0 0 0 0 0 0 0 0 0 0 0 0 0 0 0 0 0 0 3 0 0 0 0 0 0 0 0 0 0 0 0 0 0 0 0 0 0 0 0 0 0 0 0
530 ATG 0 0 0 0 0 0 7 0 0 0 0 0 3 0 237474 17 0 0 0 0 0 0 0 0 0 0 0 0 0 0 0 0 0 0 0 0 0 0 0 0 0 0 0 0 0 0 11 0 0 0 0 0 0 0 36 0 0 0 0 0 0 0 0 0
531 GGC 0 0 0 0 0 0 0 0 0 12 0 0 0 0 0 0 0 0 0 0 0 0 0 0 0 0 0 0 0 0 0 0 0 37 0 0 0 34 0 0 42 236327 1 64 0 1 0 0 0 0 0 0 0 0 0 0 0 7 0 0 0 0 0 0
532 GCG 0 0 0 0 0 0 99 0 0 0 0 0 0 0 0 0 0 0 0 0 0 0 0 0 0 0 0 0 0 0 0 0 0 0 13 0 197 0 238569 6 0 0 0 0 0 32 66 0 0 0 0 0 0 0 38 0 0 0 0 0 0 0 0 0
533 GCG 0 0 0 0 1 0 115 0 0 0 0 0 0 0 0 0 0 0 0 0 0 0 0 0 0 0 0 0 0 0 0 0 0 0 0 0 166 1 237298 0 0 0 0 0 0 0 78 0 0 0 0 0 0 0 0 0 0 0 0 0 0 0 0 0
534 TCA 0 0 0 0 1 0 0 0 0 0 0 0 0 0 0 0 0 0 24 0 56 0 0 0 0 0 0 35 0 0 0 0 0 0 28 29 0 28 0 0 0 0 0 0 40 0 0 0 13 0 0 0 237459 20 189 30 1 0 26 49 60 24 0 0
535 GTA 0 0 0 0 0 0 0 0 0 0 0 0 179 0 0 0 0 0 0 0 0 0 0 0 0 0 0 0 28 0 0 0 0 0 0 0 40 0 0 0 0 0 0 0 238202 28 27 0 0 0 0 0 0 0 3 0 0 0 0 0 1 0 11 0
536 ACG 0 0 49 0 110 0 235010 1 0 0 2 0 0 0 31 0 0 0 0 0 0 0 0 0 0 0 0 0 0 0 0 0 0 0 0 0 0 0 61 0 0 0 0 0 0 0 0 0 0 0 0 0 0 0 0 0 0 0 0 0 0 0 0 0
537 CTG 0 0 0 0 0 0 0 0 0 0 0 0 0 0 0 0 0 0 1 0 0 0 44 0 0 0 0 0 11 0 233729 1 0 0 0 0 0 0 0 0 0 0 0 0 0 0 0 0 0 0 0 0 0 0 0 0 0 0 0 0 0 0 27 0
538 ACG 0 0 1 0 23 0 214083 6 0 0 1 0 0 0 320 0 0 0 0 0 0 0 0 0 0 0 0 0 0 0 0 0 0 0 0 0 0 0 16 0 0 0 0 0 0 0 0 0 0 0 0 0 0 0 26 0 0 0 0 0 0 0 0 0
539 GTA 0 0 0 0 0 0 0 0 0 0 0 0 42 0 0 0 0 0 0 0 0 0 0 0 0 0 0 0 0 0 0 0 0 0 0 0 15 0 0 0 0 0 0 0 229967 0 24 1 0 0 0 0 0 0 0 0 0 0 0 0 0 0 0 0
540 CAG 0 0 31 0 0 0 0 0 0 0 0 0 0 0 0 0 117 0 216634 14 0 0 7 0 25 0 105 0 0 0 7 0 0 0 1 0 0 0 0 0 0 0 0 0 0 0 0 0 0 0 86 0 0 0 0 0 0 0 0 0 0 0 0 0
541 GCC 0 0 0 0 0 178 0 0 0 0 0 0 0 0 0 0 0 0 0 0 0 0 0 0 0 0 0 0 0 0 0 0 0 16 0 0 0 225633 0 39 0 0 0 0 0 46 0 0 0 0 0 0 0 23 0 0 0 0 0 0 0 0 0 0
542 AGA 77 0 0 0 1 0 0 0 235471 0 10 0 5 0 0 0 0 0 0 0 0 0 0 0 0 0 0 0 0 0 0 0 0 0 0 0 0 0 0 0 2 0 0 0 0 0 0 0 0 0 0 0 0 0 0 0 2 0 0 0 0 0 0 0
543 CAA 2 0 0 0 0 0 0 0 0 0 0 0 0 0 0 0 224760 0 1 1 0 0 0 30 30 0 0 0 24 0 0 0 0 0 0 0 0 0 0 0 0 0 0 0 0 0 0 0 1 0 0 0 0 0 0 0 0 0 0 0 0 0 0 0
544 TTA 0 0 0 0 0 0 0 0 0 0 0 0 27 0 0 0 0 0 0 0 0 0 0 0 0 0 0 0 1 0 0 29 0 0 0 0 0 0 0 0 0 0 0 0 2 0 0 0 47 0 0 0 3 0 0 0 0 0 0 0 227541 0 8 0
545 TTG 0 0 0 0 0 0 0 0 0 0 0 0 0 0 0 0 0 0 0 0 0 0 0 0 0 0 0 0 0 0 1 0 0 0 0 0 0 0 6 0 0 0 0 0 0 0 0 0 0 0 1 0 0 0 16 0 0 0 30 0 36 0 231397 0
546 TCT 0 0 0 0 0 0 0 0 0 0 0 0 0 0 0 0 0 0 0 0 0 0 0 2 0 0 0 0 0 0 0 0 0 0 0 0 0 0 0 0 0 0 0 0 0 0 0 0 0 0 0 0 5 17 2 218277 0 0 0 0 0 0 0 29
547 GGT 0 0 0 0 0 0 0 0 0 0 0 70 0 0 0 0 0 0 0 0 0 0 0 0 0 0 0 0 0 0 0 0 0 0 0 11 0 0 0 1 0 2 33 231014 0 0 0 23 0 0 0 0 0 0 0 0 0 0 0 0 0 0 0 0
548 ATA 0 0 0 0 2 0 0 0 0 0 0 0 237371 0 24 0 0 0 0 0 0 0 0 0 0 0 0 0 0 0 0 0 0 0 0 0 0 0 0 0 0 0 0 0 9 0 0 0 0 0 0 0 0 0 0 0 0 0 0 0 0 0 0 0
549 GTG 0 0 0 0 0 0 0 0 0 26 0 0 0 0 92 0 0 0 0 0 0 0 0 0 0 0 0 0 0 0 0 0 0 0 0 0 0 0 17 0 0 0 0 0 86 0 234673 1 0 0 0 0 0 0 0 0 0 0 0 0 0 0 0 0
550 CAA 1 0 0 0 0 0 0 0 0 0 0 0 0 0 0 0 239028 0 118 20 0 0 0 0 9 0 0 0 0 0 0 0 0 0 0 0 0 0 0 0 0 0 0 0 0 0 0 0 65 0 0 0 0 0 0 0 0 0 0 0 0 0 0 0
551 CAG 0 0 33 0 0 0 0 29 0 0 0 0 0 0 0 0 96 0 235508 0 0 0 1 0 0 0 14 0 0 0 1 0 0 0 0 0 30 0 0 0 0 0 0 0 0 0 0 0 0 0 9 0 0 0 0 0 0 0 0 0 0 0 0 0
552 CAA 0 0 0 0 0 0 0 0 0 0 21 0 0 0 0 0 234756 0 2 1 0 0 0 0 56 0 0 0 0 0 0 0 0 0 0 0 0 0 0 0 0 0 0 0 0 0 0 0 11 0 0 0 0 0 0 0 0 0 0 0 0 0 0 0
553 AGC 0 90 0 0 0 0 0 0 0 235764 0 79 0 15 0 0 0 21 0 0 35 0 0 0 0 1 0 0 0 0 0 0 0 0 0 0 0 0 0 0 0 26 0 0 0 0 0 0 0 0 0 0 0 0 0 0 0 1 0 0 0 0 0 32
554 AAT 1 20 0 236417 0 0 0 0 7 0 0 3 0 0 0 2 0 0 0 0 0 0 0 0 0 0 0 0 0 0 0 0 0 0 0 1 0 0 0 0 0 0 0 0 0 0 0 0 0 0 0 17 0 0 0 0 0 0 0 0 31 0 0 0
555 TTG 0 0 0 0 0 0 0 0 0 0 0 0 0 0 0 0 0 0 0 0 0 0 0 0 0 0 0 0 0 0 31 0 0 0 0 0 0 0 0 0 0 0 0 0 19 0 1 0 0 0 0 0 0 0 1 0 0 0 0 0 79 0 237431 0
556 CTG 0 0 0 0 0 0 0 0 0 0 0 0 0 0 2 0 0 32 1 0 0 0 31 0 0 0 1 0 23 0 237750 40 0 0 0 0 0 0 0 0 0 0 0 0 0 0 0 0 0 0 0 0 0 0 0 0 0 0 0 0 0 0 99 0
557 AGG 0 0 26 0 0 0 1 0 59 1 238769 3 0 0 25 0 0 0 0 0 0 0 0 0 0 0 3 0 0 0 0 0 0 0 0 0 0 0 0 0 0 29 124 0 0 0 0 0 0 0 0 0 0 37 15 0 0 0 9 0 0 0 0 0
558 GCT 0 0 0 0 0 0 0 291 0 0 0 0 0 0 6 0 0 0 0 0 0 0 0 0 0 0 0 0 0 0 0 0 0 0 0 4 3 51 0 237582 0 0 37 0 30 0 0 52 0 0 0 0 0 1 0 28 0 0 0 0 0 0 0 0
559 ATA 1 0 7 0 6 0 0 0 0 0 0 0 238811 4 93 25 0 0 0 0 29 0 0 0 14 0 0 0 34 49 0 0 0 0 0 0 0 0 0 36 0 0 0 0 84 10 0 0 0 0 0 0 0 0 0 0 0 0 0 0 0 0 0 0
560 GAG 0 0 14 0 0 0 0 0 0 0 0 0 0 0 0 0 0 0 26 0 0 0 0 0 0 45 0 0 0 14 0 0 8 0 238605 10 0 0 3 0 0 0 91 0 0 0 34 0 0 0 6 0 0 0 0 0 0 0 0 0 0 0 0 0
561 GCT 0 0 0 0 0 0 0 90 0 0 0 0 0 1 0 0 0 0 0 0 0 0 0 4 0 0 0 0 0 0 0 0 0 0 0 30 1 19 1 236359 0 0 0 1 0 35 0 31 0 0 0 0 0 0 31 0 0 0 0 0 0 0 0 0
562 CAA 48 0 0 0 0 0 0 0 0 0 0 0 0 0 0 0 239447 0 44 0 0 0 0 0 42 0 0 0 1 0 0 0 0 0 0 0 0 0 0 0 0 0 0 0 0 0 0 0 1 0 0 0 0 0 0 0 0 0 0 0 0 0 0 0
563 CAG 0 0 0 0 0 0 0 0 0 0 0 0 0 0 0 0 183 0 238963 53 0 0 0 0 0 0 68 0 0 0 1 0 0 42 0 0 0 0 0 0 0 37 2 0 0 0 0 0 0 0 28 0 0 0 31 0 0 0 0 0 0 0 0 0
564 CAT 0 0 0 1 0 0 0 0 0 0 0 0 0 0 0 0 0 1 0 238937 0 0 0 0 0 0 0 0 0 0 0 0 0 0 0 0 0 0 0 0 0 0 0 0 0 0 0 0 0 0 0 168 0 0 0 0 0 0 0 0 0 0 0 0
565 CTG 22 0 0 0 0 6 0 0 0 0 0 0 0 0 0 0 0 0 1 0 0 0 46 0 0 0 3 0 117 1 238357 1 0 0 0 0 0 0 0 0 0 0 0 0 0 0 0 0 0 0 0 0 0 0 0 0 0 0 0 0 0 12 75 0
566 TTG 0 0 0 0 0 0 0 0 0 26 0 0 0 0 9 0 0 0 0 0 0 0 0 0 0 0 0 0 0 0 20 0 0 0 0 0 0 0 0 0 0 0 0 0 0 0 0 0 0 0 1 0 0 25 106 0 0 0 2 0 51 0 239063 0
567 AAA 238692 0 3 0 41 0 0 10 35 0 0 0 0 0 0 0 0 0 0 0 0 0 0 0 0 0 0 0 0 0 0 0 10 0 0 0 0 0 0 0 0 0 0 0 0 0 0 0 1 0 0 0 0 0 0 0 0 0 0 0 0 0 0 0
568 CTC 0 0 0 0 0 0 0 0 0 0 0 0 0 0 0 0 0 0 0 0 0 22 0 0 0 2 0 0 2 238311 0 2 0 0 0 0 0 0 0 0 0 0 0 0 0 0 0 0 0 0 0 0 0 0 0 0 0 0 0 0 0 32 0 0
569 ACG 0 0 0 0 96 21 238468 17 0 41 2 0 0 0 214 30 0 0 0 0 30 0 1 32 0 0 0 0 0 0 0 0 0 0 0 0 0 0 44 0 0 9 26 71 0 0 0 0 0 0 0 0 0 0 0 0 0 0 0 32 0 0 0 0
570 GTC 0 0 0 0 0 0 0 0 0 0 0 0 0 164 0 0 0 0 0 29 0 0 0 0 0 0 0 0 0 0 0 0 0 0 0 0 0 9 0 0 0 0 0 0 0 238388 0 70 0 0 0 0 0 0 0 0 0 0 0 0 0 37 24 0
571 TGG 0 0 0 0 0 0 0 0 0 0 39 0 0 0 23 0 0 0 0 0 0 0 0 0 0 0 82 0 0 0 0 0 0 0 0 0 0 0 0 0 0 0 0 0 0 0 0 0 0 0 18 0 0 0 0 0 33 0 239411 22 0 0 22 0
572 GGC 0 0 0 0 0 0 0 0 0 94 0 0 0 0 40 28 0 0 0 0 0 0 0 0 0 0 0 0 0 0 0 0 0 126 0 0 0 0 0 0 0 239137 0 64 0 1 0 0 0 0 0 0 0 0 0 0 0 2 0 0 0 28 0 0
573 ATT 0 0 0 0 15 4 0 50 0 0 0 0 29 66 0 238971 0 27 0 0 0 0 0 0 0 0 0 0 39 0 0 0 5 0 0 0 0 0 0 23 0 25 0 0 31 31 0 1 0 0 0 0 0 0 0 0 0 0 0 0 0 0 0 25
574 AAA 238222 28 42 0 0 0 0 0 9 0 0 0 34 0 0 0 0 0 0 0 0 0 0 0 0 0 0 0 0 0 0 0 48 0 0 0 0 0 0 0 0 0 0 0 0 0 0 0 0 0 0 0 0 0 0 0 0 0 0 0 0 0 0 0
575 CAG 0 0 17 28 0 0 0 0 0 0 0 52 0 0 0 0 118 0 239355 1 0 0 2 0 0 0 55 0 0 0 0 0 0 0 0 0 0 0 26 0 0 0 0 0 0 0 0 0 0 0 31 9 0 0 34 0 0 0 0 0 0 0 0 22
576 CTC 0 0 0 0 0 0 0 0 0 0 0 0 0 0 0 0 0 1 0 0 0 8 0 0 0 1 0 0 1 238671 33 0 0 0 0 0 0 0 0 0 0 0 0 0 0 0 0 0 0 0 0 0 0 0 0 0 0 0 0 0 0 10 0 0
577 CAG 0 0 0 0 0 0 0 0 0 0 0 0 0 0 0 0 61 1 239824 1 0 0 1 0 0 0 118 0 0 0 4 0 0 0 0 0 0 0 0 0 0 0 0 0 0 0 0 0 0 0 36 0 0 0 0 0 0 0 0 0 0 0 0 0
578 GCA 0 0 0 0 76 0 0 0 0 0 0 26 0 0 0 0 0 0 0 0 0 0 0 0 0 0 0 0 0 0 0 0 39 0 0 0 238677 54 29 0 0 0 0 0 24 0 0 0 0 0 0 0 14 0 0 0 0 0 0 0 0 0 0 0
579 AGA 60 0 0 0 0 0 0 0 239630 0 8 2 41 0 0 0 0 0 0 0 0 0 19 0 2 0 0 0 0 0 0 0 0 0 0 0 0 0 0 0 24 0 1 0 0 0 0 0 0 0 0 0 0 0 0 0 1 0 0 0 0 0 0 0
580 GTC 0 0 0 0 0 0 0 0 0 11 0 0 0 30 0 0 0 0 34 0 0 0 0 0 0 0 0 0 0 0 0 0 0 0 0 0 0 81 0 0 0 0 0 0 19 236833 0 30 0 0 0 0 0 0 0 0 0 0 0 0 0 0 0 0
581 CTA 0 0 0 0 0 30 0 0 0 0 0 0 4 0 0 35 1 0 0 0 7 0 0 0 0 0 0 0 239077 0 65 0 0 0 0 0 0 0 0 0 0 0 0 0 0 0 33 0 0 0 0 0 0 0 0 0 21 0 0 0 34 0 0 0
582 GCT 0 0 0 0 0 0 0 18 0 0 0 0 0 0 0 0 0 0 0 0 0 0 0 0 0 0 0 0 0 0 0 0 0 0 0 0 2 13 1 239403 0 0 0 0 0 0 0 14 0 0 0 0 0 0 0 0 0 50 0 0 0 0 0 0
583 GTG 0 0 0 0 0 0 0 0 0 0 0 0 0 0 20 0 0 0 0 0 0 0 0 0 0 0 0 0 0 0 14 0 0 0 1 0 0 0 54 0 0 0 0 0 17 0 239643 5 0 0 0 0 0 0 0 0 0 0 0 0 0 0 0 0
584 GAA 1 0 0 0 0 0 0 0 0 0 0 0 0 0 0 0 0 0 0 0 0 0 0 0 0 0 0 0 0 0 0 0 239420 0 24 9 0 0 0 0 30 0 0 0 1 0 0 0 1 0 0 0 0 0 0 0 0 0 0 0 0 0 0 0
585 AGA 50 0 0 0 0 0 0 0 239623 25 2 0 1 0 0 0 0 0 0 0 0 0 0 0 5 0 0 0 0 0 0 0 0 0 0 0 0 0 0 0 21 0 0 0 0 0 19 0 0 0 0 24 0 0 0 0 3 0 0 34 0 0 0 0
586 TAC 0 31 0 0 0 0 0 0 0 0 0 0 0 0 0 0 0 2 0 0 0 0 0 0 0 0 0 0 0 0 0 0 0 0 0 0 0 0 0 0 0 0 0 0 0 0 0 0 19 238756 0 19 0 0 0 0 0 32 0 0 0 0 0 0
587 CTA 0 0 0 0 0 0 0 0 0 0 0 0 4 0 0 0 1 0 0 0 19 0 0 0 0 0 0 0 239436 0 52 0 0 0 0 0 0 0 0 0 0 0 0 0 0 0 0 0 0 0 0 0 0 0 0 0 0 0 0 0 0 0 0 0
588 AAG 93 0 239415 72 0 0 23 0 0 0 83 0 0 0 4 0 0 0 0 0 0 0 0 0 0 0 0 0 0 0 21 0 0 0 8 0 0 0 0 0 0 0 0 0 0 25 31 0 0 0 1 22 0 0 0 0 0 0 0 0 0 0 0 39
589 GAT 0 0 0 29 0 0 0 0 0 0 0 0 0 0 0 0 0 0 0 0 0 0 0 0 0 0 0 0 0 0 0 0 0 3 0 238038 0 30 0 0 0 0 29 0 0 0 0 0 0 0 0 0 0 0 0 0 0 0 0 0 0 0 0 0
590 CAA 0 26 0 0 27 0 0 0 0 0 0 0 0 0 0 0 238773 0 9 36 0 0 0 0 39 0 0 9 2 0 0 0 0 0 0 0 0 36 0 41 0 0 0 0 0 0 0 0 0 0 0 0 0 0 0 0 0 0 0 0 0 0 0 0
591 CAG 0 0 0 0 0 0 19 0 0 0 0 0 0 0 0 0 50 0 238361 1 0 0 1 0 0 0 111 19 0 0 2 27 0 0 1 0 0 0 0 27 0 0 0 0 0 0 0 0 0 0 55 0 0 0 0 0 0 0 0 0 0 0 0 0
592 CTC 0 0 0 0 0 0 0 0 0 0 0 0 0 1 0 0 0 0 0 0 0 1 0 0 0 38 0 0 65 238627 24 0 0 0 0 0 0 0 0 0 0 0 0 0 0 0 0 0 0 0 0 0 0 0 0 0 0 0 0 0 0 13 0 0
593 CTA 0 0 0 0 0 0 0 0 0 0 0 0 3 0 0 0 1 0 0 0 62 0 0 0 1 0 0 0 239578 0 54 0 0 0 0 0 32 0 0 0 0 0 0 0 0 0 0 0 0 0 0 0 0 0 0 0 0 0 0 0 33 0 0 0
594 GGA 0 0 0 0 0 0 0 0 30 0 0 0 0 0 0 0 0 0 0 0 0 0 0 0 0 0 0 0 0 0 0 0 1 0 0 0 0 0 0 0 239715 17 0 0 0 0 0 0 0 0 0 0 27 0 0 0 16 0 0 0 0 0 0 24
595 ATT 0 0 0 0 0 0 0 36 0 0 0 0 0 1 1 239897 0 0 0 0 0 0 0 0 0 0 0 0 0 0 0 0 0 0 0 51 0 0 0 26 0 0 0 0 0 0 50 0 0 0 0 0 0 13 0 0 0 0 0 0 0 0 0 0
596 TGG 0 0 0 0 0 0 0 0 0 0 2 0 0 0 0 0 0 0 0 0 0 0 0 0 0 0 42 0 0 0 0 41 0 0 29 0 0 0 0 0 0 0 6 0 0 0 0 0 0 0 8 0 0 0 0 0 145 0 239167 14 0 0 6 0
597 GGC 0 0 0 0 0 0 0 0 0 47 0 0 0 18 0 0 0 0 0 0 0 0 0 0 0 0 0 0 0 0 0 0 0 152 0 0 0 0 0 0 10 239342 22 75 0 2 0 0 0 0 0 0 0 0 0 0 0 4 0 0 0 0 0 0
598 TGC 0 0 0 0 0 0 0 0 0 0 0 0 0 0 0 0 0 0 0 0 0 0 0 0 0 3 0 0 0 0 0 0 0 0 0 0 0 0 0 0 0 14 0 0 0 0 0 0 0 50 0 0 0 0 0 0 0 85524 0 17 0 0 0 0
599 TCT 0 0 0 0 0 0 0 0 0 0 0 0 0 0 0 0 0 0 0 0 0 0 0 6 0 0 0 0 0 0 0 0 0 0 0 0 0 0 0 0 0 0 6 14 0 0 12 0 0 0 0 12 1 62 0 85347 0 0 0 0 0 0 0 17
600 GGA 11 0 0 0 2 0 0 0 13 0 0 0 0 0 0 0 0 1 0 0 0 0 0 0 0 0 0 0 0 16 0 0 22 11 0 11 1 0 24 0 84701 0 6 17 1 0 0 0 0 0 0 0 0 0 0 0 0 0 0 0 0 3 0 5
601 AAA 85589 0 1 10 0 0 0 0 0 0 0 0 0 11 0 0 0 0 0 0 0 0 0 0 0 11 0 0 0 0 0 0 4 0 0 0 0 0 0 0 0 1 0 0 0 0 0 0 0 0 0 0 0 0 0 0 0 0 0 0 0 0 0 0
602 CTC 0 0 0 0 0 0 0 0 0 9 0 0 0 16 0 0 0 1 0 0 0 5 0 0 0 0 0 0 17 85541 0 29 0 0 0 0 0 0 0 0 0 0 0 0 0 0 0 0 0 0 0 0 0 0 0 0 0 0 0 0 0 14 0 0
603 ATC 0 0 0 0 0 16 0 0 0 0 0 0 14 85549 0 12 0 0 0 0 0 0 0 0 0 0 0 0 0 0 0 0 0 0 0 0 0 0 0 0 0 0 0 0 0 5 0 0 0 0 0 0 0 0 0 0 0 0 0 0 16 0 0 0
604 TGC 0 0 0 0 0 0 0 0 0 1 0 0 0 0 0 0 0 0 0 0 0 0 0 0 0 9 0 0 0 0 0 0 0 0 0 0 0 1 0 0 0 0 0 0 0 0 0 0 0 26 0 0 0 0 0 0 0 85539 0 23 0 0 0 0
605 ACC 0 0 0 0 0 85522 4 15 0 0 0 0 0 22 0 0 0 15 0 0 0 0 0 9 0 15 0 0 0 0 0 0 0 0 0 0 0 1 0 0 0 0 0 0 0 0 0 0 0 0 0 0 0 0 0 0 0 0 0 0 0 0 0 0
606 ACT 0 0 0 8 0 24 0 85565 0 0 0 0 0 0 0 1 0 0 0 0 0 0 0 0 0 0 0 0 0 0 0 0 0 0 15 0 0 0 0 1 0 0 0 0 0 0 0 0 0 0 0 0 0 0 0 1 0 0 0 0 0 0 0 0
607 AAT 22 4 0 85499 0 0 0 0 0 0 0 30 15 0 0 2 0 0 0 0 0 0 0 0 0 0 0 0 0 0 0 0 0 0 0 10 0 0 0 0 0 0 0 0 0 0 0 13 0 0 0 0 0 0 0 28 0 0 0 0 0 0 0 0
608 GTG 0 0 0 0 0 0 0 0 0 0 0 0 0 0 16 0 0 0 0 0 0 0 0 0 0 0 0 0 0 0 0 0 0 0 0 0 0 0 24 0 0 0 0 0 54 0 85518 1 0 0 0 0 0 0 0 0 0 0 0 13 0 0 0 0
609 CCC 0 0 0 0 0 0 0 0 0 0 10 0 0 0 0 0 0 1 0 0 9 85557 0 11 0 1 15 0 0 1 0 0 0 0 0 0 0 0 0 0 0 0 0 0 0 0 0 0 0 0 0 0 0 18 0 0 0 0 0 0 0 0 0 0
610 TGG 0 0 0 0 0 0 0 0 0 0 3 0 0 0 0 0 0 0 0 0 0 0 0 0 0 0 51 0 0 0 0 0 0 0 0 0 0 0 0 0 0 0 21 0 0 0 0 0 0 0 8 0 0 0 0 0 40 9 85416 11 0 0 29 0
611 AAC 0 85164 33 30 0 7 0 0 61 11 7 0 0 0 22 0 48 0 0 8 0 0 0 0 0 5 0 9 13 0 0 0 6 25 43 24 0 0 13 0 0 0 0 0 0 0 0 0 0 0 0 0 3 2 16 2 0 0 0 10 0 0 4 0
612 TCT 11 0 26 11 0 7 0 26 0 12 0 0 0 0 10 0 0 0 0 15 102 23 67 47 7 0 0 0 0 0 0 0 0 0 0 0 0 0 0 0 0 0 0 0 0 0 7 0 0 0 0 14 13 6 10 85207 0 0 0 0 0 0 0 0
613 AGT 38 30 0 54 14 0 0 0 45 3 25 84181 0 16 47 58 78 30 51 29 0 0 0 0 6 28 46 25 19 19 13 13 17 4 28 27 47 11 13 0 16 22 64 203 41 28 0 23 0 9 0 7 0 0 0 0 0 36 6 39 56 17 19 11
614 TGG 0 0 0 0 0 13 0 0 0 0 12 0 0 0 0 0 0 0 14 0 0 0 0 0 0 0 1 0 0 0 0 0 0 0 0 0 0 0 0 0 0 0 0 0 0 0 15 0 0 0 10 0 0 0 0 0 28 0 85476 37 0 0 1 0
615 AGT 0 0 0 35 0 0 0 0 18 33 0 85432 0 0 0 13 0 0 0 0 0 0 13 0 0 0 0 0 0 0 0 0 0 0 0 0 0 0 0 0 0 0 0 13 0 0 0 0 0 0 0 0 4 0 0 0 0 0 0 0 0 0 0 0
616 AAT 0 26 0 85509 0 0 0 0 0 0 0 1 0 0 0 0 0 8 0 0 12 7 0 0 0 0 0 0 0 0 0 0 0 0 10 10 0 0 0 0 0 0 0 0 11 0 0 0 0 0 0 0 0 0 0 0 0 0 0 0 0 0 0 0
617 AAA 85557 0 0 0 0 0 0 0 1 0 0 0 0 0 0 0 0 0 0 0 0 0 0 0 13 0 0 5 0 0 0 0 36 0 0 0 0 0 0 0 0 0 0 0 0 0 0 0 0 0 0 0 0 0 0 0 0 0 0 0 0 0 0 0
618 TCC 11 0 0 0 0 0 0 0 0 0 0 0 0 0 0 0 0 0 0 0 0 1 20 0 0 0 0 0 0 0 0 0 0 0 0 0 0 0 0 0 0 0 0 0 0 0 0 0 15 0 0 0 0 85514 15 7 0 0 10 0 0 12 0 0
619 CAG 0 0 0 0 0 25 0 0 0 0 0 0 0 0 0 0 12 9 85419 26 0 0 0 0 0 0 57 0 0 15 13 0 0 0 0 0 0 0 0 0 0 0 0 0 6 0 0 0 0 0 3 0 0 12 0 0 0 0 0 0 0 0 0 0
620 GAT 0 0 0 16 0 0 0 0 0 0 0 0 6 16 4 7 0 0 0 0 0 13 0 0 0 9 0 6 0 0 6 13 10 0 0 85343 11 0 13 23 0 0 0 0 0 0 0 0 0 0 0 0 0 0 0 12 0 0 0 9 0 0 0 0
621 GAG 0 0 41 0 0 0 0 0 0 0 0 0 0 0 5 0 9 0 0 7 0 0 0 0 0 0 0 0 0 0 0 8 35 20 85234 12 0 8 0 0 0 0 18 8 20 0 23 20 0 0 1 15 0 2 0 0 0 0 0 0 0 7 0 25
622 ATA 14 0 0 0 0 0 0 0 0 0 0 0 85422 0 31 10 0 0 0 0 0 0 0 0 0 0 0 0 0 0 0 0 0 0 0 0 0 0 0 0 0 0 0 0 0 0 0 0 0 0 0 0 0 0 0 0 0 0 0 0 0 0 0 0
623 TGG 0 0 0 0 0 0 0 0 0 0 1 0 0 0 0 0 11 0 0 0 0 0 0 0 0 6 2 0 0 0 0 0 0 0 0 0 0 0 0 0 0 0 0 0 0 0 0 0 0 0 4 0 0 0 0 0 15 0 85547 9 0 0 4 0
624 GGA 0 0 0 0 0 0 11 0 13 1 8 0 0 0 1 0 5 0 0 0 0 0 0 0 0 14 8 0 0 0 0 0 52 0 0 4 0 0 0 0 85399 0 28 13 0 0 6 0 0 0 0 0 0 0 0 9 22 0 10 0 0 0 0 0
625 AAC 25 85401 2 41 0 3 22 0 19 5 0 16 0 0 0 0 0 10 0 0 0 10 0 0 0 0 0 0 0 2 0 6 0 2 0 0 0 0 0 10 0 10 0 0 0 0 0 4 0 0 0 0 0 0 0 0 0 0 0 10 9 0 0 0
626 ATG 2 0 0 11 0 0 16 0 0 0 0 0 11 0 85560 5 0 0 0 0 0 0 0 0 0 0 0 0 0 0 1 0 0 0 0 0 0 0 0 0 0 0 0 0 0 0 4 0 0 0 0 0 0 0 0 0 0 0 0 0 0 0 8 0
627 ACC 0 8 0 0 19 85518 0 4 0 0 0 0 0 16 0 0 0 0 0 0 0 8 0 0 0 0 0 0 0 0 0 0 0 0 0 0 0 8 0 0 0 0 0 0 0 0 0 0 0 0 0 0 0 0 0 0 0 0 0 0 0 0 0 0
628 TGG 0 0 0 0 0 0 0 0 0 0 0 10 0 0 0 0 0 0 0 0 0 0 0 0 0 12 3 0 9 8 0 0 0 0 0 0 0 0 0 0 0 0 0 0 0 0 3 13 0 0 10 0 0 0 0 0 16 0 85455 0 0 0 17 0
629 CTG 14 0 0 0 0 0 0 0 0 0 0 0 0 0 1 0 13 0 6 0 0 0 12 0 0 16 0 16 140 0 85287 13 0 0 0 0 0 0 0 0 0 0 0 0 0 0 0 0 0 0 0 0 0 0 0 0 0 0 0 0 0 0 19 0
630 CAA 13 0 9 0 0 0 0 0 0 0 0 0 0 0 11 0 85300 0 44 0 0 0 0 22 12 0 0 0 0 0 0 0 0 0 0 0 20 0 22 0 1 0 7 0 0 0 0 0 25 0 0 0 0 0 0 0 0 0 0 0 0 0 0 0
631 TGG 0 0 0 0 0 0 0 0 0 0 0 0 0 0 0 0 0 0 0 0 0 0 0 0 0 0 7 0 0 0 0 0 0 0 0 0 0 0 0 0 0 0 0 0 0 0 0 0 0 0 9 0 7 0 0 0 5 16 85464 3 0 0 12 0
632 GAT 0 5 0 11 0 0 0 0 0 6 0 10 0 0 0 0 0 11 0 8 0 0 0 0 0 17 0 0 0 0 0 0 12 1 0 85338 8 0 0 22 0 6 0 4 0 14 0 14 0 0 0 13 15 0 0 7 0 0 13 0 0 0 0 0
633 AAA 85411 4 15 5 0 0 0 0 29 0 0 0 15 0 0 0 13 18 6 0 0 0 5 0 0 0 0 0 0 0 0 0 16 0 0 0 0 0 0 0 0 0 0 0 0 23 0 0 0 0 0 0 0 0 0 0 0 0 0 0 0 0 0 0
634 GAA 18 0 4 0 0 8 0 0 0 0 0 0 21 0 7 0 58 33 0 0 0 0 0 0 0 14 0 0 0 22 14 0 85197 0 0 0 0 0 0 8 9 0 0 0 11 8 48 10 1 0 0 0 9 9 0 0 0 11 0 0 0 0 31 0
635 GTT 0 0 0 0 0 15 0 13 0 0 0 0 8 0 0 33 0 0 0 0 0 0 0 0 0 0 0 8 0 0 0 15 0 0 0 9 0 0 0 0 0 0 8 3 0 19 0 85430 0 0 0 11 0 0 0 0 0 0 0 0 0 0 6 0
636 AGC 0 10 0 0 0 19 10 0 27 85267 0 62 10 8 12 0 0 0 12 14 0 0 0 0 0 6 0 0 0 0 0 0 0 0 0 0 0 0 0 0 0 20 15 4 0 14 0 0 0 0 0 0 0 12 0 0 0 0 0 24 0 0 0 19
637 AAT 28 8 0 85310 0 0 0 0 12 0 6 1 0 0 0 0 0 13 8 0 0 9 3 0 10 0 21 12 22 0 0 9 0 0 0 1 0 0 0 0 0 0 31 9 8 11 0 0 0 0 0 16 1 0 15 0 0 0 0 12 13 0 0 0
638 TAC 0 0 2 0 0 0 0 0 0 0 0 0 0 11 0 0 0 0 0 0 0 0 0 0 0 0 0 0 22 0 0 0 0 0 0 0 0 0 0 0 0 0 0 0 0 0 0 0 1 85402 0 69 0 5 0 15 0 5 0 0 0 0 0 0
639 ACA 41 8 0 0 85228 0 6 8 11 7 0 9 42 0 0 0 0 15 0 16 0 0 0 0 19 0 0 17 5 0 0 0 0 0 0 0 12 11 0 0 0 0 0 0 0 0 17 0 0 7 0 0 0 0 0 0 0 0 0 0 0 0 0 9
640 CAG 0 0 18 0 0 0 0 0 0 0 0 0 0 0 0 0 13 0 85461 9 0 0 1 0 0 0 15 17 0 28 0 0 0 0 1 0 0 0 0 0 6 0 0 0 0 0 0 0 0 0 1 0 5 0 0 0 0 0 0 0 0 0 0 0
641 ATA 59 0 0 0 1 0 0 0 0 0 11 0 85309 6 1 0 0 0 0 0 0 0 0 0 0 1 0 1 0 0 12 0 0 0 0 0 0 0 0 11 0 0 0 0 3 0 0 0 0 0 0 0 0 0 0 0 0 0 0 0 7 0 0 10
642 ATA 39 0 0 0 18 0 0 0 0 0 0 0 85374 17 0 0 0 0 0 0 0 0 12 0 0 0 0 0 0 0 0 0 0 0 0 0 0 0 0 0 0 0 16 0 1 0 0 0 0 0 0 0 0 0 0 0 0 0 0 0 0 0 0 0
643 TAT 0 0 4 17 0 0 0 0 0 0 0 0 0 0 0 0 0 0 0 0 0 0 0 0 0 0 0 0 0 0 0 0 0 0 0 0 0 0 0 0 0 0 0 0 0 0 3 0 37 11 0 85477 0 0 0 0 0 0 0 1 0 0 0 27
644 ACT 27 0 14 0 13 23 0 85187 0 0 24 0 0 0 0 26 8 0 0 0 0 0 0 0 8 6 7 6 0 0 7 0 17 0 6 0 0 0 0 21 0 0 4 32 0 0 0 0 8 7 0 0 7 0 0 0 0 0 0 0 0 0 0 0
645 CTA 23 0 0 0 0 0 0 0 0 0 0 0 16 0 0 0 0 0 0 0 4 0 0 0 23 0 0 0 85410 0 0 0 0 0 0 0 0 0 0 0 0 0 0 0 0 0 0 0 0 0 0 0 0 0 0 0 0 0 0 0 0 0 0 0
646 ATT 0 0 0 0 0 0 0 2 0 0 0 0 24 2 0 85391 0 0 0 0 0 0 0 0 0 0 0 0 0 0 6 0 0 0 0 0 0 0 0 0 0 0 0 11 0 0 7 0 0 0 0 0 0 0 0 0 0 0 18 0 0 9 0 0
647 GAA 1 0 0 0 10 0 0 0 0 0 0 9 0 0 8 14 17 0 0 4 0 0 0 0 0 0 0 0 0 0 0 0 85096 5 24 8 0 16 0 0 61 18 1 6 0 0 0 0 0 3 0 10 24 0 14 0 0 0 14 14 0 0 0 9
648 GAA 111 14 0 0 0 0 25 0 0 8 7 15 0 8 0 0 7 0 0 31 0 0 0 0 0 2 0 32 12 22 0 0 85073 0 0 1 0 0 4 0 12 0 7 0 10 0 0 0 8 0 0 0 9 0 0 0 0 0 0 0 0 0 0 6
649 TCG 0 0 0 0 0 0 0 0 0 0 0 0 0 0 0 0 0 0 0 0 0 0 0 0 0 0 0 0 0 0 0 0 0 0 0 0 0 0 0 0 0 0 4 0 0 0 0 0 0 0 0 0 98 0 84558 0 0 0 0 0 10 0 13 0
650 CAG 0 0 0 0 0 0 0 0 13 0 0 0 0 0 14 0 30 0 85148 0 0 0 4 0 0 0 34 3 0 0 3 0 13 0 0 0 0 0 0 0 0 0 0 0 0 0 0 0 0 17 9 0 0 0 0 0 0 0 12 0 0 7 0 0
651 AAC 1 85384 8 12 0 0 0 0 3 0 0 0 0 10 0 0 0 12 0 0 0 0 0 0 0 0 0 0 0 0 7 0 0 1 0 0 11 0 0 0 0 13 0 0 0 0 9 0 0 0 0 0 0 0 0 0 0 0 9 0 0 0 0 0
652 CAG 0 0 0 0 0 0 0 0 0 0 21 0 0 0 0 0 39 0 78990 5 0 0 0 0 0 0 3 5 0 6 0 2 0 0 13 0 0 0 0 3 0 0 0 0 0 0 18 0 0 0 21 0 0 0 4 0 0 0 0 0 0 0 0 0
653 CAA 0 0 0 0 0 0 14 0 0 0 0 0 2 0 0 11 80197 0 0 0 0 8 0 0 4 0 6 0 0 0 0 10 0 0 0 0 0 0 9 0 0 0 0 0 0 0 8 6 24 0 0 0 0 0 0 0 0 0 0 0 0 0 0 0
654 GAA 216 7 0 0 9 0 0 0 0 0 0 0 0 0 0 0 0 0 0 0 0 0 0 0 0 0 0 0 0 0 0 0 82453 0 0 0 0 0 0 12 2 0 0 0 0 9 0 0 0 0 0 0 0 0 0 10 0 0 0 0 0 0 0 10
655 AAA 85130 1 7 0 6 0 0 0 11 0 0 0 0 0 12 0 0 0 7 0 0 0 0 0 0 0 0 11 0 0 21 0 7 0 0 0 0 0 10 0 4 0 0 0 0 0 0 0 0 0 0 10 18 0 0 0 0 0 0 0 0 2 7 9
656 AAT 7 11 0 84531 6 0 0 0 11 0 6 32 0 10 0 36 0 0 3 1 0 0 0 0 8 0 0 0 5 0 5 0 6 0 0 0 0 0 5 0 0 0 0 0 0 0 0 0 0 11 0 14 10 0 0 10 0 0 0 0 0 0 0 0
657 GAA 52 1 0 0 0 0 0 0 0 0 0 8 0 0 0 0 8 0 13 0 0 0 0 0 0 0 0 0 0 17 0 2 85036 0 7 0 9 0 8 8 13 24 0 0 0 0 15 0 0 0 0 5 0 0 0 0 11 0 0 0 4 0 0 0
658 CAA 12 0 1 0 0 0 0 0 0 0 8 0 0 0 0 0 84528 1 6 1 0 0 0 0 18 0 0 0 14 0 20 18 16 0 0 0 0 0 0 0 0 0 0 0 11 0 1 0 3 17 0 0 0 0 0 14 0 0 17 0 0 8 0 0
659 GAC 0 16 0 0 12 0 6 0 0 0 0 8 0 0 0 13 2 0 0 0 0 0 0 0 0 0 0 0 0 0 0 30 8 84253 0 21 0 0 0 9 0 2 0 0 0 0 0 0 0 0 0 12 0 0 6 0 0 0 0 0 0 0 11 0
660 TTA 0 0 0 0 0 0 0 0 0 0 0 0 26 0 0 0 0 0 0 0 0 0 0 0 0 0 0 0 11 0 0 0 0 0 8 0 0 0 0 0 0 0 0 0 1 0 0 0 0 0 0 1 1 0 0 0 0 0 0 0 83286 0 8 0
661 TTA 0 0 0 0 0 0 0 0 0 0 0 0 56 0 0 0 0 0 0 0 0 0 0 0 0 0 0 0 10 0 0 0 0 0 0 0 0 0 0 0 0 0 0 0 0 0 0 0 18 0 1 0 0 0 0 0 3 0 0 0 84416 0 11 8
662 GCA 0 0 24 0 34 0 0 0 0 0 23 0 0 0 0 0 0 0 0 0 0 0 0 0 10 0 0 0 0 0 0 0 0 0 0 0 85067 8 0 0 0 0 3 0 41 0 0 9 0 0 0 0 14 0 9 0 0 0 0 0 0 0 0 0
663 TTG 0 0 0 0 0 0 0 0 5 0 0 0 0 2 0 0 0 0 0 0 15 0 0 0 0 0 0 0 0 0 16 0 0 9 0 0 0 0 0 0 0 0 0 0 0 0 8 0 0 22 16 0 0 0 10 0 0 12 0 0 27 0 84303 6
664 GAC 0 15 0 19 0 0 0 0 0 0 0 0 0 0 0 0 0 0 7 0 0 0 0 0 0 0 0 0 0 0 0 0 19 85099 22 16 0 0 16 0 0 10 22 11 0 0 0 0 0 5 0 0 9 0 0 11 0 0 8 0 0 0 0 0
665 AAG 48 4 85355 21 0 0 1 0 0 0 13 0 0 0 1 0 13 0 1 0 0 0 0 0 10 0 0 0 0 0 0 0 9 0 7 0 13 0 14 9 0 0 9 0 0 0 0 0 0 0 0 0 0 0 7 0 0 0 0 0 0 0 0 0
666 TGG 0 0 0 0 0 0 0 0 0 0 0 0 0 0 0 4 0 0 0 0 0 0 0 0 0 0 0 0 0 0 0 0 0 0 0 0 0 0 0 0 0 0 0 0 0 0 0 0 0 0 44 0 0 0 0 0 37 9 84719 1 0 0 17 0
667 GCA 0 0 0 0 73 0 0 0 12 0 0 0 11 0 0 0 0 0 0 0 0 0 0 0 0 0 0 0 0 0 0 0 9 0 0 0 83312 5 18 17 27 0 0 0 52 8 30 0 0 6 14 0 0 0 10 0 0 0 0 0 0 0 0 0
668 AGT 0 0 10 14 0 0 0 10 0 0 19 84980 0 0 0 0 0 8 15 10 0 0 0 0 0 0 10 0 0 0 0 0 0 0 6 0 0 0 0 0 0 0 0 0 0 9 0 0 0 0 0 0 0 0 0 0 0 0 0 0 0 0 12 12
669 CTG 0 0 0 0 0 0 0 3 3 0 0 0 0 0 0 0 0 0 1 0 0 0 26 0 1 0 10 0 47 0 84962 0 0 0 0 0 0 0 0 0 0 0 0 0 0 0 0 0 0 0 0 0 0 0 0 0 0 0 0 0 0 0 20 0
670 TGG 0 0 0 5 0 0 0 0 0 4 0 0 15 0 24 0 0 0 0 0 0 0 0 0 0 0 16 10 0 0 0 0 0 0 0 0 0 0 0 0 0 0 1 0 0 0 0 0 0 0 7 0 0 0 0 0 25 21 85145 0 9 0 16 0
671 AAT 0 16 9 85410 0 8 0 1 0 21 0 1 0 0 0 1 0 0 15 0 0 0 8 0 0 0 0 0 0 0 0 0 0 0 13 0 0 0 0 0 17 0 5 0 0 0 11 0 0 0 0 0 0 0 0 0 0 0 0 0 0 0 0 0
672 TGG 0 0 0 0 0 0 0 0 0 10 5 0 0 0 0 0 0 0 0 0 0 0 0 0 0 0 1 0 5 0 0 0 0 0 0 0 0 0 0 0 0 0 20 0 0 0 0 0 0 6 3 0 0 0 0 0 3 0 85361 0 0 0 0 0
673 TTT 0 0 0 0 0 0 0 0 0 0 0 0 0 0 0 8 0 0 0 0 16 0 0 0 0 0 0 0 0 0 0 1 0 0 0 0 0 0 0 0 0 7 0 0 0 0 0 5 0 14 0 2 0 0 0 0 0 0 0 0 0 25 0 85400
674 AAC 14 85417 0 2 0 0 7 0 0 48 11 0 0 0 0 13 0 0 0 0 0 0 0 0 7 0 0 0 0 0 0 0 0 13 0 0 0 0 0 0 8 0 0 0 0 0 0 0 0 0 0 0 0 0 0 0 0 0 0 0 0 0 0 0
675 ATC 0 0 0 0 0 12 0 0 0 12 0 0 29 85130 0 8 0 0 0 0 0 0 0 0 0 0 0 0 0 0 0 0 0 0 0 0 0 0 0 0 0 0 0 0 9 0 0 0 0 0 0 0 0 0 0 0 0 0 0 0 0 0 0 0
676 TCA 0 0 0 6 10 13 0 10 0 11 0 0 0 0 0 11 11 0 0 0 13 0 0 0 0 0 0 0 0 0 0 7 0 0 0 0 1 0 0 0 0 0 0 0 19 2 8 0 0 0 0 0 84808 27 25 24 0 0 9 0 8 12 0 12
677 CAA 11 0 0 0 10 0 0 0 0 0 0 0 0 6 0 0 85252 8 17 0 0 0 0 0 17 4 0 10 0 11 30 22 0 0 11 0 0 0 0 0 0 0 0 0 0 0 0 13 30 0 0 0 2 0 11 0 0 0 0 0 0 0 9 3
678 TGG 0 0 0 0 0 0 0 0 0 0 0 0 0 0 0 0 0 0 0 0 0 0 0 0 0 8 0 0 0 0 0 0 0 0 0 0 0 0 0 0 0 0 0 0 0 0 0 0 0 0 28 0 0 0 0 0 38 4 85407 0 0 0 1 0
679 CTG 0 0 0 0 0 0 0 0 0 0 0 0 0 0 0 0 0 0 0 0 0 0 17 0 0 0 5 0 27 6 85305 0 0 0 0 0 0 0 0 0 0 0 0 0 0 0 0 0 0 0 0 0 0 0 0 0 0 0 0 0 0 0 1 0
680 TGG 0 9 0 0 0 0 0 0 0 0 0 0 0 0 0 0 0 0 0 0 0 8 0 0 0 0 8 0 0 0 0 0 0 12 8 0 0 0 0 0 0 0 0 0 0 0 0 0 0 0 0 0 0 0 0 0 9 0 85278 0 0 0 9 0
681 TAT 0 0 0 21 0 0 0 0 0 0 0 0 0 0 0 0 0 0 0 11 0 0 0 0 11 0 0 0 0 1 0 0 0 0 0 0 0 0 0 0 0 0 0 0 0 0 9 0 26 3 0 85458 0 0 0 0 0 0 0 26 0 0 0 17
682 ATA 0 0 0 0 14 0 0 0 0 0 0 0 85519 0 2 0 8 0 0 0 7 0 0 0 0 0 0 0 0 0 0 0 0 0 0 0 0 0 0 0 0 0 6 0 5 0 0 0 0 0 0 0 0 0 0 0 0 0 0 0 5 0 17 0
683 AAG 0 0 85518 4 0 0 1 0 0 6 2 0 0 0 1 0 0 0 0 0 0 0 10 0 0 0 0 9 0 0 0 0 0 0 2 0 0 0 0 0 0 0 0 0 11 0 0 0 0 0 0 0 0 0 0 0 0 0 0 0 0 0 0 0
684 ATA 0 0 0 0 0 0 0 0 17 0 0 0 85465 0 9 0 4 0 8 0 0 0 0 0 0 0 0 0 0 0 0 0 0 0 0 0 0 2 0 0 0 0 0 0 2 0 15 0 0 0 0 0 0 0 0 0 0 0 0 11 0 0 0 33
685 TTT 0 0 0 0 0 0 0 0 0 0 0 0 0 0 0 11 0 0 0 0 11 0 0 0 0 0 0 0 9 0 0 4 0 0 0 0 0 0 1 0 0 0 0 0 5 0 0 0 0 3 0 0 0 3 12 6 0 0 0 0 10 2 2 85337
686 ATA 12 0 0 0 0 0 9 0 0 0 0 0 85356 0 14 12 0 0 0 0 0 0 0 0 0 0 0 0 0 5 0 0 0 0 13 0 0 0 0 0 6 0 12 0 37 9 0 0 0 3 0 0 0 0 12 12 0 0 0 0 0 0 9 0
687 ATA 15 0 0 0 8 0 0 0 0 0 0 0 85502 0 11 0 0 0 0 0 0 0 0 0 0 0 10 0 0 0 0 0 0 0 0 0 0 0 0 0 0 0 0 0 0 0 6 0 0 0 0 0 11 0 0 0 0 0 0 0 18 0 5 0
688 ATA 1 0 0 0 0 0 0 0 0 0 0 0 85487 0 30 0 0 0 0 0 0 0 0 0 0 0 0 0 0 0 0 0 5 0 0 0 0 0 0 0 0 0 0 12 30 0 0 0 0 0 0 0 0 0 0 0 12 0 0 0 0 0 8 0
689 GTA 0 0 0 0 0 0 0 0 0 0 0 10 24 0 0 0 0 0 0 7 0 0 0 0 0 0 0 0 0 0 0 0 0 0 0 0 0 0 0 0 25 0 4 5 85487 0 28 1 0 0 0 0 0 0 0 0 0 9 0 0 1 0 0 0
690 GGA 0 0 0 0 0 0 0 0 9 0 0 0 0 0 0 0 0 12 0 0 0 7 0 0 0 0 0 0 0 0 0 0 21 0 0 0 0 0 4 0 85379 0 44 18 0 0 12 7 0 11 0 0 0 0 0 0 2 0 0 0 11 0 0 15
691 GGC 0 0 0 0 0 0 0 0 0 10 0 0 0 0 0 0 0 0 0 0 0 0 0 0 0 0 0 0 0 0 0 0 0 3 0 0 0 0 0 0 1 85167 0 25 0 0 0 0 0 0 0 19 0 0 0 0 0 0 0 0 0 0 0 16
692 TTA 11 0 0 0 0 0 0 0 0 0 0 0 1 0 0 0 0 0 0 0 0 0 0 0 0 0 0 0 2 0 0 0 0 0 0 0 0 0 0 0 0 4 1 0 6 0 0 0 0 0 0 0 19 0 0 25 0 1 0 0 85317 0 33 0
693 ATA 12 0 0 0 5 0 0 0 0 0 0 13 85423 1 28 5 0 0 0 0 0 0 0 0 0 0 0 0 7 5 0 0 0 0 0 0 18 0 0 0 0 0 17 0 15 0 0 0 0 0 0 0 0 12 0 0 0 0 0 0 6 0 0 11
694 GGA 0 0 0 0 8 11 0 0 37 0 0 0 0 0 0 0 0 0 0 0 0 0 0 0 0 0 0 0 11 0 0 11 19 0 0 0 0 0 0 0 85389 9 0 0 6 0 0 0 0 0 0 0 0 0 0 0 9 6 14 7 0 0 0 0
695 TTA 0 0 0 0 0 0 14 0 0 0 0 0 0 0 0 0 0 0 0 0 0 0 0 0 0 0 0 0 17 9 0 0 0 0 12 0 12 0 12 0 0 0 0 0 0 0 0 0 0 0 0 9 17 16 9 0 0 0 0 0 85296 10 5 6
696 AGA 25 5 0 0 4 5 0 2 85419 0 0 0 12 0 0 0 0 0 0 0 0 0 11 0 1 0 0 8 0 0 0 0 0 0 0 14 0 0 0 0 4 10 9 6 19 6 0 0 0 0 0 0 0 0 0 0 1 0 0 0 8 0 0 21
697 ATA 0 0 0 0 12 0 0 0 0 0 0 7 85474 2 29 13 0 0 0 0 0 0 0 0 0 0 0 0 0 0 0 0 0 0 0 0 0 0 0 0 9 0 0 0 7 0 0 15 0 0 0 0 0 0 0 0 15 0 0 0 0 0 0 21
698 GTT 0 0 0 0 0 0 0 0 0 0 0 0 0 0 0 0 0 0 0 0 0 17 0 0 0 0 0 0 0 8 0 0 0 0 0 0 0 0 0 5 14 19 0 0 14 14 0 85341 0 0 0 0 6 0 2 14 0 12 7 0 0 0 10 2
699 TTT 0 0 0 0 0 0 0 0 0 0 0 0 0 0 0 0 0 0 0 0 0 0 0 10 0 0 0 11 0 0 0 0 0 0 0 0 13 0 0 5 0 0 30 18 0 0 0 12 0 0 0 14 0 0 0 27 0 0 0 0 22 9 0 85418
700 GCA 0 0 0 0 68 0 0 0 0 8 0 0 12 0 0 0 0 0 0 0 0 0 0 0 0 0 0 0 0 0 0 0 0 0 0 0 85138 14 55 1 11 0 0 0 200 0 5 0 0 0 0 11 1 0 6 0 0 0 10 0 0 0 0 0
701 GTG 0 0 0 0 9 7 0 0 0 0 0 0 10 0 13 0 0 0 0 0 0 0 0 0 10 0 0 0 0 0 15 10 0 0 15 0 0 8 0 0 0 0 11 11 138 0 85317 11 0 0 0 0 0 0 0 0 0 0 0 4 0 0 0 0
702 CTT 11 0 0 0 0 0 0 0 0 0 0 0 0 0 0 0 0 3 0 0 2 0 0 2 0 0 0 1 11 27 0 85455 0 0 0 10 0 0 0 0 0 0 0 2 0 0 0 0 0 6 0 0 0 1 0 0 0 12 0 0 0 0 0 5
