# POSITION WT AAA AAC AAG AAT ACA ACC ACG ACT AGA AGC AGG AGT ATA ATC ATG ATT CAA CAC CAG CAT CCA CCC CCG CCT CGA CGC CGG CGT CTA CTC CTG CTT GAA GAC GAG GAT GCA GCC GCG GCT GGA GGC GGG GGT GTA GTC GTG GTT TAA TAC TAG TAT TCA TCC TCG TCT TGA TGC TGG TGT TTA TTC TTG TTT
32 GGA 0 0 0 0 0 0 0 0 7 0 0 0 0 0 0 0 0 0 0 0 0 0 0 0 0 0 0 0 0 0 0 0 24 0 0 0 0 0 0 0 135499 0 1 0 0 0 0 0 0 0 0 0 0 0 0 0 2 0 0 0 0 0 0 0
33 AAC 0 135725 1 23 0 0 0 0 0 17 0 0 0 1 0 0 0 0 0 0 0 0 0 0 0 0 0 0 0 0 0 0 0 13 0 0 0 0 0 0 0 0 0 0 0 0 20 0 0 0 0 0 0 0 0 0 0 0 0 0 0 0 0 0
34 TTG 0 0 0 0 0 0 0 0 0 0 0 0 0 0 7 0 0 0 0 0 0 0 0 0 0 0 0 0 0 0 8 0 0 0 0 0 0 0 0 0 0 0 0 0 0 0 4 0 0 0 0 0 0 0 62 0 0 0 0 0 42 0 135658 2
35 TGG 0 0 0 0 0 0 0 0 0 0 0 0 0 0 0 0 0 0 0 0 0 0 0 0 0 0 0 0 0 0 0 0 0 0 0 0 0 0 0 0 0 0 0 0 0 0 0 0 0 0 1 0 0 0 0 0 20 0 135744 1 0 0 8 0
36 GTT 0 0 0 0 0 0 0 0 0 0 0 0 0 0 0 86 0 0 0 0 0 0 0 0 0 0 0 0 0 0 0 0 0 0 0 0 0 0 0 75 0 0 8 0 0 6 0 134888 0 0 0 0 0 0 0 0 0 0 0 0 0 0 0 1
37 ACT 0 0 0 32 0 5 3 135618 0 0 0 0 0 0 0 58 0 0 0 0 0 0 0 0 0 0 0 0 0 0 0 0 0 0 0 0 0 0 0 7 0 0 0 0 0 0 0 0 0 0 0 0 0 0 0 0 0 0 0 0 0 0 0 0
38 GTC 0 0 0 0 0 0 0 0 0 0 0 0 0 69 0 0 0 0 0 0 0 0 0 0 0 0 0 0 0 0 0 0 0 0 0 0 0 0 0 0 0 0 0 0 0 135547 0 0 0 0 0 0 0 0 0 0 0 0 0 0 0 0 0 0
39 TAC 0 26 0 0 0 0 0 0 0 0 0 0 0 0 0 0 0 6 0 0 0 0 0 0 0 0 0 0 0 0 0 0 0 1 0 0 0 0 0 0 0 0 0 0 0 0 0 0 23 135461 0 19 0 0 0 0 0 19 0 0 0 0 0 0
40 TAT 0 0 0 26 0 0 0 0 0 0 0 0 0 0 0 0 0 0 0 18 0 0 0 0 0 0 0 0 0 0 0 0 0 0 0 0 0 0 0 0 0 0 0 0 0 0 0 0 0 4 21 135707 0 0 0 0 0 0 0 2 0 0 0 2
41 GGG 0 0 0 0 0 0 0 0 0 0 2 0 0 0 0 0 0 0 0 0 0 0 0 15 0 0 0 0 0 0 0 0 0 0 35 0 0 0 0 0 103 0 134791 3 0 0 2 0 0 0 0 0 0 0 0 0 0 0 6 0 0 0 0 0
42 GTG 0 0 0 0 0 0 0 0 0 0 0 0 0 0 7 0 0 0 0 0 0 0 0 0 0 0 0 0 0 0 0 0 0 0 0 0 0 0 33 0 0 0 0 0 129 1 134750 0 0 0 0 0 0 0 0 0 0 0 0 0 0 0 0 0
43 CCT 0 0 0 0 0 0 0 22 0 0 0 0 0 0 0 0 0 0 0 13 1 207 42 134510 0 0 0 0 0 0 0 31 0 0 0 0 0 0 0 1 0 0 0 0 0 0 22 0 18 0 0 0 0 0 0 72 0 0 0 0 0 0 0 0
44 GTG 0 0 21 0 0 0 0 0 0 0 0 0 6 0 96 0 0 0 0 0 0 0 0 0 0 0 0 0 0 0 0 0 0 0 0 0 0 0 7 0 0 0 24 0 47 0 134380 3 16 0 0 0 0 0 0 0 0 0 0 0 0 0 0 0
45 TGG 0 0 0 0 0 0 0 0 0 0 0 0 0 0 0 0 0 0 0 0 0 0 0 0 0 0 5 0 0 0 0 0 0 0 0 0 0 0 0 0 0 0 0 0 0 0 0 0 0 0 2 0 0 0 0 0 50 1 135528 24 0 26 3 0
46 AAG 14 34 134010 35 0 0 47 0 0 0 73 1 0 0 4 0 0 0 1 0 0 0 0 49 0 0 0 0 0 0 0 0 0 0 44 21 0 0 0 0 0 0 0 0 0 0 0 0 0 0 6 0 0 0 0 0 0 0 0 0 0 0 0 0
47 GAC 0 79 0 0 0 0 0 0 0 16 0 0 0 0 0 0 0 0 0 0 0 0 0 0 0 0 0 0 0 0 0 0 1 135029 0 74 0 0 0 0 0 15 0 0 0 0 0 0 0 0 0 18 0 0 0 0 0 0 0 0 0 0 0 0
48 GCA 0 0 0 0 334 0 1 0 0 0 0 0 0 0 0 0 0 0 12 0 1 0 0 0 0 9 0 0 0 0 0 0 1 0 0 0 134342 3 56 4 0 0 0 0 88 0 0 0 0 0 0 0 0 0 0 0 0 0 0 0 0 0 0 0
49 GAG 16 0 2 0 26 0 0 0 0 0 0 0 0 0 20 0 0 0 0 0 0 0 0 0 0 0 0 0 0 0 0 0 60 0 134768 1 0 0 0 0 0 0 12 16 0 0 2 0 0 0 0 0 0 0 0 0 0 0 0 0 0 19 0 13
50 ACC 0 0 0 0 2 134396 0 13 0 0 0 0 0 2 0 0 0 0 0 0 0 0 0 0 0 0 0 0 0 0 0 0 0 0 0 0 0 1 0 0 0 0 0 0 0 0 21 0 0 0 0 0 0 0 0 0 0 0 0 0 0 0 0 0
51 ACT 0 0 0 23 0 27 27 134499 0 0 0 0 0 0 0 2 0 0 0 0 0 0 0 0 0 0 0 0 0 0 0 0 0 0 0 0 0 0 0 2 0 0 0 0 0 0 0 0 0 0 0 0 0 0 0 0 0 0 0 0 0 0 0 0
52 CTA 0 0 0 0 0 0 0 0 0 0 0 0 7 0 0 0 0 0 0 0 16 0 0 0 1 0 0 0 135312 21 1 9 0 0 0 0 0 0 0 0 0 0 0 0 0 0 0 0 0 0 0 0 0 0 0 0 0 0 0 0 21 0 0 0
53 TTC 0 0 0 0 0 0 0 0 0 0 0 0 0 2 0 0 0 0 0 0 0 0 0 0 0 0 0 0 0 0 0 0 0 0 0 0 0 0 0 0 0 0 0 0 0 0 0 0 0 0 0 0 0 2 0 0 0 0 0 0 1 135707 0 31
54 TGT 0 0 0 0 0 0 0 0 0 0 0 2 0 0 0 0 0 0 0 0 0 0 0 0 0 0 0 46 0 0 0 0 0 0 0 0 0 0 0 0 0 0 0 4 0 0 0 0 0 0 0 67 0 0 0 0 0 13 0 134664 0 0 0 10
55 GCA 0 0 0 0 157 0 0 0 0 0 0 0 0 0 0 0 0 0 0 0 0 0 0 0 0 0 0 0 0 0 0 0 1 0 0 0 134881 0 1 0 1 0 0 0 92 0 0 0 0 0 0 0 0 0 0 14 0 0 0 0 0 0 0 0
56 TCA 0 0 0 0 0 0 0 0 0 0 0 0 0 0 0 0 0 19 0 0 3 0 0 0 0 0 0 0 0 0 0 0 0 0 0 0 0 0 0 0 0 0 0 0 0 0 0 0 0 0 0 0 135157 0 96 0 2 0 0 0 44 0 0 0
57 GAT 0 0 0 55 0 0 0 0 0 0 0 0 0 0 0 0 0 0 0 0 0 0 0 0 0 0 0 0 0 0 0 0 0 21 0 135016 0 0 0 0 0 0 0 2 0 0 0 0 0 0 0 91 0 0 0 0 0 0 0 0 0 0 0 0
58 GCT 0 0 0 0 0 0 0 85 0 0 0 0 0 0 0 0 0 0 0 0 0 0 0 0 0 0 0 0 0 0 0 0 0 0 0 2 0 9 0 133452 0 0 0 0 0 0 0 32 0 0 0 0 0 0 0 0 0 0 0 0 0 0 0 0
59 AAA 135213 0 19 15 0 0 0 0 2 0 0 0 0 0 0 0 0 0 0 0 0 0 0 0 0 0 0 0 0 0 0 0 2 0 0 0 0 0 0 0 0 0 0 0 0 0 0 0 0 0 0 0 0 0 0 0 0 0 0 0 85 0 0 0
60 GCA 0 0 0 0 157 0 0 0 0 0 0 0 0 0 0 0 0 0 0 0 0 0 0 0 0 0 0 0 0 0 0 0 0 0 0 0 133935 21 16 1 0 0 0 0 25 0 0 0 0 0 0 0 1 0 0 0 0 0 0 0 0 0 0 0
61 TAT 0 0 0 0 0 0 0 0 0 0 0 0 0 0 0 0 0 0 0 19 0 0 0 0 0 0 0 0 0 0 0 0 0 0 0 0 0 0 0 0 0 0 0 0 0 0 0 0 4 0 0 134949 0 0 0 85 0 0 0 19 0 24 0 0
62 GAT 0 0 0 1 24 0 0 0 0 0 0 0 0 0 0 0 0 0 0 0 0 0 0 0 0 0 0 0 0 0 0 0 0 1 0 134579 0 0 0 0 0 0 0 3 0 0 0 0 0 0 0 0 0 0 0 0 0 0 0 0 0 0 0 0
63 GCA 21 0 0 0 29 0 0 0 0 0 0 0 0 0 0 0 0 0 0 0 0 0 0 0 0 0 0 0 0 0 0 0 28 0 0 0 134466 3 51 8 0 0 0 0 177 0 0 0 0 0 0 0 0 0 0 0 0 0 0 0 0 0 0 0
64 GAA 24 29 0 4 0 0 0 0 0 0 0 0 0 0 0 0 0 0 0 0 0 0 0 0 0 18 0 0 0 0 0 0 133519 0 0 0 0 0 0 0 2 0 0 0 0 0 0 0 1 0 0 0 0 0 0 0 0 26 0 0 0 0 0 0
65 GTG 0 0 0 0 0 15 0 0 0 0 0 0 0 0 2 0 0 0 0 0 27 0 0 0 0 0 0 0 0 0 0 0 0 0 0 0 0 0 1 0 0 0 0 0 125 0 127285 18 0 0 0 0 0 0 0 0 0 0 0 0 0 0 1 0
66 CAT 0 0 0 0 0 0 0 0 0 0 0 0 0 0 0 0 0 1 0 130233 0 0 0 0 0 0 0 1 0 0 0 0 0 0 0 0 0 0 0 0 0 0 0 0 0 0 0 0 0 0 0 90 0 0 0 0 0 0 0 0 0 0 0 0
67 AAT 0 0 0 133321 0 0 0 0 0 0 0 18 0 0 0 0 0 0 0 0 0 0 0 0 0 0 0 0 0 0 0 0 0 0 0 21 0 0 0 0 0 0 0 0 0 0 0 0 0 0 0 0 16 0 0 0 0 0 0 0 0 0 0 0
68 ATC 0 2 0 0 0 0 0 0 0 0 0 0 0 127356 0 3 0 0 0 0 0 0 0 0 0 0 0 0 0 0 0 0 0 0 0 0 0 0 0 0 0 0 0 0 0 0 0 0 0 0 0 0 0 0 0 0 0 0 0 0 0 0 0 0
69 TGG 0 0 0 0 0 0 0 0 0 0 2 0 0 0 0 0 0 0 0 0 23 0 0 0 0 0 12 0 0 0 0 0 0 0 0 0 0 0 0 0 0 0 0 0 0 0 0 0 0 0 34 0 0 0 2 0 4 0 123805 3 0 17 1 0
70 GCT 0 0 0 0 0 0 0 31 0 0 0 0 0 0 0 0 18 0 27 0 0 0 0 0 0 0 0 0 0 0 0 21 0 0 0 1 1 52 14 95454 0 0 0 0 0 0 0 33 0 0 0 0 0 0 0 25 0 0 0 0 0 0 0 0
71 ACA 0 18 0 0 133105 0 3 0 1 0 0 0 33 0 0 0 0 0 0 0 0 0 0 0 0 0 0 0 0 0 0 0 0 0 0 0 7 0 0 0 0 0 0 0 0 0 0 0 0 0 0 0 0 0 0 0 0 0 0 0 0 0 0 0
72 CAT 0 0 0 12 0 0 0 0 0 0 0 0 0 0 0 0 0 6 15 132309 0 0 0 0 0 0 0 5 0 0 0 0 0 0 0 2 0 14 0 0 0 0 0 0 0 0 0 0 0 0 0 36 0 0 0 0 0 0 0 0 0 0 0 0
73 GCC 0 0 0 0 0 50 0 0 0 0 0 0 0 0 0 0 0 0 0 0 0 0 0 0 0 0 0 0 0 0 0 0 0 0 0 0 8 94871 1 34 20 1 0 0 0 45 0 0 0 0 0 0 0 8 0 0 0 0 0 0 0 0 0 0
74 TGT 0 0 0 0 13 0 0 0 0 0 0 3 0 0 0 0 0 0 0 0 0 0 0 0 0 0 0 94 0 0 0 0 0 0 0 0 0 0 0 0 0 0 0 7 0 0 0 0 0 0 0 89 0 0 0 0 0 27 1 119730 0 0 0 0
75 GTA 0 10 0 0 0 0 0 22 0 0 0 0 53 0 0 0 0 0 0 0 0 0 0 0 0 0 0 0 0 0 0 0 0 0 0 0 42 0 0 0 0 0 11 0 129625 0 4 0 0 0 0 0 0 0 0 0 0 13 0 0 0 0 0 0
76 CCT 0 0 0 0 0 0 0 1 0 0 0 0 0 0 6 0 16 0 0 16 15 41 0 124651 0 0 6 0 0 0 0 18 0 0 0 0 0 0 0 32 0 0 0 0 0 0 0 0 0 0 0 0 24 0 0 19 0 0 0 0 0 21 0 0
77 ACA 0 0 0 0 124605 3 72 34 0 0 0 0 12 0 0 0 0 0 0 0 26 5 0 0 0 0 0 0 0 0 0 0 0 0 0 0 34 0 0 0 0 0 0 0 0 0 8 0 0 25 0 24 0 0 0 0 0 0 0 0 0 0 17 0
78 GAC 0 27 0 0 0 0 0 0 0 0 0 0 0 0 0 0 0 0 0 0 0 0 0 0 0 0 0 0 0 0 0 0 20 112343 0 21 0 0 0 0 0 7 0 0 0 12 0 0 0 0 0 0 0 0 0 0 0 0 0 0 0 0 0 0
79 CCC 0 0 0 0 0 25 0 0 0 0 0 0 0 0 0 0 0 4 0 0 8 81983 0 14 0 0 0 0 0 20 0 0 0 0 0 0 0 15 0 0 0 0 0 0 0 0 0 0 0 0 0 0 0 3 0 0 0 0 0 0 0 0 0 0
80 AAC 21 122304 0 74 0 33 0 12 0 13 0 0 0 11 0 0 0 0 0 0 0 0 0 0 0 0 0 0 0 0 0 8 16 55 0 0 0 0 0 0 0 0 0 10 0 0 0 0 0 0 0 0 0 0 0 0 0 0 0 0 0 0 0 0
81 CCA 0 0 0 0 7 0 0 11 0 0 0 0 0 0 0 15 12 7 0 0 126831 2 2 0 3 0 0 0 1 0 0 0 0 0 0 0 0 0 0 0 0 0 0 0 0 0 0 0 0 8 0 0 4 0 0 0 0 0 0 0 0 0 0 0
82 CAA 15 0 4 0 43 17 0 0 0 0 0 0 0 0 0 0 100155 0 24 1 1 0 0 0 41 0 0 0 0 0 0 0 0 0 1 22 0 0 15 7 0 9 0 0 0 0 0 0 3 0 0 0 0 0 16 0 0 0 0 0 15 26 0 0
83 GAA 0 0 0 0 0 0 0 0 0 0 0 0 0 0 0 0 0 0 0 0 0 0 1 0 0 0 0 0 0 4 0 0 77765 0 0 3 0 0 0 0 0 0 4 0 0 0 0 0 0 0 0 0 0 0 0 0 0 0 0 0 9 0 0 0
84 ATA 0 0 0 0 1 5 0 0 0 0 0 0 73691 0 3 0 0 0 0 0 0 0 0 0 0 0 3 0 0 1 0 0 0 0 8 0 0 0 0 0 0 0 0 0 0 0 0 0 0 0 0 17 0 0 0 0 0 1 0 0 0 0 0 8
85 AAT 0 0 0 89918 0 0 0 0 0 0 0 0 0 0 0 1 0 0 0 0 0 0 0 0 0 0 0 0 0 0 0 0 0 0 0 0 0 0 0 0 0 0 0 0 0 0 0 0 0 3 0 0 0 0 0 0 0 0 0 0 0 0 0 7
86 TTG 0 0 0 0 0 0 0 0 0 0 0 0 0 0 0 0 0 0 0 0 0 0 0 0 0 0 0 0 0 0 0 0 0 0 0 0 0 0 0 0 0 0 0 0 0 0 0 0 0 0 0 0 0 0 3 0 0 17 0 0 3 0 40667 15
87 GAA 1 0 0 0 0 0 0 0 0 0 0 0 0 0 0 0 0 0 0 0 0 0 0 0 0 0 0 0 0 0 0 0 112224 0 1 1 11 9 0 0 104 0 0 0 2 0 0 0 20 0 0 0 0 4 0 0 0 0 0 0 0 0 0 0
88 AAT 0 3 0 102340 0 0 0 0 0 0 9 23 0 0 0 0 0 0 0 0 0 0 0 0 0 0 0 0 0 0 0 0 0 14 0 12 0 0 0 0 0 0 0 0 0 0 0 0 0 0 0 0 0 0 0 0 0 0 0 0 0 4 0 0
89 GTG 0 0 0 0 0 0 0 0 0 0 0 0 0 0 16 0 0 0 0 0 0 0 0 0 0 0 0 0 10 0 0 0 0 0 0 0 0 0 2 0 0 0 0 0 0 1 122280 0 0 0 0 0 0 0 0 0 0 0 0 0 0 0 0 0
90 ACA 25 2 0 0 122192 0 2 0 0 0 0 13 33 0 0 0 0 28 0 0 0 0 0 0 0 0 0 0 0 0 0 0 19 0 0 23 26 0 0 0 0 0 0 0 0 0 11 15 0 0 0 0 0 0 0 0 0 0 0 0 0 0 0 0
91 GAA 56 8 0 0 0 0 0 0 0 0 0 0 0 0 0 0 0 0 0 0 0 0 0 0 0 0 15 0 0 0 0 0 118205 1 4 0 0 7 0 0 3 0 0 0 1 0 0 0 0 0 0 0 0 0 0 0 0 0 0 0 0 0 0 0
92 GAG 0 7 19 0 0 0 0 0 0 0 0 0 0 0 0 0 0 0 0 0 0 0 13 0 0 0 0 0 0 0 0 0 24 0 117846 0 0 0 0 0 0 0 1 0 0 0 0 0 0 0 1 0 19 0 0 0 0 0 0 0 0 0 0 0
93 TTT 0 0 0 0 0 0 0 0 0 0 0 0 0 0 0 39 0 0 0 0 0 0 0 0 0 0 0 0 0 0 0 17 0 0 0 0 0 0 0 0 0 0 0 0 0 0 0 0 0 0 0 36 0 0 17 1 0 0 0 0 1 2 0 105438
94 AAC 31 126444 0 58 0 0 7 0 0 40 0 0 0 0 0 0 0 0 0 0 0 0 0 0 0 0 0 0 0 0 0 0 0 30 0 0 0 0 0 0 0 0 0 0 0 0 0 0 0 16 0 0 6 0 15 0 0 0 0 0 0 0 0 0
95 ATG 0 0 0 0 0 0 20 0 0 0 0 0 30 0 130567 0 0 0 0 0 0 0 0 0 0 0 0 0 0 0 0 0 0 0 0 0 0 0 16 0 0 0 0 0 0 0 12 0 0 0 0 0 0 0 0 0 0 0 0 0 0 0 0 0
96 TGG 0 0 0 0 0 0 0 0 0 0 1 0 0 0 0 0 0 0 0 0 0 0 0 0 0 0 19 0 0 0 0 0 0 0 0 0 0 0 0 0 0 0 0 0 0 0 16 0 0 0 1 0 0 0 0 0 7 0 117010 1 0 0 1 0
97 AAA 134565 0 0 1 30 0 0 0 1 0 0 0 0 0 0 0 0 0 0 0 0 0 0 0 0 0 0 0 0 0 0 0 1 0 0 0 0 0 0 0 0 0 0 0 0 0 0 0 0 0 0 0 0 0 0 0 0 0 0 0 0 0 0 0
98 AAT 16 1 0 134420 0 0 0 21 0 15 0 0 0 0 0 0 0 0 0 0 0 0 0 0 0 0 0 0 0 0 0 0 0 0 0 0 0 0 9 0 0 0 0 0 0 0 0 0 0 0 0 0 0 0 27 0 0 0 0 0 19 0 0 0
99 AAC 0 132454 2 42 0 0 0 0 0 20 0 0 0 0 16 0 0 0 0 0 0 0 0 0 0 0 0 0 0 0 0 0 0 51 0 0 0 0 0 0 0 0 0 0 0 0 0 0 0 0 0 0 0 17 0 0 0 0 33 0 0 0 0 0
100 ATG 0 0 0 0 0 0 1 0 0 0 0 0 37 0 125988 2 0 0 0 0 0 19 0 0 0 0 0 0 0 0 3 0 0 0 0 0 0 0 0 0 0 0 0 0 0 0 29 0 0 0 0 0 0 0 0 0 0 0 0 0 0 0 0 0
101 GTA 0 0 0 0 0 0 0 0 0 0 0 0 75 0 21 23 0 0 0 0 0 0 0 0 0 0 0 0 0 0 0 0 0 0 0 0 14 0 0 24 0 0 0 0 125594 0 10 12 0 0 0 0 0 0 0 0 0 0 0 0 19 0 0 0
102 GAA 67 0 0 0 0 0 0 0 0 0 21 0 0 0 0 0 9 0 0 0 0 0 0 0 0 0 0 0 0 0 0 0 132860 0 21 4 0 0 0 0 0 0 0 0 0 0 0 0 1 0 0 0 0 0 0 0 0 0 0 0 0 0 0 0
103 CAG 0 0 54 0 0 0 0 0 25 0 0 0 0 0 0 0 89 0 134780 23 0 0 1 0 0 0 28 0 0 0 24 0 0 0 0 0 0 0 0 0 0 0 0 0 0 0 21 0 0 0 8 0 0 0 0 0 0 0 0 0 0 0 0 0
104 ATG 0 0 0 0 0 0 2 0 0 0 0 0 154 0 134870 1 0 0 0 0 0 0 0 0 0 0 0 0 0 0 0 0 0 0 0 0 0 0 0 0 0 0 0 0 0 0 1 0 0 0 0 0 0 0 0 0 0 0 0 0 0 0 0 0
105 CAT 0 0 0 0 0 0 0 0 0 0 0 0 0 0 0 0 0 7 0 134212 0 0 0 1 0 33 0 10 0 0 32 0 0 0 0 0 0 0 0 0 0 0 0 0 25 0 0 0 0 0 0 77 0 0 0 0 0 0 0 0 0 0 0 0
106 ACA 1 0 0 0 135132 23 34 4 0 0 0 0 79 28 0 0 0 0 0 0 0 0 0 0 1 0 0 0 0 0 0 0 0 0 0 0 16 0 0 0 0 0 0 0 0 0 0 39 0 0 0 0 0 0 0 0 0 0 0 0 9 0 14 0
107 GAT 0 0 0 99 0 0 0 0 0 0 0 0 0 0 0 27 0 0 0 0 0 0 0 0 0 0 0 0 0 0 0 0 0 1 0 134910 0 0 0 0 0 0 0 4 0 0 0 0 0 0 0 1 0 12 0 0 0 0 0 0 0 0 0 0
108 ATA 0 0 0 0 21 20 0 0 0 0 0 0 135074 24 36 34 0 0 0 0 0 0 0 0 0 0 0 0 0 23 0 11 0 0 0 0 0 0 0 0 0 0 0 0 32 0 0 0 0 0 0 0 0 0 0 0 0 0 0 0 0 0 0 0
109 ATC 0 0 0 0 0 4 0 0 0 0 0 0 0 134722 0 23 0 0 0 0 0 0 0 0 23 0 0 0 0 0 0 0 0 0 0 0 0 0 0 0 0 32 0 0 0 1 0 0 0 0 0 8 0 0 0 0 0 27 0 0 0 1 0 0
110 AGC 0 54 0 18 0 2 0 15 0 133977 0 85 0 0 15 0 0 16 0 0 0 0 0 0 0 19 0 0 0 0 0 0 0 0 0 0 34 0 0 0 10 21 0 55 0 0 0 0 0 0 0 0 0 0 23 0 0 0 0 0 0 0 0 0
111 CTA 0 0 0 0 0 0 0 0 0 0 0 0 1 0 26 0 0 0 0 0 30 0 0 0 1 0 0 0 135410 0 1 21 0 0 0 0 0 0 0 0 0 0 0 0 0 26 0 0 0 0 0 0 0 0 0 0 0 0 0 0 0 0 0 0
112 TGG 7 0 0 0 0 0 0 0 0 0 0 0 0 0 0 0 0 0 0 0 0 0 0 0 0 0 3 0 0 0 0 0 0 20 0 0 0 0 0 0 21 0 0 0 0 0 0 0 0 0 107 0 0 0 0 0 30 0 134785 12 0 0 10 0
113 GAC 24 30 0 0 0 0 0 0 0 0 0 0 0 0 0 0 0 0 0 0 0 0 0 0 0 0 0 0 0 0 0 0 5 135321 0 7 22 0 0 0 0 3 0 0 0 0 17 0 0 42 0 0 0 0 0 0 0 0 0 0 0 0 0 0
114 CAA 1 0 0 0 0 0 0 0 0 0 0 0 0 0 0 0 134595 3 30 2 1 0 0 0 21 0 0 0 0 0 0 0 23 0 0 0 0 0 0 0 0 0 0 0 0 0 0 0 4 0 0 0 0 29 0 21 0 0 0 0 0 0 0 0
115 GGC 0 0 0 0 0 0 0 0 0 24 0 0 0 0 0 0 0 0 0 0 0 0 0 0 0 0 0 0 0 0 0 0 0 52 0 0 0 0 0 0 40 133067 0 46 0 1 0 0 0 0 0 0 0 0 0 0 27 44 0 0 0 0 0 0
116 CTA 0 0 0 0 0 0 0 0 0 0 0 0 7 0 0 0 0 0 0 0 32 0 0 0 0 0 0 0 135287 0 44 0 0 0 0 0 0 0 0 0 0 0 0 0 0 0 0 0 0 0 0 0 0 0 0 0 0 0 0 0 25 0 0 0
117 AAG 51 0 135393 0 27 0 0 0 0 0 12 0 0 0 2 0 16 0 0 0 0 0 0 0 0 0 0 0 0 0 0 0 0 0 8 0 0 0 0 0 0 0 0 0 0 0 13 0 0 0 0 0 0 0 0 0 0 0 0 0 0 0 31 0
118 CCA 0 0 0 0 12 0 0 0 0 0 0 0 0 0 0 0 25 0 0 0 134475 0 2 0 34 0 0 0 0 0 0 0 0 0 0 0 0 0 35 0 0 0 0 0 0 0 0 21 0 0 0 0 73 0 0 0 0 0 0 0 0 0 0 0
119 TGT 0 0 0 0 0 0 0 0 10 0 0 1 0 0 0 0 0 0 0 0 0 0 0 0 0 0 0 13 0 0 0 0 0 0 21 0 0 0 0 0 0 0 0 1 0 0 0 0 0 0 0 28 0 0 0 1 20 39 40 135402 0 0 0 26
120 GTA 0 0 0 0 0 0 0 0 0 0 0 0 54 0 0 0 0 0 0 0 0 19 0 0 0 0 0 0 39 0 0 0 0 0 0 0 7 0 0 0 0 0 0 0 135549 0 6 0 0 0 0 0 0 0 0 0 0 0 0 0 0 0 0 0
121 AAG 62 20 134778 0 0 0 0 0 0 0 31 0 0 0 0 0 0 0 23 0 0 0 0 0 0 0 0 0 0 0 0 0 0 0 2 0 0 0 0 0 0 0 0 0 0 0 0 0 0 0 0 0 0 0 0 0 0 0 0 0 0 0 0 0
122 TTA 0 0 0 0 0 0 0 0 0 0 0 0 0 0 0 0 0 0 0 0 0 0 0 0 0 0 0 0 0 0 0 0 0 0 0 0 0 0 0 6 0 0 0 0 0 0 0 0 0 0 0 0 6 0 0 0 0 0 0 0 135193 0 8 0
123 ACC 0 0 0 0 0 134601 28 46 0 1 0 0 0 19 15 0 0 0 0 0 31 0 0 0 0 0 0 0 0 0 0 0 0 0 0 0 0 6 0 0 0 0 0 0 0 0 0 0 0 0 0 0 0 0 0 0 0 0 0 0 0 0 0 0
124 CCT 0 0 0 0 0 0 0 22 0 0 0 0 0 0 0 0 0 0 0 4 24 29 0 135574 0 0 0 0 0 0 0 1 27 0 0 0 0 0 18 0 0 0 0 0 0 0 0 0 0 0 0 0 0 0 0 18 0 0 0 0 0 0 0 0
125 CTC 0 0 0 0 0 0 0 0 0 0 0 0 17 3 0 0 0 0 0 0 0 7 0 0 0 0 0 0 1 135471 0 11 0 0 0 0 0 0 0 0 0 0 0 0 0 0 0 0 0 0 0 0 0 0 0 0 0 0 0 0 0 2 0 0
126 TGT 0 0 0 0 0 0 0 0 0 0 0 0 0 0 0 0 0 0 0 0 0 0 0 0 27 0 0 63 0 0 0 0 0 0 0 0 30 0 0 0 0 0 0 5 0 0 0 0 0 0 0 4 0 0 0 0 1 76 3 135372 0 0 0 0
127 GTT 0 0 0 0 0 0 0 0 0 0 22 0 0 0 0 51 0 0 0 0 0 0 0 0 0 0 0 0 0 0 0 0 0 0 0 0 0 0 0 10 0 0 0 0 0 0 0 135525 0 0 0 0 0 0 0 0 0 0 0 0 0 0 0 0
128 ACT 0 0 0 0 1 22 0 135702 0 0 0 0 0 0 0 16 0 0 0 0 0 0 0 0 0 0 0 0 0 0 0 0 0 0 0 0 0 0 0 1 0 0 0 0 0 0 0 0 0 0 0 0 0 0 0 0 0 0 0 0 0 0 0 0
129 TTA 0 0 0 0 0 0 0 0 0 0 0 0 0 0 0 0 0 0 0 0 0 14 0 0 0 0 0 0 40 0 0 0 0 0 22 7 0 0 0 0 0 0 0 0 0 0 22 0 0 0 0 0 5 0 0 0 0 0 0 0 135520 1 74 1
130 GAT 0 28 0 67 0 0 0 0 0 0 0 0 0 0 0 0 0 0 0 1 0 0 0 0 0 0 0 0 0 0 0 0 85 45 0 135490 0 0 0 0 0 0 0 1 0 0 0 1 0 0 0 0 0 0 0 0 0 0 0 0 0 0 0 0
131 TGC 19 0 0 0 0 0 0 0 0 0 0 0 0 0 0 0 0 0 0 0 0 0 0 0 0 0 0 0 0 0 0 0 0 0 0 0 0 0 0 0 0 0 0 0 0 0 0 0 0 92 0 0 0 0 0 0 0 135452 0 112 0 0 0 0
132 CAT 0 0 28 46 0 0 0 17 0 0 0 0 0 0 0 0 0 4 0 135532 0 0 0 0 0 0 0 12 0 0 0 0 0 0 0 0 0 0 0 0 0 0 22 0 0 0 0 0 0 0 0 24 0 0 0 0 0 0 0 0 0 0 0 0
133 AAT 0 61 0 135650 0 21 0 0 0 0 0 25 0 0 0 0 2 0 0 0 0 0 0 0 0 0 0 0 0 0 0 0 0 0 0 5 0 0 0 0 0 0 0 0 0 0 0 0 0 15 0 12 0 0 0 20 0 0 0 0 0 0 0 0
134 GTC 0 0 0 0 0 0 0 0 0 0 0 0 0 3 0 0 0 0 0 0 28 0 0 0 0 0 0 0 0 0 0 8 0 0 0 0 0 0 0 0 0 0 0 0 22 135700 0 6 0 0 0 0 0 0 0 0 0 0 0 0 18 0 0 0
135 ACC 0 16 0 0 101 135517 0 1 0 15 0 0 0 39 0 25 0 0 0 0 0 0 0 0 0 0 0 0 0 0 0 0 0 0 0 0 15 19 0 0 0 0 0 0 0 0 0 0 0 0 0 0 0 19 0 0 0 0 17 0 0 0 0 0
136 TAT 0 0 0 27 0 0 0 0 0 0 0 0 0 0 0 0 0 0 0 60 0 0 0 0 0 0 0 0 0 0 0 0 0 0 0 1 0 0 0 0 0 0 0 0 0 0 0 0 0 5 0 135638 0 0 0 0 0 0 0 0 0 0 0 0
137 AAT 25 25 0 135552 0 0 0 15 0 0 0 23 0 0 0 0 0 0 0 27 0 0 0 0 0 0 0 0 0 0 0 0 0 0 0 1 0 0 0 0 0 0 0 0 0 0 0 0 0 0 0 0 0 0 0 0 0 0 0 0 9 0 27 0
138 ATC 0 0 0 0 0 6 0 0 0 0 0 0 20 135623 0 6 0 0 0 0 0 0 0 0 0 0 0 0 0 0 0 0 0 0 0 0 0 0 0 0 0 0 0 0 0 3 0 0 0 0 0 0 0 0 0 0 0 0 0 0 0 19 0 0
139 ACC 0 0 0 0 5 135677 0 69 0 0 0 0 0 4 0 0 0 0 0 0 0 0 0 0 0 0 0 0 0 0 0 0 0 0 0 0 0 13 0 0 0 0 0 0 0 0 0 0 0 0 0 0 0 0 0 0 0 0 0 0 0 0 0 0
140 AGT 0 0 0 31 0 19 0 0 9 1 0 135586 0 0 0 0 0 0 0 0 0 0 0 0 0 0 0 0 0 0 0 0 0 0 0 0 0 0 0 0 0 0 11 30 0 0 0 0 0 0 21 0 23 0 0 0 0 0 0 1 0 0 0 0
141 GAC 0 32 0 0 0 0 0 0 0 0 0 0 0 0 0 0 0 0 0 0 0 0 0 0 0 0 0 0 0 0 0 0 26 146831 0 81 0 0 0 0 0 9 0 0 0 0 0 0 0 0 0 0 0 0 0 0 0 0 0 0 0 0 0 0
142 ATG 0 0 20 0 0 8 9 0 0 0 0 0 25 29 146541 1 50 0 0 0 0 0 0 0 0 17 0 0 0 0 20 0 0 0 0 0 0 0 0 0 0 0 0 0 11 0 54 0 0 0 26 0 0 0 0 0 0 0 0 0 0 0 0 0
151 AAG 20 13 146768 36 0 0 4 0 0 0 29 0 0 0 29 0 0 0 0 0 0 0 0 0 0 0 0 0 0 0 0 0 0 0 31 0 0 0 0 0 0 0 0 0 0 0 0 0 0 0 0 0 0 0 0 0 0 0 0 0 0 0 0 8
152 GAA 47 0 0 0 0 0 0 0 0 0 0 0 0 19 0 0 18 0 0 0 0 69 0 0 23 0 0 0 0 0 0 0 146685 2 18 0 0 0 0 31 3 0 0 0 0 0 0 0 0 0 0 35 0 0 0 0 0 0 0 0 0 0 0 31
153 GAA 8 0 0 0 0 0 0 0 0 0 0 0 0 0 0 0 0 0 0 0 0 0 0 0 0 0 0 0 0 0 0 0 146943 0 0 0 0 0 0 0 1 0 4 0 0 0 0 29 2 0 0 0 0 0 0 0 0 0 0 0 0 0 0 0
154 ATA 0 0 0 0 0 0 0 0 0 0 0 0 146827 0 8 0 0 0 0 0 0 0 0 13 0 0 0 0 20 0 0 0 0 0 0 0 0 0 0 0 0 0 0 0 0 0 0 29 0 0 0 0 0 0 0 0 0 0 0 0 0 0 0 0
155 ACA 35 0 0 0 146797 0 3 1 0 0 0 0 36 0 0 0 0 26 0 0 0 0 0 0 0 0 0 0 0 0 0 0 0 0 0 0 16 30 0 0 0 0 0 0 0 0 0 0 0 0 0 0 0 0 0 0 0 0 0 0 0 0 0 0
156 AAC 33 146711 1 29 0 0 0 0 0 0 0 0 0 0 0 0 0 0 0 0 0 19 0 0 0 0 0 0 0 0 0 0 0 31 0 0 0 0 0 0 0 0 0 0 0 0 0 0 0 0 29 0 0 0 0 0 0 0 0 0 0 0 0 0
157 TGC 0 0 0 0 0 0 0 0 0 0 0 0 0 0 0 0 0 0 0 0 0 0 0 0 0 2 0 0 0 0 0 0 0 0 0 0 0 0 24 0 0 0 0 0 0 0 0 0 0 55 0 0 0 0 0 0 0 146517 1 143 0 25 0 0
158 TCT 0 0 0 0 0 0 0 0 0 0 0 0 0 0 0 0 0 0 0 0 0 0 0 0 0 0 0 0 0 0 0 0 0 0 0 0 0 0 0 0 0 0 0 0 0 0 0 0 0 0 0 0 27 3 1 146943 0 0 0 0 12 0 0 27
159 TAC 0 1 0 0 0 0 21 0 0 0 0 0 0 0 0 0 0 20 0 0 0 26 0 0 0 0 0 0 0 0 0 0 0 1 0 0 0 0 0 0 0 0 0 0 0 0 0 0 0 146584 2 131 0 1 0 0 0 7 0 0 0 0 0 0
160 AAT 0 1 0 146736 0 0 0 0 0 0 0 42 0 0 0 1 0 0 28 21 0 0 0 0 0 0 0 0 0 0 0 0 0 0 0 23 0 0 0 0 0 0 0 0 0 0 0 0 0 20 0 0 0 0 0 0 0 0 0 0 0 0 0 0
161 GTG 0 0 0 0 0 0 0 0 0 0 0 0 0 0 20 0 0 0 0 0 0 0 0 0 0 0 0 0 0 0 0 0 43 0 32 0 0 0 0 0 0 0 0 0 72 1 146595 0 30 0 0 0 0 0 0 0 0 0 0 0 0 0 0 0
162 ACC 0 0 0 0 3 146800 0 52 0 0 0 0 0 25 29 0 0 0 0 0 0 0 0 0 0 0 0 0 0 0 0 0 0 0 0 0 0 25 0 0 0 0 0 0 0 0 0 0 0 0 0 0 0 0 0 0 0 0 0 0 0 0 0 0
163 ACA 18 0 0 0 146683 11 135 9 0 0 0 0 9 0 2 0 0 0 0 0 0 0 0 0 0 0 0 0 0 0 0 0 0 0 0 0 7 0 0 0 0 0 0 0 0 0 0 0 0 0 0 0 0 0 0 0 0 0 0 0 0 0 0 0
164 GTA 0 0 0 19 0 0 0 0 0 0 0 0 35 0 0 0 0 0 0 0 0 0 0 0 0 0 0 0 0 0 0 0 0 0 0 0 6 0 0 0 0 0 0 0 146546 18 0 1 0 0 0 0 0 0 0 0 0 0 0 0 0 0 0 0
165 ATA 0 0 0 0 29 0 0 0 0 0 0 0 146481 0 55 18 0 0 0 0 0 0 0 0 0 0 0 0 0 0 0 0 0 0 0 0 0 0 0 0 0 0 0 25 0 0 0 0 0 0 0 0 0 0 0 0 0 0 0 0 0 0 0 0
166 AGG 0 0 80 24 0 0 0 57 87 0 146255 2 0 0 6 0 16 0 0 0 0 0 0 0 0 0 5 0 0 0 0 29 0 0 0 0 0 0 0 0 0 0 54 0 0 0 0 0 0 0 0 0 0 44 0 0 0 0 2 0 0 0 0 0
167 GAT 0 0 0 104 0 0 0 0 0 0 0 0 0 0 0 0 0 0 0 0 0 26 0 0 0 0 0 0 0 26 0 0 0 26 0 146321 0 0 0 0 0 0 0 1 0 0 0 0 0 0 0 0 0 0 0 0 0 0 0 0 0 0 0 0
168 AAG 23 0 146388 0 0 0 5 0 0 0 52 0 0 0 4 0 0 0 1 0 0 0 0 0 0 0 0 0 0 17 0 0 0 0 84 0 0 0 0 0 0 0 0 0 0 0 0 0 0 0 0 0 0 29 0 0 0 0 7 0 0 0 0 0
169 AAA 146808 0 1 0 0 0 0 0 23 0 0 0 28 0 0 0 0 0 12 0 0 25 0 0 0 0 0 0 0 0 0 0 4 0 0 0 0 0 0 0 0 0 0 0 0 0 0 0 0 0 0 0 0 0 0 0 0 0 0 0 0 0 0 0
170 CAG 0 0 0 0 0 0 0 0 0 0 0 0 0 0 0 0 8 0 146428 0 0 0 0 0 0 0 33 0 0 0 2 0 0 0 0 0 0 0 0 0 0 0 0 0 0 0 0 0 0 0 3 0 0 0 0 0 0 0 26 0 0 0 0 0
171 AAA 146868 0 0 0 0 0 0 0 19 0 0 21 1 0 0 0 0 0 0 0 0 0 0 0 0 0 0 0 0 0 0 0 3 0 0 0 0 0 0 0 0 0 0 29 0 0 0 0 0 0 0 0 0 28 0 0 0 0 0 0 0 0 0 0
172 GTA 0 0 0 0 0 0 0 10 0 0 0 0 85 0 0 0 0 0 32 0 0 0 0 0 0 0 0 0 0 0 0 0 0 0 0 0 21 0 0 0 0 0 0 0 146540 0 2 12 0 0 0 0 0 0 0 0 0 0 0 34 0 0 0 16
173 TCC 0 0 0 0 0 1 0 0 0 0 0 0 0 0 0 0 0 0 0 0 0 17 0 0 0 0 0 0 0 0 0 0 0 0 0 0 24 12 0 0 0 0 0 0 20 0 0 0 0 0 0 0 7 146029 0 33 0 1 0 0 0 23 0 0
174 TCA 0 0 0 0 1 0 0 0 0 0 0 0 0 0 0 0 0 0 0 0 36 0 0 11 0 0 0 0 0 0 0 0 0 0 0 0 0 0 0 0 0 0 0 0 0 0 0 0 1 0 0 0 146508 0 0 0 0 0 0 0 1 0 0 22
175 CTT 0 0 0 0 0 0 0 0 0 0 0 0 0 0 0 53 0 0 0 0 0 0 0 455 0 0 0 0 0 0 0 145940 0 0 0 0 0 0 0 0 0 0 0 0 0 0 0 0 0 0 0 0 0 0 0 0 0 0 0 0 0 0 0 41
176 TTT 0 0 0 0 0 0 0 0 0 0 0 0 0 0 0 0 0 0 0 0 0 0 0 0 0 0 0 0 0 0 0 0 0 0 0 0 0 0 0 0 0 0 0 0 0 0 0 0 0 0 0 2 0 0 0 0 0 0 0 0 0 6 2 145739
177 TAT 0 0 0 0 0 0 0 0 18 0 0 0 0 0 0 0 0 0 0 57 0 0 0 0 0 0 0 0 0 0 0 0 0 0 0 0 0 0 0 0 0 0 0 0 0 0 0 0 0 0 0 146641 0 0 0 0 0 0 0 7 0 0 0 0
178 AAA 146445 0 0 0 0 0 0 0 0 0 0 0 0 0 0 0 0 0 0 0 0 0 0 0 0 0 0 0 0 22 0 0 9 0 0 0 0 0 0 0 0 0 0 0 0 0 0 0 1 0 0 0 0 0 0 0 0 0 0 0 0 0 0 0
179 CTT 0 0 0 0 0 0 0 0 0 0 0 0 22 0 0 63 0 0 0 1 0 0 0 11 0 0 0 0 1 38 0 145490 0 0 0 0 0 0 0 0 0 0 0 0 0 0 0 0 0 0 0 0 0 0 0 0 0 0 0 0 0 0 0 8
180 GAT 0 0 0 19 0 0 0 0 0 0 0 0 0 0 0 0 0 0 0 0 0 0 0 0 0 0 0 0 0 0 0 0 21 0 0 146378 0 0 0 0 0 0 0 10 0 0 0 0 0 0 0 0 0 0 0 0 0 0 0 0 0 0 0 0
181 GTA 0 0 0 0 0 0 0 0 0 0 0 0 21 0 0 0 0 0 0 0 0 0 0 0 0 0 0 0 0 0 0 0 28 0 0 0 58 0 0 0 0 0 0 0 146057 0 28 0 0 0 0 0 0 0 0 0 0 0 0 0 0 0 0 0
182 GTA 0 0 0 0 0 0 0 0 0 16 0 0 116 0 0 0 0 0 0 0 24 0 0 0 0 0 0 0 1 0 0 38 33 0 0 0 12 0 0 0 0 0 0 0 143963 0 66 0 0 0 0 0 0 0 0 0 0 0 0 0 2 0 0 0
183 CAA 0 19 0 0 0 0 0 0 0 0 0 0 0 0 0 0 145885 1 2 0 0 0 0 0 3 0 0 0 0 0 0 0 0 0 0 0 0 0 21 0 0 0 0 0 0 0 0 0 2 0 0 0 0 0 0 0 0 0 0 0 0 0 0 0
184 ATT 0 0 0 0 0 0 0 0 0 0 0 0 0 3 0 143324 0 0 0 0 0 0 0 0 0 0 0 0 0 0 0 0 0 0 0 0 0 0 0 0 0 0 0 0 0 0 0 0 0 0 0 0 0 0 0 0 0 0 0 0 0 0 0 0
184a GGA 0 0 0 0 0 0 0 0 49 0 0 0 0 0 0 0 0 0 0 0 0 0 0 0 0 0 0 0 0 0 0 0 34 0 0 0 0 0 0 0 130902 37 61 4 3 0 0 0 0 0 0 0 0 0 0 0 0 0 0 0 0 0 0 14
184b GGT 0 0 0 0 0 0 0 0 0 0 0 99 0 0 0 0 0 0 26 0 64 37 0 0 0 0 0 0 0 28 0 0 0 0 33 78 0 0 0 0 0 69 0 133362 0 0 0 0 0 0 0 0 0 0 0 0 0 0 0 8 0 0 0 0
185 AAT 0 6 0 145325 0 0 0 0 0 0 0 8 0 0 0 0 0 0 0 0 0 0 0 0 0 0 0 0 0 0 0 0 0 0 0 2 0 0 0 0 0 0 0 0 0 0 0 0 0 0 0 0 0 0 0 0 0 0 0 0 0 0 0 0
186 AAT 59 0 0 144624 83 34 0 0 0 0 0 0 0 0 0 0 0 0 0 0 0 0 0 0 0 0 0 0 0 0 0 0 0 0 0 7 0 0 0 0 0 0 0 0 0 0 0 0 0 0 0 0 0 0 0 0 0 0 0 0 21 0 0 0
187 AGG 0 0 15 0 0 20 0 0 68 23 137161 30 0 0 12 0 0 0 0 0 0 0 0 0 0 0 3 0 0 0 0 0 0 0 0 0 0 0 0 16 0 0 74 0 0 0 0 0 0 0 0 0 0 0 0 18 0 0 5 0 0 0 0 0
188 ACT 0 0 0 0 0 19 2 141066 0 0 14 0 0 0 0 0 0 0 0 0 0 12 0 0 0 0 0 0 0 0 0 0 0 0 0 0 0 0 0 17 0 0 0 0 0 0 0 0 0 0 0 0 0 0 0 0 0 0 0 0 0 0 0 0
189 AAT 0 0 0 145121 0 0 0 1 0 0 0 10 0 0 0 1 0 0 0 0 0 0 0 0 0 0 0 0 0 0 0 0 0 0 0 0 0 0 0 0 0 0 0 0 0 0 0 0 0 0 0 0 0 0 0 31 0 0 0 0 0 0 0 0
190 AGT 0 0 0 17 0 0 0 21 23 1 0 137184 0 0 23 1 0 0 0 0 0 0 0 14 0 0 0 0 0 0 0 0 0 0 0 0 0 0 0 0 0 0 0 7 0 0 0 0 0 0 0 0 0 0 0 0 0 0 0 0 0 0 0 0
190a CAG 27 64 0 0 0 32 0 0 0 0 0 0 0 0 0 0 139 13 137382 0 0 0 0 0 0 0 3 0 28 0 1 0 0 0 0 0 0 0 0 0 0 0 0 0 0 0 0 0 0 0 1 0 0 0 0 0 0 0 0 0 0 0 0 16
191 TAT 0 0 0 0 0 0 0 0 0 0 0 0 0 0 19 24 0 0 0 21 0 0 0 0 0 0 0 0 0 0 0 0 0 0 0 0 0 0 0 0 0 0 0 0 0 0 0 0 0 0 0 130454 0 0 0 0 0 0 0 15 0 0 0 0
192 AGA 90 0 0 0 0 0 0 0 123663 0 0 0 16 0 0 0 0 0 0 0 0 0 0 0 0 0 0 0 0 0 0 0 0 0 0 0 0 0 0 0 9 0 0 0 0 0 0 0 0 0 0 0 0 0 0 0 0 0 0 0 0 23 0 0
193 TTA 0 0 0 0 0 0 0 0 0 0 0 0 21 0 0 0 0 0 0 0 0 0 0 0 0 0 0 0 0 0 17 0 0 0 0 0 0 0 0 0 0 0 0 0 0 0 0 0 0 0 0 0 10 0 0 0 0 0 0 0 128312 0 0 0
194 ATA 16 0 0 0 0 0 0 0 0 0 0 0 140654 15 3 28 0 0 0 0 0 0 0 0 0 0 0 0 0 0 0 0 0 0 0 0 0 0 0 0 0 0 0 0 1 0 0 0 0 0 0 0 0 30 0 0 0 0 0 0 0 0 0 0
195 AAC 1 134941 26 27 15 0 0 26 0 0 0 0 0 0 0 0 0 0 0 0 0 0 0 0 0 0 0 0 0 0 0 0 0 0 0 0 0 0 0 0 0 0 0 7 0 0 0 0 0 2 0 0 0 0 0 0 0 0 0 0 0 0 0 0
196 TGT 5 0 0 0 0 0 0 0 0 0 0 1 0 0 0 0 0 0 0 0 19 0 0 0 0 0 0 13 0 0 0 0 0 0 0 0 0 0 0 0 0 0 0 1 32 0 0 0 0 0 0 6 0 0 0 1 0 32 0 131278 25 0 0 14
197 AAC 23 132372 0 12 53 0 0 0 0 12 0 0 0 0 0 0 0 0 0 0 0 0 0 0 0 0 0 0 0 0 0 0 0 17 0 0 0 0 0 0 0 0 0 0 0 0 0 0 0 0 0 0 0 0 0 0 0 0 0 0 0 0 0 0
198 ACC 0 16 0 0 34 77887 0 0 0 0 0 0 16 11 0 0 0 0 0 0 0 0 0 0 0 0 0 0 0 0 0 0 0 0 0 0 0 0 0 0 0 0 0 0 0 0 0 0 0 0 0 0 0 0 0 0 0 0 0 0 0 0 0 0
199 TCA 0 0 0 0 2 0 0 0 0 0 0 0 0 0 0 0 0 0 0 13 21 0 0 0 0 0 0 0 0 0 0 0 0 0 0 0 0 0 0 0 0 0 0 0 0 0 0 0 0 0 0 0 85965 10 34 0 0 0 0 0 9 0 0 0
200 GCC 0 0 0 0 0 6 0 0 0 0 0 0 4 0 1 0 0 0 0 0 0 0 0 0 0 0 0 0 0 0 0 25 0 0 0 0 0 69601 0 0 0 0 2 0 0 43 0 0 0 17 0 0 0 0 0 0 0 0 0 0 17 0 0 0
201 ATT 0 0 0 0 0 0 0 8 0 0 0 2 23 47 0 108485 0 0 0 0 0 0 0 0 0 0 0 0 0 0 0 0 0 0 0 0 0 0 0 0 0 0 0 0 0 0 0 0 0 0 0 0 0 0 0 0 0 0 0 0 0 0 0 0
202 ACA 0 0 0 0 119636 0 0 1 0 0 0 0 54 0 0 0 0 1 0 0 0 0 0 0 0 0 0 1 0 0 0 0 0 0 0 0 9 0 0 0 0 0 0 0 0 0 0 0 0 3 0 0 0 0 0 0 0 0 0 0 0 0 0 0
203 CAG 0 0 2 0 3 0 0 0 0 0 0 0 0 0 0 0 1 0 120276 13 0 0 13 0 0 0 50 0 0 0 4 11 0 0 0 0 0 0 0 0 0 0 0 0 0 0 0 0 0 0 9 0 0 0 0 0 0 0 0 0 0 0 0 0
204 GCT 0 0 0 0 0 0 0 68 0 0 0 0 0 0 0 0 0 3 0 0 0 0 0 0 0 0 0 0 0 0 0 0 0 0 0 35 0 31 1 117607 0 4 0 0 0 0 0 76 0 0 0 0 0 0 0 29 0 0 0 0 0 0 0 0
205 TGT 0 0 0 0 0 0 0 0 0 0 0 0 0 0 0 0 0 0 0 0 0 18 0 0 0 0 0 20 0 0 0 0 0 0 0 0 0 0 0 0 0 0 0 0 0 1 0 0 0 1 0 62 0 0 0 0 1 49 0 136752 0 0 3 28
206 CCA 0 0 0 0 0 20 0 0 0 0 0 0 0 0 0 21 1 0 0 0 131714 1 3 0 0 0 0 0 2 0 0 0 0 0 0 0 23 0 0 0 0 0 0 0 0 0 0 0 0 0 0 0 2 4 0 0 0 0 0 0 0 0 0 0
207 AAG 32 0 136590 8 0 0 3 0 0 0 8 0 0 0 3 0 0 0 31 0 0 0 0 0 0 0 0 0 0 0 0 0 0 0 9 13 0 0 0 0 0 0 0 0 0 0 0 0 0 0 0 0 0 0 0 0 0 0 0 0 0 0 0 0
208 GTA 0 0 0 22 18 0 0 0 0 0 0 0 72 0 0 0 0 0 0 0 0 0 0 0 0 0 0 0 0 0 0 0 0 0 0 0 3 0 0 0 0 0 0 25 142706 0 10 0 0 0 0 0 0 0 0 0 0 0 0 0 0 0 0 0
209 ACC 0 0 0 0 43 132918 0 27 0 0 0 0 0 8 0 0 0 0 0 0 0 0 0 0 0 0 0 0 0 0 0 0 0 0 0 0 0 1 0 0 0 0 0 0 0 0 0 0 0 0 0 0 0 23 0 0 0 0 0 0 0 0 0 0
210 TTT 0 0 0 0 0 23 0 0 0 0 0 0 0 0 0 35 0 0 0 0 0 16 0 0 0 0 0 0 0 0 0 33 0 0 0 0 0 0 0 0 0 0 0 0 0 0 0 0 0 0 27 0 0 25 0 6 0 0 17 0 0 6 35 140703
211 GAG 0 0 0 0 0 0 0 0 0 0 0 0 0 0 0 0 0 0 0 0 0 0 0 0 0 0 0 0 0 0 13 0 23 27 139049 21 19 0 1 0 0 0 40 0 0 0 0 0 0 0 0 0 0 0 0 0 0 0 0 0 0 0 0 0
212 CCA 0 0 0 0 0 0 0 0 0 0 0 0 0 0 0 0 3 0 0 0 125293 0 1 1 0 0 0 0 9 0 0 0 0 0 0 0 0 0 20 0 0 0 0 0 0 0 0 0 0 0 0 0 197 0 0 0 0 0 0 0 0 0 0 0
213 ATT 0 0 48 2 0 4 0 14 25 0 0 0 0 17 0 142543 9 0 0 0 0 0 0 0 0 0 0 0 0 0 0 0 0 0 0 0 0 0 0 0 0 0 0 0 0 0 0 3 0 0 0 0 0 0 0 0 0 0 0 0 0 0 0 0
214 CCC 0 0 0 0 0 0 0 0 0 0 0 22 0 0 0 0 22 24 0 0 2 136251 0 25 0 0 0 0 0 7 0 28 0 0 0 0 0 0 20 0 0 18 0 0 0 0 29 0 0 0 0 0 0 23 0 0 17 0 0 0 0 0 0 0
215 ATA 0 0 0 0 3 0 0 0 0 0 0 0 144756 0 0 0 0 0 0 0 0 0 0 0 0 0 0 0 0 0 0 0 0 0 0 0 0 0 0 0 0 0 0 0 38 0 0 0 0 0 0 0 0 0 0 0 0 0 0 0 1 20 0 0
216 CAT 0 0 25 0 0 0 30 0 0 0 0 0 0 0 0 0 16 1 22 143935 0 0 0 0 0 0 0 1 25 0 0 0 0 0 29 0 0 0 17 0 0 0 0 0 0 0 0 0 0 0 0 7 0 0 0 0 0 0 0 0 0 0 0 42
217 TAT 0 0 0 0 0 0 0 0 0 0 0 0 0 0 0 0 0 0 0 7 0 0 0 0 0 0 0 0 0 0 0 0 0 0 0 0 0 0 0 0 0 0 0 0 0 0 0 0 2 22 0 144505 0 0 0 0 0 0 0 3 0 0 0 0
218 TGT 0 0 0 0 0 0 0 0 0 0 0 41 0 0 0 29 0 0 0 0 0 0 0 0 0 0 0 4 0 0 0 0 0 0 0 0 0 0 0 0 0 0 0 0 0 0 0 0 0 0 0 31 0 0 0 1 0 9 0 145425 0 0 0 0
219 GCC 0 0 0 0 0 39 0 0 0 0 0 0 0 0 0 0 0 0 0 0 0 1 0 0 0 0 0 0 0 0 0 0 0 0 0 0 1 143933 20 30 0 0 0 0 0 83 0 4 0 0 0 0 0 10 0 0 0 0 0 0 0 0 0 0
220 CCA 0 0 0 0 2 0 0 0 0 0 0 0 0 0 0 0 0 0 0 0 144441 52 3 0 0 0 0 9 3 0 0 0 0 0 0 0 0 0 0 0 0 0 0 0 0 0 0 0 0 0 0 0 7 0 0 0 0 0 0 0 0 0 0 0
221 GCT 0 0 0 0 0 0 0 93 0 0 0 30 0 0 0 0 0 0 0 0 0 19 12 0 0 0 0 0 0 0 0 0 0 0 0 17 17 94 0 145329 0 0 0 0 0 0 0 31 0 0 0 0 0 0 0 1 0 0 0 0 0 0 0 0
222 GGT 0 16 0 27 0 0 0 0 0 0 0 27 0 0 0 0 0 0 0 0 0 0 0 0 0 0 0 0 0 0 0 0 0 0 0 19 0 0 0 0 0 23 32 146340 0 0 0 0 0 0 0 0 0 0 0 0 0 0 0 2 0 0 0 0
223 TTT 0 0 0 0 0 0 0 0 0 0 0 0 0 0 0 0 0 0 0 0 0 0 0 0 0 0 0 0 0 0 0 2 0 0 0 0 0 0 0 0 0 0 0 0 0 0 0 0 0 0 0 0 0 0 0 38 0 0 0 0 0 36 0 145538
224 GCG 0 26 0 0 0 0 2 0 0 0 0 0 0 0 0 0 0 24 0 22 0 0 0 0 0 0 0 0 0 0 0 0 0 0 0 0 67 2 144509 0 0 0 2 0 0 0 466 0 0 0 0 0 0 0 0 0 0 0 0 0 0 5 0 0
225 ATT 0 0 0 0 0 0 0 0 0 0 0 0 0 25 0 145994 0 0 0 0 0 0 0 0 0 0 0 0 0 0 0 0 0 0 0 0 0 0 0 0 0 0 0 0 0 0 0 3 0 0 0 0 0 0 0 0 0 0 0 0 0 0 0 0
226 CTA 0 0 0 0 0 0 0 0 0 0 0 0 3 0 19 0 0 0 0 0 27 0 0 0 0 0 0 0 145178 0 61 0 0 0 0 0 0 0 0 0 0 0 0 0 0 0 0 0 0 0 0 0 0 0 0 0 0 0 0 0 2 0 0 24
227 AAG 113 0 146595 0 15 0 0 0 0 0 21 0 0 0 10 0 0 0 0 0 0 0 0 0 0 4 0 0 0 0 0 0 0 0 3 0 0 0 15 0 0 0 0 0 0 0 0 0 0 0 0 0 0 0 0 0 0 0 0 0 0 0 0 0
228 TGT 0 0 0 0 0 0 0 0 0 0 0 23 0 0 0 0 0 0 0 0 0 0 0 0 0 0 0 28 0 0 0 0 0 0 0 0 0 0 0 0 0 0 0 0 0 0 0 0 0 0 0 65 0 0 0 0 0 4 0 146472 0 0 0 0
229 AAG 60 0 146202 5 0 0 14 0 0 0 172 0 0 0 12 24 0 15 14 0 0 0 0 0 0 0 0 0 20 15 17 0 0 0 17 0 0 0 0 0 0 0 0 0 0 0 0 0 0 0 0 0 0 0 0 0 0 0 0 0 0 0 0 0
230 GAT 0 0 0 38 0 0 0 0 0 0 0 0 0 0 0 0 0 0 0 0 26 0 0 0 0 0 0 0 0 0 0 0 0 0 0 146796 0 0 0 0 0 0 0 0 0 0 0 0 21 0 2 1 0 0 0 0 0 0 0 0 0 0 0 0
231 GAG 0 0 19 23 0 0 0 0 0 0 0 0 0 0 0 0 0 0 0 0 0 18 0 0 0 0 36 0 0 0 0 0 28 0 146700 3 0 0 1 0 0 0 34 0 0 0 4 0 0 0 0 0 0 0 0 0 0 0 0 0 0 0 0 0
232 AAG 57 25 146478 0 0 0 0 0 0 0 1 0 0 0 0 0 0 27 0 0 19 0 0 0 25 0 18 0 0 0 0 0 0 0 3 0 0 0 0 0 0 0 0 0 0 0 0 0 0 0 0 0 0 0 0 52 0 0 0 0 13 0 0 0
233 TTC 0 0 24 0 0 0 0 0 0 0 0 0 0 0 0 0 0 0 0 0 0 0 0 0 0 0 0 0 0 11 0 0 0 0 0 0 0 0 0 0 0 0 0 0 0 0 0 0 0 0 0 0 0 1 0 0 0 0 0 0 0 146403 0 14
234 AAT 0 9 0 146620 0 0 0 6 0 0 0 83 0 0 0 2 0 0 0 54 0 0 2 0 0 7 0 0 0 0 0 0 0 0 0 67 0 0 0 0 0 0 0 0 0 0 0 0 0 0 0 0 0 0 0 0 0 0 0 0 0 0 0 0
235 GGA 0 0 0 0 0 0 0 0 44 0 0 0 0 0 0 0 0 0 0 14 0 0 0 0 0 0 0 0 0 0 0 0 25 0 0 0 0 0 0 0 146082 0 4 0 0 0 0 0 0 0 0 0 0 0 0 0 8 0 0 0 0 0 0 0
236 ACA 1 9 0 0 146601 7 114 3 0 0 0 0 13 22 0 0 0 0 0 0 0 0 0 0 0 19 0 0 0 0 0 37 0 0 0 0 6 0 16 0 0 0 0 0 0 0 0 0 0 0 0 35 0 0 0 0 0 0 0 0 0 0 0 0
237 GGG 0 0 0 0 0 0 0 0 0 0 2 0 0 0 0 0 0 26 0 0 0 0 0 0 0 0 0 0 0 0 0 0 0 0 2 0 0 0 0 0 71 0 146349 0 0 0 6 0 0 0 0 0 12 0 0 0 0 0 60 0 0 0 0 0
238 CTA 46 0 0 0 24 0 0 0 0 0 0 0 61 0 0 0 0 0 0 36 41 14 0 0 0 0 0 57 146470 0 1 35 0 0 0 0 0 0 23 0 0 0 0 0 0 0 0 0 0 0 0 0 0 0 0 12 0 0 0 0 8 0 0 0
239 TGT 0 0 0 0 0 0 0 0 0 0 0 0 0 0 0 0 0 0 0 0 0 0 0 0 0 0 0 24 0 0 0 0 0 0 0 0 0 0 0 0 0 0 0 0 0 0 0 0 0 0 0 47 0 0 0 1 1 18 0 146743 0 0 0 2
240 AAA 146560 23 2 0 0 36 0 0 3 0 0 0 2 0 0 22 0 0 0 0 0 27 0 0 0 0 0 0 0 0 0 0 87 0 0 0 15 0 0 0 22 0 0 0 0 0 0 0 19 0 23 0 0 0 0 0 0 0 28 0 0 0 0 0
241 AAT 0 2 29 146597 0 0 0 0 0 0 0 2 0 0 0 55 0 24 0 0 0 0 0 0 0 0 27 0 0 0 0 0 0 0 0 1 0 0 25 0 0 0 0 0 0 0 0 0 0 0 0 0 0 0 0 0 0 0 0 0 0 0 15 0
242 GTC 0 0 0 0 0 0 0 0 0 0 0 0 52 6 0 0 0 0 0 0 0 0 0 0 0 0 0 0 0 0 0 0 0 17 0 0 0 23 0 0 0 0 0 0 0 146655 0 35 0 0 0 0 0 0 0 0 0 57 0 0 0 0 0 0
243 AGC 0 94 0 0 0 0 0 0 0 146591 0 60 0 2 0 0 20 0 0 0 0 0 0 0 0 1 0 0 0 0 0 0 0 0 0 0 0 0 0 0 0 51 0 0 0 0 0 0 0 0 0 0 0 0 0 0 0 0 0 0 0 0 0 0
244 ACA 26 0 0 0 146785 5 48 9 0 0 0 0 8 0 0 0 0 0 0 0 0 0 0 0 0 0 0 0 0 0 0 0 0 0 0 0 44 0 0 0 0 0 0 0 0 0 0 0 14 0 0 0 0 0 0 0 0 0 0 0 0 0 0 0
245 GTA 0 0 0 0 0 0 0 0 0 0 0 0 141 0 0 0 0 0 0 0 0 0 0 0 0 0 0 0 0 23 0 0 1 0 0 0 21 0 0 0 0 0 0 0 146543 0 33 0 0 0 0 0 0 0 0 0 0 0 0 0 52 0 0 0
246 CAA 32 0 0 0 0 0 0 0 0 0 0 0 0 0 0 0 146678 6 43 0 0 26 0 0 2 0 0 0 0 0 0 0 0 0 0 19 0 0 0 0 0 0 0 0 0 0 0 0 24 0 0 0 0 0 0 0 0 0 0 0 22 0 0 0
247 TGC 0 0 0 31 0 0 0 0 0 0 0 0 0 0 0 0 0 0 0 0 0 0 0 0 0 1 0 0 0 0 0 0 0 0 0 0 0 0 0 0 0 0 0 0 0 0 0 0 0 84 0 0 0 0 0 0 18 146671 0 93 0 2 0 0
248 ACA 12 0 0 0 146799 0 5 3 0 0 0 0 20 0 0 0 0 0 0 0 0 0 0 0 23 0 0 0 0 0 0 0 0 0 0 0 1 0 0 0 0 0 0 0 0 0 0 0 32 0 0 0 0 0 0 0 0 0 0 0 0 0 0 0
249 CAT 38 0 0 0 0 0 0 0 0 0 0 0 17 0 0 0 0 43 47 146625 0 0 0 0 0 0 0 4 0 16 0 2 0 0 0 38 0 26 0 0 0 0 0 0 0 0 0 0 0 0 0 2 0 21 0 0 0 0 0 0 0 0 0 0
250 GGA 0 0 0 0 0 0 0 16 53 0 0 0 0 0 0 0 15 0 0 0 0 0 0 0 0 0 0 0 0 0 0 0 2 0 0 0 0 0 26 0 146791 0 1 0 0 0 0 0 0 0 0 0 0 20 0 0 13 0 0 0 0 0 0 0
251 ATC 0 0 0 0 20 1 0 0 0 0 0 0 44 146940 0 4 0 0 0 0 0 0 3 0 0 0 0 0 0 0 0 0 0 0 0 0 0 0 0 0 0 0 0 0 0 0 0 0 0 0 0 0 0 0 0 0 0 0 0 0 0 0 0 0
252 AAG 7 0 146529 18 0 35 2 0 0 0 51 0 0 0 4 0 0 0 0 0 26 0 18 0 0 0 0 16 23 0 0 0 0 0 85 0 0 0 0 0 0 0 0 5 0 0 0 0 0 0 0 0 0 0 0 0 0 0 0 0 0 0 0 0
253 CCA 0 0 0 0 17 0 0 0 0 0 0 0 0 31 0 0 0 0 0 0 146818 0 2 25 0 0 0 0 1 0 0 0 0 0 0 0 0 0 0 0 0 16 0 0 0 0 0 0 0 0 0 0 23 0 0 0 0 0 0 0 0 0 0 0
254 GTA 0 0 0 0 0 0 0 0 0 0 0 0 109 0 0 0 0 0 0 0 0 0 0 0 0 0 0 0 1 0 0 0 25 0 0 0 3 0 0 0 0 0 0 0 146784 0 67 1 0 0 0 0 0 0 0 0 0 0 0 0 0 0 0 0
255 GTA 0 0 0 0 0 0 29 0 0 0 0 0 123 0 0 0 0 0 0 0 0 26 2 39 0 22 0 0 47 0 0 0 29 0 0 0 39 29 0 0 0 0 0 0 146506 0 22 0 0 0 0 0 0 0 18 0 0 12 0 0 0 0 0 27
256 TCA 0 0 0 0 0 0 0 0 0 0 0 0 0 0 0 0 0 0 0 0 0 0 0 0 0 0 0 0 0 0 0 0 0 0 0 0 0 0 0 0 0 0 0 0 32 0 0 0 0 0 0 0 146833 0 75 0 0 0 0 0 6 0 0 0
257 ACT 0 0 0 0 13 6 0 146844 0 0 0 0 0 0 0 44 0 0 0 0 0 0 0 0 0 0 0 0 0 0 0 0 0 0 0 0 0 0 0 1 0 0 0 0 0 0 0 0 0 0 0 0 0 0 0 0 0 0 0 0 0 0 0 0
258 CAA 2 0 0 0 0 0 0 0 0 0 0 0 0 0 0 0 226674 0 3 0 0 0 0 0 69 0 0 0 0 0 0 0 0 0 0 0 0 0 0 0 0 0 0 0 0 0 0 0 0 0 0 0 0 0 0 0 0 0 0 0 0 0 0 0
259 CTG 0 0 0 0 0 0 0 0 0 0 17 0 0 0 25 0 0 0 1 0 0 0 3 0 0 0 0 0 132 1 226725 0 0 0 0 0 0 0 0 0 0 0 0 0 0 43 1 0 0 0 0 0 0 0 0 0 0 0 0 0 0 0 14 0
260 CTG 0 0 0 0 0 0 0 0 0 0 0 0 0 0 40 0 0 0 2 0 0 0 30 0 0 0 4 0 63 0 226367 0 0 0 0 0 0 0 0 0 0 0 0 0 0 0 0 50 0 0 0 0 0 0 0 0 0 0 0 0 0 0 111 0
261 TTA 0 0 0 0 0 0 0 0 0 0 0 0 23 0 0 0 0 0 0 0 0 0 0 0 0 0 0 0 9 18 0 0 0 0 0 0 0 0 0 0 0 0 0 0 0 0 0 27 0 0 0 0 8 0 0 0 0 0 0 0 226535 0 94 1
262 AAT 0 83 0 226806 0 0 0 0 0 0 0 4 0 0 0 0 0 0 0 0 0 0 0 0 0 0 0 0 0 0 0 0 0 0 0 1 0 0 0 0 0 0 0 0 0 0 0 0 0 0 0 0 0 0 0 0 0 0 0 0 0 0 0 0
263 GGC 0 0 0 0 0 0 0 0 0 57 0 0 0 0 0 0 0 0 0 0 0 0 0 0 0 0 0 0 0 0 0 24 0 224 0 0 0 3 0 0 1 225850 1 408 0 2 0 0 0 0 0 0 0 0 0 0 0 6 0 0 0 0 0 0
264 AGT 0 0 0 65 0 0 0 1 0 33 0 226355 0 0 0 1 0 0 0 0 0 0 0 0 0 0 0 0 0 0 0 0 0 0 0 0 0 0 38 0 0 0 0 79 0 39 0 0 0 0 0 0 0 0 0 0 0 0 0 0 0 0 0 0
265 CTA 0 0 0 0 0 0 0 0 0 0 0 0 1 0 49 0 0 0 0 0 62 0 0 0 30 0 0 0 226371 0 71 3 0 0 0 0 0 0 0 0 0 43 0 0 0 0 0 0 0 0 0 0 0 0 0 0 0 0 0 0 59 0 0 0
266 GCA 25 56 2 0 113 0 0 0 0 0 0 0 0 0 0 0 0 0 0 0 0 0 0 0 0 0 0 0 0 0 0 0 1 0 0 0 226046 5 34 3 0 35 0 0 92 0 0 36 0 0 0 0 79 0 0 0 0 0 0 0 0 0 0 0
267 GAA 87 0 1 0 0 0 0 0 0 0 0 0 0 0 0 0 1 0 0 0 0 45 0 0 0 0 0 0 0 0 0 0 226219 44 51 4 0 0 0 0 2 0 0 0 0 0 41 42 0 0 0 0 0 0 0 38 0 0 0 0 0 0 0 0
268 GGA 0 0 0 0 43 40 0 50 110 0 0 0 0 0 0 0 0 0 0 0 0 0 0 0 19 0 0 0 0 43 0 0 3 0 0 0 0 0 0 0 226239 3 108 3 0 0 0 0 0 0 0 0 0 0 0 0 53 0 0 0 0 0 0 0
269 GAG 0 0 27 0 0 0 0 0 22 37 42 0 0 0 0 0 43 0 8 0 22 29 0 0 0 38 0 0 0 0 0 0 202 0 225954 9 0 0 4 0 0 0 99 0 0 0 2 0 0 0 38 0 0 0 0 0 0 0 0 0 0 0 0 0
270 GTA 0 0 0 0 0 0 0 47 0 0 0 0 67 0 0 2 0 0 0 0 28 87 0 0 0 0 0 0 44 0 0 0 0 51 0 0 47 0 0 0 0 0 0 0 226358 0 177 0 0 0 0 0 0 0 0 0 0 0 0 0 0 0 0 0
271 AGA 3 0 0 0 0 0 0 0 226776 0 0 0 0 0 0 0 16 0 0 0 0 0 0 0 0 0 0 0 42 0 0 0 0 0 0 0 0 0 0 0 11 0 0 0 0 0 0 0 0 0 0 0 0 0 0 0 1 0 0 0 0 0 0 0
272 ATT 0 0 0 0 34 0 0 0 0 0 0 19 0 2 0 226847 0 0 0 0 0 0 0 0 26 0 0 0 0 0 0 0 0 0 0 0 0 0 0 0 0 0 0 0 0 0 0 0 0 0 0 0 0 0 0 0 0 0 0 0 26 0 29 0
273 AGA 0 0 0 0 1 0 0 0 226627 0 26 0 0 0 0 0 0 0 0 0 0 0 0 0 1 0 0 0 34 0 0 0 0 0 0 0 0 0 0 0 86 0 0 5 0 0 0 0 0 0 0 0 0 25 0 0 3 0 0 0 0 0 0 0
274 TCT 0 0 0 0 0 0 0 0 0 0 0 0 0 0 0 0 0 0 0 0 31 52 19 77 0 0 0 0 0 0 0 0 0 0 0 0 0 0 0 0 0 0 0 0 0 0 0 0 0 0 0 6 70 211 0 225896 0 68 0 0 0 0 0 49
275 GAA 97 0 0 0 0 0 0 0 0 0 0 0 0 0 0 0 0 0 0 0 0 13 0 0 0 0 0 0 0 0 0 0 226047 0 3 0 0 0 0 0 51 0 41 39 1 0 0 0 0 0 0 0 0 0 0 0 0 0 0 0 0 0 0 0
276 AAT 0 1 0 226554 0 0 0 0 0 0 0 0 0 0 0 38 0 0 0 1 0 0 0 0 0 27 0 35 0 0 0 0 42 0 0 1 0 0 0 0 0 0 0 0 0 0 0 0 16 0 0 34 0 0 0 0 0 0 0 0 0 0 0 0
277 ATC 0 0 0 0 0 12 0 0 0 0 0 0 95 225942 0 101 0 0 0 0 0 0 0 0 0 0 0 0 0 0 0 0 0 0 0 0 0 0 0 0 0 0 0 0 0 23 0 0 0 38 39 0 0 0 0 0 0 0 0 0 0 0 0 0
278 ACA 0 25 0 0 226261 0 8 0 0 0 0 0 88 0 0 0 0 0 0 0 0 0 59 0 0 0 0 0 0 0 0 0 0 0 0 0 30 0 0 0 0 0 0 0 0 0 0 0 0 0 0 0 44 0 0 25 0 0 0 0 0 0 45 0
279 AAC 0 226588 0 62 0 0 0 0 0 23 0 0 0 0 0 0 0 0 0 0 0 0 0 0 0 0 0 0 0 0 0 0 0 3 0 0 0 0 0 0 0 0 0 0 0 0 0 0 0 1 0 0 0 0 0 0 0 0 0 0 0 0 0 0
280 AAT 63 1 0 225891 0 0 0 0 0 0 0 18 0 0 0 0 0 0 0 0 0 0 0 0 0 0 0 0 0 0 0 0 0 0 0 10 0 0 0 0 0 0 0 0 0 0 0 0 0 0 0 2 0 0 0 0 0 0 0 0 0 0 0 0
281 GCC 0 0 0 0 0 262 0 0 0 0 0 0 0 0 0 0 0 0 0 0 0 1 0 0 0 0 0 0 0 0 0 0 0 0 0 0 2 224390 46 0 0 0 0 0 43 147 0 0 0 0 0 0 0 0 0 0 0 0 0 0 0 0 0 0
282 AAA 226673 0 0 0 0 0 0 0 2 0 19 0 0 0 27 51 35 0 0 0 0 0 0 0 0 0 0 0 0 0 0 0 8 0 0 0 0 0 0 0 0 0 0 0 30 0 0 0 0 0 0 0 0 0 0 0 0 0 0 0 0 0 0 0
283 AAC 0 226279 0 55 0 0 0 0 0 2 0 25 0 0 0 0 0 0 0 0 0 0 0 0 0 0 0 0 34 0 0 0 0 0 0 0 0 0 0 0 0 0 0 0 0 0 0 0 0 0 0 0 0 46 0 0 0 0 0 27 0 0 0 0
284 ATA 0 0 0 0 5 0 0 0 0 0 0 0 226455 0 119 0 0 0 19 0 0 0 0 0 0 0 0 0 0 0 0 0 0 0 0 0 0 0 0 0 0 0 0 0 2 0 0 0 0 0 0 0 0 0 0 0 0 0 0 28 0 0 0 0
285 ATA 0 0 0 0 1 0 0 0 0 0 0 0 226578 0 23 1 0 35 0 0 35 43 0 0 0 0 0 0 0 0 0 0 0 0 0 0 0 0 15 0 0 0 0 0 7 0 0 30 0 41 0 0 0 0 0 0 0 0 0 35 0 0 0 0
286 GTA 0 0 0 0 0 0 0 0 0 0 0 0 158 0 0 37 0 0 0 0 0 0 0 0 0 0 0 0 0 0 0 0 0 0 0 0 58 0 49 0 0 0 0 0 225085 29 118 20 0 0 0 0 0 0 0 0 0 0 0 0 0 0 0 0
287 CAA 45 0 0 0 52 0 0 0 0 0 0 0 0 0 0 0 225989 17 52 0 0 0 0 38 8 0 0 0 1 0 0 0 0 0 0 0 0 0 0 0 0 0 0 0 0 0 0 0 38 0 0 0 0 0 0 0 0 0 0 0 0 0 0 33
288 CTT 0 0 0 0 0 0 0 0 0 0 0 0 0 0 0 2 0 0 0 39 0 0 0 2 0 0 0 0 0 64 24 225094 0 0 0 0 0 0 0 0 0 0 0 0 0 0 0 43 0 0 0 0 0 0 0 0 0 0 0 0 0 0 0 49
289 GCC 0 56 0 0 0 81 0 0 0 0 39 0 0 0 0 47 0 0 0 0 0 2 0 0 0 0 0 0 0 29 0 0 0 0 37 0 3 223200 0 139 0 1 0 0 0 302 61 0 0 0 0 0 0 1 0 0 0 0 0 19 0 30 40 41
290 AGC 0 50 0 0 0 1 0 0 48 222523 20 43 0 14 0 0 0 34 0 31 0 0 0 0 0 47 0 0 0 0 0 0 0 0 0 0 0 0 0 0 0 27 0 0 0 0 0 0 0 0 0 0 0 0 0 0 0 0 0 0 0 0 0 46
291 CCT 0 0 0 0 0 0 0 12 0 0 0 0 0 0 0 0 0 56 0 22 15 168 34 223782 40 0 0 0 0 0 0 34 0 0 0 0 0 0 0 0 39 49 0 0 0 0 0 0 0 0 0 0 0 0 0 5 0 0 0 0 0 0 0 0
292 GTA 0 0 0 0 0 0 0 0 0 0 0 0 110 0 0 0 0 0 0 0 0 0 0 0 0 0 0 0 2 0 0 0 0 0 0 0 25 0 0 0 0 0 0 0 222370 0 38 0 0 0 0 0 0 0 0 0 0 0 0 0 0 0 0 0
293 ACA 0 0 0 0 224430 35 4 41 0 0 0 0 14 27 0 0 0 0 0 40 0 44 0 38 0 0 0 0 117 0 0 0 0 0 0 0 1 0 0 0 0 0 0 0 0 0 0 0 0 0 0 0 1 0 0 0 0 0 0 0 0 0 0 89
294 ATT 0 0 0 0 0 0 0 4 0 0 0 0 32 126 0 224379 0 0 0 0 0 0 0 0 0 0 0 0 34 0 0 0 0 0 0 0 0 0 0 0 18 0 0 0 0 0 0 45 0 0 0 0 0 0 0 0 0 0 0 0 0 0 0 0
295 AAT 47 44 0 226210 0 44 0 0 0 0 0 9 0 0 0 1 0 0 0 0 0 0 0 0 0 0 0 0 21 0 0 0 0 0 0 38 0 0 73 0 0 0 0 0 0 0 0 0 0 21 0 0 0 0 0 0 0 0 0 0 0 0 0 0
296 TGT 0 0 0 0 0 0 0 0 0 0 31 0 0 0 0 0 0 0 0 0 0 0 0 0 0 0 0 23 0 0 0 0 0 0 0 0 0 0 0 0 0 0 0 0 0 0 0 0 0 0 0 141 0 0 0 0 0 73 0 207293 0 0 0 1
297 ATC 0 0 0 0 0 71 0 0 0 0 0 0 1 223073 0 46 0 0 0 0 0 0 0 0 0 0 0 20 0 0 0 0 0 0 0 0 0 0 0 0 0 0 0 0 35 7 9 0 0 0 0 0 0 0 0 0 0 0 0 0 0 2 48 0
298 AGA 6 0 0 0 0 0 0 0 214513 0 6 0 1 0 0 0 0 0 0 0 0 0 0 0 27 0 0 39 0 0 0 0 0 0 0 0 0 0 0 0 107 0 34 33 0 0 0 0 0 0 0 0 0 0 0 0 6 0 0 0 0 0 0 0
299 CCT 0 0 0 0 0 0 0 0 0 20 0 0 0 0 0 0 0 0 0 5 0 114 37 217510 0 0 0 0 0 0 0 0 0 0 0 0 0 0 0 0 0 0 0 0 0 0 0 0 0 0 0 0 0 0 0 25 0 0 0 0 0 0 0 0
300 AAC 0 223778 1 2 0 0 0 0 0 2 0 0 0 0 0 0 0 44 0 0 0 0 0 0 0 0 0 0 0 0 0 0 0 5 0 3 0 0 0 0 0 0 0 0 0 0 0 0 0 1 0 0 0 0 0 22 0 0 0 0 0 0 0 0
301 AAC 0 224855 0 44 0 0 0 0 0 3 0 0 0 0 0 0 0 0 0 0 0 0 0 0 0 0 0 0 0 0 0 0 0 6 0 0 0 0 0 0 0 0 0 0 0 0 0 0 0 0 0 0 0 0 36 0 0 0 0 0 0 0 0 0
302 AAT 0 3 0 216460 0 0 0 0 0 0 0 60 0 0 0 0 0 0 0 0 0 0 0 0 0 0 0 0 0 0 0 0 0 0 0 29 0 0 0 0 0 0 0 0 0 0 0 0 0 0 0 41 0 0 0 0 0 0 0 0 0 0 0 0
303 ACA 0 0 0 0 220238 45 28 0 0 0 0 0 54 0 0 0 0 0 0 0 0 0 0 0 0 0 0 0 0 0 0 0 0 0 0 0 24 0 0 0 0 0 0 0 0 0 0 0 0 0 0 0 0 0 0 28 0 0 0 0 0 0 0 0
304 AGA 29 0 0 0 0 0 0 0 220797 0 0 0 1 0 0 0 0 0 0 0 0 0 0 0 4 0 0 0 0 0 0 0 0 0 0 0 0 0 39 32 31 0 0 0 0 0 20 0 0 0 0 44 0 0 0 0 9 0 0 0 0 0 0 0
305 AAA 223647 1 2 1 3 0 0 0 1 0 0 0 0 0 0 28 0 0 0 0 0 0 0 0 19 0 0 0 2 0 0 0 1 0 0 0 0 0 0 31 0 0 0 0 22 0 0 0 0 0 0 0 0 0 0 0 0 0 0 0 0 0 63 0
306 AGT 0 0 1 38 0 2 0 1 1 3 0 166293 0 0 0 24 0 0 0 0 35 0 0 0 0 0 0 1 0 0 0 25 0 0 0 60 0 0 0 0 32 0 0 438 0 27 36 0 0 0 0 0 37 0 0 0 0 0 0 1 0 0 0 0
307 GTA 0 0 0 0 0 0 0 0 0 0 0 0 102 0 0 0 0 0 0 0 0 0 0 0 0 0 0 0 0 0 0 0 0 0 0 0 8 0 0 0 0 0 0 0 181919 0 55 1 0 88 0 0 0 0 0 0 0 0 0 0 0 0 0 0
308 CAC 0 27 0 0 1 114 0 0 0 0 0 0 0 15 0 0 0 206186 1 43 9 23 0 0 0 0 0 0 0 0 0 0 0 0 0 0 11 0 0 0 0 0 0 0 0 0 0 12 0 154 0 30 0 0 0 0 0 0 0 0 0 0 0 0
309 CTA 0 0 0 0 0 0 0 0 0 2 0 0 0 0 0 0 1 0 0 0 20 0 0 0 1 0 0 0 194465 3 42 1 0 0 0 0 0 0 0 0 15 0 0 0 0 0 0 0 0 0 119 0 0 0 0 0 0 0 0 0 37 0 0 0
312 GGA 0 0 22 0 0 0 0 0 25 0 0 0 24 0 0 2 19 0 0 0 0 0 0 0 0 0 0 0 0 0 0 0 31 57 0 0 0 0 0 0 136009 12 9 0 26 0 0 0 0 0 0 0 0 0 0 0 5 0 0 0 0 0 0 0
313 CCA 0 0 0 0 0 0 0 0 0 0 0 0 0 0 0 0 34 0 78 0 194537 3 129 1 0 0 14 36 30 0 0 0 0 0 0 0 15 0 0 0 0 0 0 0 0 0 0 0 0 0 0 0 36 0 0 0 0 0 0 0 0 0 0 0
314 GGA 30 0 0 24 0 0 0 0 43 0 0 0 0 0 0 0 0 38 0 0 0 0 0 0 0 0 0 0 0 0 0 0 39 66 0 0 0 0 19 30 169279 32 2 0 20 0 0 0 0 0 0 0 0 0 0 0 22 0 0 0 0 10 0 0
315 CAA 0 0 0 0 0 0 0 2 0 2 0 0 0 0 0 0 172433 2 5 1 0 0 0 0 0 0 0 3 0 0 0 0 0 0 0 0 0 4 0 0 0 0 0 0 0 0 0 0 22 0 0 0 0 0 0 0 0 0 0 0 0 0 0 0
316 GCA 0 0 0 0 130 15 0 0 0 12 0 0 0 0 0 0 0 0 0 0 0 0 0 0 0 0 0 0 0 0 0 0 0 0 0 0 137696 0 0 0 0 0 0 0 79 0 0 0 0 0 0 0 3 0 15 0 0 0 0 0 0 0 0 0
317 TTC 0 0 23 0 0 0 0 0 0 0 0 0 0 26 0 20 0 0 0 0 0 0 0 11 0 0 0 0 0 0 0 0 0 33 0 0 0 0 0 0 15 0 0 0 0 0 0 0 0 0 0 0 0 1 0 1 0 0 0 0 3 94481 1 4
317a TAT 0 0 0 1 0 0 0 0 0 0 0 0 0 0 1 0 0 0 37 42 3 0 0 0 0 0 0 0 25 0 0 0 29 0 0 0 0 0 0 0 0 0 0 26 0 0 0 0 0 31 0 185442 0 0 0 0 0 0 30 6 0 0 0 0
318 GCA 0 0 0 0 172 0 0 0 0 0 0 0 0 0 0 0 1 0 22 0 0 10 0 0 0 0 0 0 0 0 0 0 0 0 0 0 111983 0 15 1 6 0 0 0 49 0 0 0 0 0 0 0 0 0 0 6 0 10 0 0 0 0 0 0
319 ACA 41 0 0 21 197179 3 22 1 1 0 0 0 119 7 0 0 24 0 1 0 0 0 0 0 9 0 0 0 0 0 0 0 0 0 0 0 4 0 0 0 30 0 0 0 0 0 0 0 0 0 0 0 0 0 0 0 0 0 0 0 0 0 0 0
320 GAT 0 0 0 36 0 0 0 0 1 0 0 0 0 0 0 0 35 12 0 0 0 0 0 0 0 0 0 1 0 4 0 0 0 0 21 151550 55 10 0 0 0 0 0 3 0 0 0 0 0 0 0 21 0 2 0 0 33 0 0 0 0 0 0 0
321 GGC 0 0 0 0 0 0 0 0 0 19 0 1 0 0 0 0 0 0 0 0 0 0 0 0 0 0 0 0 0 0 0 0 0 214 0 47 0 0 0 0 0 124090 0 140 0 0 0 0 0 0 0 24 0 0 0 0 0 0 0 0 0 9 0 0
322 ATA 0 0 0 0 5 0 0 0 0 0 0 0 219947 0 79 0 0 0 0 0 0 0 0 0 0 0 0 0 0 0 0 0 0 0 0 0 0 0 0 0 0 0 0 0 2 0 0 0 3 0 22 0 0 0 0 0 0 0 0 0 0 0 0 0
323 ATA 26 33 0 1 51 0 0 0 0 0 0 0 217016 0 66 66 0 0 0 0 0 0 0 0 0 0 0 0 0 0 0 12 22 0 0 0 0 0 0 0 0 0 0 0 4 0 0 0 0 0 2 0 0 0 0 0 0 0 0 0 24 0 0 0
324 GGG 0 0 0 0 0 0 0 0 0 0 17 0 0 0 0 0 0 0 0 0 0 0 0 0 0 0 0 0 0 0 0 0 0 0 3 0 0 0 23 0 80 27 195582 4 0 0 1 0 0 0 0 0 0 0 0 0 0 0 15 0 0 0 0 0
325 GAG 0 30 66 0 0 0 0 0 0 0 0 0 0 0 0 0 69 0 0 0 0 0 0 0 0 0 0 0 0 0 0 0 68 0 218611 25 14 0 0 0 0 0 47 0 0 0 2 0 0 0 63 0 0 11 0 0 0 0 0 0 0 0 0 0
326 ATA 0 0 0 0 6 0 0 0 0 0 0 0 224624 2 47 1 0 0 0 2 0 0 0 0 0 0 0 0 0 0 0 0 0 0 0 0 0 0 0 0 0 0 0 0 7 0 0 0 0 0 34 0 32 0 0 0 0 0 0 0 0 0 0 0
327 AGA 33 0 0 0 0 0 32 0 224735 0 25 0 2 0 0 0 39 0 0 16 0 0 0 0 2 24 0 0 0 0 0 0 0 0 0 0 0 0 0 0 39 0 0 0 0 0 0 0 0 0 0 0 0 0 0 0 0 0 0 0 0 0 0 0
328 CAA 8 0 0 0 0 20 0 0 0 0 0 0 0 0 0 0 223097 2 17 23 0 0 0 0 13 40 30 0 2 0 0 0 1 0 0 0 0 18 0 0 0 19 0 0 0 0 0 0 5 0 0 0 0 0 0 0 0 0 0 0 0 0 0 0
329 GCA 0 0 0 0 172 0 0 0 0 0 0 0 0 0 0 0 0 0 0 0 0 25 0 0 0 0 0 0 0 0 0 0 0 0 0 0 214143 17 2 0 0 0 0 0 240 0 0 0 0 0 0 0 1 0 0 0 0 0 0 0 0 0 0 0
330 CAT 0 0 0 125 0 0 0 0 0 0 0 0 0 0 0 0 19 55 31 211805 0 0 0 0 0 0 0 4 0 0 0 0 0 0 0 0 0 0 0 0 0 0 0 0 0 0 0 43 0 0 0 1 0 0 0 0 0 0 0 0 0 0 0 0
331 TGT 0 0 0 0 0 0 0 0 0 0 0 0 0 0 0 0 0 0 0 0 0 0 0 0 0 0 0 17 0 0 0 0 0 0 0 0 0 0 0 0 0 0 0 8 0 0 0 0 0 0 0 47 0 0 0 0 0 60 0 218344 0 0 0 0
332 AAT 45 2 0 224630 2 0 0 0 0 0 0 2 0 0 0 0 0 65 0 1 0 0 0 0 0 0 0 0 0 0 0 0 0 0 0 13 0 18 0 0 0 0 0 0 0 0 0 0 0 0 0 0 0 0 0 0 0 0 0 0 46 10 0 0
333 GTT 0 0 0 0 0 0 0 0 0 0 0 0 0 0 0 43 0 0 0 0 0 0 0 0 0 0 0 0 0 0 0 0 0 0 0 42 0 0 0 3 0 0 0 0 0 26 0 219544 0 0 0 0 0 0 0 0 0 0 0 0 0 0 0 0
334 AGT 0 0 0 7 0 41 0 0 0 75 0 223753 0 0 0 35 0 0 0 0 0 0 0 0 0 0 0 0 0 0 0 0 0 0 0 0 0 0 0 0 0 0 0 73 0 0 0 0 0 0 0 0 0 0 0 0 0 0 0 1 0 0 0 0
335 AAA 226230 0 30 0 0 0 0 0 2 0 0 0 0 0 0 0 0 0 0 0 0 0 0 0 0 0 27 0 0 0 0 0 0 0 0 0 0 0 0 0 0 0 0 0 0 0 0 0 0 0 0 0 0 0 0 0 0 0 50 40 0 0 0 26
336 AAA 226210 2 233 3 0 0 0 0 1 0 52 0 37 0 0 0 0 0 0 0 34 0 38 23 0 0 0 0 0 0 0 0 0 0 0 0 0 0 0 0 0 0 0 0 0 0 0 0 1 0 0 0 0 0 0 0 0 0 0 0 43 0 0 33
337 GAA 47 0 31 2 0 41 0 0 0 0 0 0 3 0 38 0 15 0 0 0 0 0 0 0 0 0 0 0 0 0 0 0 226310 0 3 2 0 0 0 0 3 0 0 0 21 0 0 0 0 0 0 0 0 0 0 0 0 0 0 0 0 0 0 0
338 TGG 0 0 0 0 0 0 0 0 0 0 2 0 0 0 0 0 0 0 0 0 0 16 0 0 0 0 1 0 0 0 0 0 0 0 0 0 0 0 0 0 0 0 0 0 0 0 0 0 0 0 17 0 0 0 0 0 77 0 225532 0 0 0 8 0
339 AAT 3 37 31 226079 0 0 0 0 0 0 0 1 0 0 0 0 0 0 0 0 0 0 0 0 0 0 0 0 0 0 0 0 0 0 0 47 30 0 32 0 0 0 0 0 0 0 0 0 0 0 0 0 0 0 0 0 0 0 0 0 0 0 0 0
340 AGC 0 131 0 0 0 36 0 0 32 224727 0 136 0 41 0 0 0 0 0 0 0 0 35 0 0 2 0 0 0 14 0 0 0 0 0 0 0 0 0 0 0 45 0 0 0 52 0 0 0 0 0 0 0 0 0 0 0 1 0 0 0 0 0 0
341 ACT 0 0 52 15 2 1 5 217504 0 0 0 2 0 0 0 25 0 0 0 0 0 0 0 0 0 0 0 0 0 0 0 0 0 0 0 0 0 23 0 41 0 0 0 0 0 0 0 0 0 38 0 0 37 0 38 32 0 0 0 0 0 0 0 0
342 TTG 0 0 0 0 0 0 0 0 0 0 0 0 31 0 1 0 0 0 0 0 0 0 0 0 0 0 0 0 20 0 69 0 0 0 0 0 0 0 0 0 0 0 0 0 0 0 0 0 0 0 34 0 0 0 68 0 0 0 0 0 255 0 221928 0
343 CAA 1 0 0 0 0 0 0 0 0 0 0 0 0 0 0 0 225921 0 10 0 0 0 0 0 41 0 0 0 10 36 0 0 1 0 0 0 0 0 0 0 0 0 0 30 0 0 0 0 214 0 0 0 69 0 15 0 0 0 0 0 0 0 0 0
344 AAG 33 0 226084 4 0 0 0 0 0 0 247 0 0 34 8 0 0 0 2 0 0 0 0 0 0 0 0 0 0 0 0 0 0 0 5 0 0 0 0 0 24 0 0 0 0 0 0 0 0 0 2 0 0 0 0 0 0 0 0 43 0 0 0 0
345 GTA 0 0 0 0 0 0 0 0 0 0 0 0 71 0 0 0 19 0 0 0 0 0 0 0 0 0 0 0 0 0 0 0 49 0 0 0 3 0 0 0 0 0 0 0 225880 28 28 0 0 0 0 0 0 0 0 0 0 0 0 0 46 0 0 0
346 GCC 0 0 0 0 0 214 0 0 0 0 0 0 0 0 0 0 0 0 0 0 0 0 0 0 0 0 0 0 0 0 0 0 0 5 0 0 1 220615 1 0 0 0 0 0 0 202 0 0 0 0 0 0 90 2 0 0 0 0 0 0 0 0 0 0
347 AAC 0 225829 1 127 0 38 35 0 0 2 3 0 0 2 0 0 0 0 41 0 0 0 0 0 0 0 0 0 0 0 0 0 0 0 0 0 0 0 0 0 0 0 0 0 0 0 0 30 0 0 0 38 0 0 0 0 0 0 0 0 0 0 0 0
348 CAA 84 0 0 0 67 0 0 0 0 0 0 0 0 0 0 0 225896 0 42 1 0 0 0 0 1 0 0 0 40 38 0 0 0 0 0 0 0 0 0 0 0 0 0 0 0 0 0 0 60 0 0 0 0 0 0 0 0 0 0 24 29 0 0 0
349 TTA 0 0 0 0 0 0 0 0 0 39 0 0 1 0 0 0 0 0 0 0 0 0 0 0 0 0 0 0 0 0 0 0 0 0 0 0 0 0 0 0 12 0 0 0 0 0 58 0 1 0 0 0 6 0 0 0 0 0 0 0 226460 0 25 0
350 AGA 58 35 0 0 0 0 50 0 226275 0 34 0 1 0 0 0 0 0 0 0 0 0 0 0 6 0 0 31 0 0 40 0 0 0 0 0 0 0 0 0 8 0 0 0 0 0 0 0 0 0 0 35 0 0 0 0 1 0 0 0 0 0 0 0
351 CCA 48 0 0 0 28 40 0 0 0 0 0 0 0 0 0 40 3 0 53 0 226049 0 76 0 0 0 0 0 117 0 17 0 0 0 0 0 0 0 0 0 0 0 0 0 0 0 52 0 0 0 0 0 78 0 0 0 0 0 0 0 0 0 0 0
352 TAC 0 87 0 0 0 0 0 0 0 0 0 0 0 0 0 0 0 5 0 0 0 0 0 0 69 0 0 0 0 0 0 46 0 0 47 0 0 0 0 0 0 0 0 0 0 0 0 0 0 225999 0 43 0 0 0 0 0 17 0 0 0 14 0 0
353 TTT 0 0 0 52 0 0 0 0 0 0 0 0 0 0 0 56 0 0 0 0 0 0 0 0 0 0 0 0 0 0 0 32 0 0 0 0 0 0 0 0 0 0 0 0 78 21 0 28 0 0 0 27 0 0 0 0 0 0 0 1 92 0 0 223994
354 AAG 80 0 226168 37 0 0 4 0 51 0 48 44 0 0 0 0 0 0 0 0 0 0 0 0 0 0 0 0 0 32 0 0 0 0 48 0 0 0 0 0 0 0 0 41 44 0 50 0 0 0 0 0 0 0 0 0 0 0 0 0 27 0 0 0
355 AAC 0 226592 0 52 0 0 0 0 0 2 0 0 0 0 0 0 0 0 0 0 0 33 0 0 14 0 0 0 0 0 0 0 0 3 0 0 0 0 35 0 0 0 0 63 0 0 0 0 0 0 0 0 0 0 0 0 0 0 0 0 0 0 0 0
356 AAC 41 226464 2 60 0 0 0 0 0 7 0 0 0 0 0 0 0 7 0 0 0 0 0 0 0 0 0 0 0 0 23 0 0 15 0 0 0 0 70 0 0 0 0 0 0 0 0 0 0 0 0 0 0 0 0 0 0 0 0 0 0 0 0 0
357 ACA 1 0 0 0 226458 0 2 79 0 0 0 0 2 0 0 0 0 0 0 0 0 0 0 0 0 40 0 0 0 0 0 0 0 0 0 0 8 0 0 0 0 0 0 0 0 0 0 0 0 0 0 0 1 0 0 28 0 0 0 0 0 0 0 0
358 ATA 20 0 0 0 4 0 0 0 0 0 0 0 226495 0 0 0 0 0 0 0 0 0 0 0 0 25 0 0 23 0 0 0 0 0 0 0 0 0 0 0 0 0 0 0 2 0 0 0 0 0 0 0 0 0 0 0 0 0 0 0 65 0 0 0
359 ATA 32 0 0 0 5 0 0 0 0 0 0 0 226672 0 13 0 0 0 0 0 0 0 0 0 0 0 0 0 0 0 0 0 0 0 0 39 0 0 0 0 0 0 0 0 1 0 0 0 0 0 0 0 0 0 0 0 0 0 0 0 2 0 0 0
360 AAA 226405 0 1 1 0 0 0 0 2 0 0 0 0 0 0 0 0 41 0 0 0 0 0 0 0 53 0 0 0 83 0 0 0 0 44 0 0 0 0 0 39 0 0 0 0 0 0 0 0 0 0 0 0 0 0 0 0 0 0 0 0 0 0 0
361 TTT 37 0 0 0 0 0 0 0 0 0 0 37 0 0 0 52 0 0 0 0 0 0 0 0 0 0 0 0 0 0 0 0 0 0 0 0 0 0 0 0 0 0 0 0 0 0 0 0 0 0 0 0 0 0 0 0 0 0 0 0 23 1 0 226432
362 GCT 27 36 0 0 0 0 0 105 0 0 0 0 0 0 0 0 0 0 30 0 0 0 0 0 0 0 87 0 0 0 0 0 0 0 37 48 0 25 0 225833 0 27 0 2 33 0 0 219 0 0 0 0 0 0 0 11 0 0 0 0 45 39 0 43
363 AAC 46 226539 16 84 0 49 0 10 0 0 0 0 0 0 0 0 0 0 12 0 0 8 0 0 0 0 0 0 0 0 0 0 0 2 0 0 0 38 0 0 0 0 0 0 0 0 0 0 0 0 0 0 0 0 0 0 48 0 0 0 0 0 0 0
364 TCA 0 0 0 0 0 0 0 0 0 35 0 0 0 0 0 0 0 0 0 0 45 0 0 0 0 0 0 0 0 0 0 0 0 0 0 0 1 38 0 0 0 0 0 0 0 0 0 0 42 44 0 0 226478 0 13 2 0 0 0 0 2 0 0 0
365 TCA 0 0 0 0 0 0 0 35 0 0 0 0 0 0 0 0 0 0 0 0 12 0 0 0 0 0 0 0 0 0 0 0 0 32 0 0 0 0 0 0 0 0 0 0 0 0 0 0 0 0 0 0 226101 3 116 0 0 0 0 0 123 0 0 0
366 GGA 0 0 0 0 0 0 0 0 46 0 0 0 0 0 0 0 0 0 0 0 0 0 0 0 0 0 0 0 50 0 0 63 1 0 0 0 0 0 0 0 226619 45 17 0 2 0 0 0 0 0 0 0 0 0 0 0 8 0 0 0 0 0 0 0
367 GGG 0 0 0 0 0 0 0 0 52 0 207 0 24 0 1 0 0 0 0 0 0 0 0 0 0 0 0 0 0 0 0 0 0 0 8 0 0 0 0 0 64 0 226412 4 0 0 7 0 0 0 0 0 0 0 0 0 0 0 10 0 0 0 0 0
368 GAT 0 0 0 10 0 0 0 0 0 0 0 0 0 0 0 35 0 0 0 0 0 0 0 0 0 0 0 0 0 0 0 0 0 4 0 226680 0 0 0 0 0 0 0 3 0 0 0 0 0 0 0 0 0 42 0 0 0 42 0 0 0 0 0 0
369 CTA 0 0 0 0 0 0 0 0 0 0 0 0 0 0 0 0 0 0 0 0 53 0 0 0 0 0 0 0 226758 0 43 0 0 0 0 0 0 0 0 0 0 0 0 0 0 0 0 0 0 0 0 0 0 0 0 0 0 0 0 0 0 0 0 0
370 GAA 3 0 0 0 0 0 0 0 33 0 0 0 0 0 0 0 0 0 0 0 0 0 0 0 0 0 0 0 0 0 0 0 226667 0 0 63 0 0 0 0 3 0 0 0 0 0 0 0 22 0 31 0 0 0 0 0 0 0 0 0 0 0 0 0
371 ATT 0 0 0 1 0 0 0 0 0 21 0 0 0 27 0 226700 0 0 0 0 0 0 0 0 0 0 0 0 0 0 0 0 0 0 0 0 0 0 0 0 0 0 0 0 0 0 43 0 40 0 0 0 0 0 0 0 0 0 0 0 0 0 0 0
372 ACA 0 0 0 0 282521 1 160 53 1 174 0 0 49 62 0 0 58 0 0 0 0 0 0 0 0 0 0 0 0 36 0 30 51 0 0 0 67 0 35 0 0 0 0 0 0 0 0 0 0 0 0 0 0 0 0 0 0 0 0 52 0 0 0 0
373 ACA 0 0 0 0 283150 30 0 44 48 0 0 56 4 0 0 0 0 0 0 0 0 0 0 0 0 0 0 0 0 0 0 0 0 53 0 0 21 0 0 0 0 0 0 0 0 0 0 0 0 0 0 0 0 55 49 0 0 0 0 0 0 0 57 0
374 CAT 0 0 0 0 0 0 0 46 0 0 0 52 0 0 0 0 0 2 0 283154 0 0 0 0 0 0 0 0 0 0 0 2 0 0 0 0 0 0 0 0 0 0 0 55 0 0 0 0 44 0 0 96 0 27 0 0 0 0 0 0 0 0 0 0
375 AGT 0 0 0 1 0 0 0 0 0 6 0 282542 51 0 0 25 0 0 0 0 0 0 0 0 0 0 0 0 0 22 0 0 0 0 0 0 0 0 0 0 51 0 0 55 0 0 0 0 0 0 0 0 0 0 0 0 0 0 0 1 0 35 0 0
376 TTT 0 0 0 0 0 0 0 0 0 0 0 0 0 0 0 0 0 0 0 0 0 54 0 0 0 0 0 0 0 0 0 12 0 0 0 0 0 0 0 0 0 0 0 0 0 0 0 0 0 0 0 0 0 0 0 2 0 0 0 0 2 9 0 283105
377 AAT 3 0 70 283302 0 0 0 0 0 0 0 4 2 0 0 0 0 0 0 1 0 0 0 0 0 0 0 0 0 0 0 0 0 0 0 42 0 0 0 0 0 0 0 0 46 0 0 0 0 0 0 0 0 0 0 0 0 0 0 0 0 0 0 0
378 TGT 0 5 0 0 0 0 0 0 0 0 0 1 0 0 0 0 0 0 0 0 0 0 0 0 0 0 0 2 0 0 0 0 0 0 0 0 0 0 0 0 0 0 0 0 0 0 0 0 0 0 0 51 0 0 0 0 0 1 0 283096 0 0 0 0
379 GGA 0 0 0 0 0 0 0 0 65 0 0 0 0 0 0 0 0 0 0 0 0 40 0 0 1 0 0 0 0 0 0 0 35 0 0 0 0 0 0 0 282990 0 126 1 0 0 0 0 0 0 65 0 0 0 0 0 2 0 0 0 0 0 0 0
380 GGA 0 0 0 0 0 0 0 0 129 0 0 0 0 0 0 0 45 0 46 0 0 0 0 0 1 0 0 0 0 0 0 0 3 0 0 0 0 0 0 0 283153 0 14 3 0 0 0 0 0 0 0 0 0 0 0 0 2 0 0 52 0 0 0 0
381 GAA 1 0 0 0 0 0 0 0 0 0 0 0 0 0 0 0 0 0 0 0 0 0 0 0 0 0 0 0 0 0 0 0 283303 0 0 3 70 0 0 0 0 0 0 0 0 0 0 0 0 0 0 0 0 0 0 0 0 0 0 0 0 0 0 0
382 TTT 0 0 0 0 0 0 0 0 0 0 0 0 0 0 0 31 0 0 0 0 0 0 0 0 0 0 0 47 0 0 0 4 0 0 0 0 0 0 0 0 0 0 0 0 0 0 0 0 0 0 0 0 0 89 0 1 0 0 0 0 0 49 0 282916
383 TTC 0 0 0 31 0 0 0 0 0 0 0 0 0 0 0 0 0 0 0 0 0 0 0 0 0 0 0 0 0 0 0 0 0 0 0 0 0 0 0 0 0 44 0 0 0 1 0 0 0 0 0 0 0 1 0 0 0 0 0 0 38 283091 0 197
384 TAT 0 0 0 12 0 0 0 0 0 0 0 0 26 0 0 0 0 0 0 53 0 17 0 0 0 0 0 0 0 0 0 0 0 0 0 0 11 0 0 0 0 0 0 0 0 0 0 0 0 16 0 283092 0 0 0 0 0 0 0 7 0 0 0 0
385 TGT 0 0 36 0 0 0 35 0 0 0 0 0 0 0 0 0 0 0 0 0 0 0 0 50 0 51 0 10 0 0 0 0 0 0 0 0 0 0 0 0 0 0 0 0 0 0 0 0 0 0 0 178 0 0 0 2 1 240 0 282510 0 0 0 1
386 AAC 0 282743 0 31 31 65 0 0 0 10 0 0 0 41 0 0 0 0 0 0 0 0 0 0 0 0 0 0 0 0 0 0 0 77 0 39 0 0 0 43 0 0 48 26 0 53 0 0 0 1 0 0 0 0 0 0 0 0 0 0 0 0 66 44
387 ACA 0 0 0 0 283393 0 84 0 0 0 0 0 61 0 0 0 0 0 0 0 0 0 0 0 0 0 0 0 0 0 0 0 0 0 0 0 10 0 0 0 0 0 0 0 0 0 0 0 0 0 0 0 0 0 0 0 0 0 0 0 0 0 0 0
388 TCA 0 0 0 0 0 0 0 0 0 0 0 0 0 0 0 0 0 0 0 0 18 0 0 0 0 0 0 0 0 43 41 0 0 0 0 21 0 0 0 0 0 0 0 0 0 0 0 0 1 0 0 0 282372 82 205 61 0 0 0 0 78 0 0 0
389 GGC 0 46 0 0 36 0 0 0 0 3 0 0 0 63 0 0 0 0 0 0 33 48 0 0 0 54 70 0 52 0 0 0 0 29 0 0 0 0 0 0 0 281248 37 119 0 1 0 0 0 47 0 0 0 0 0 0 0 70 0 0 0 0 0 0
390 CTG 0 0 0 0 0 0 0 0 0 0 0 0 0 0 114 0 0 0 4 0 0 0 65 0 0 0 3 0 80 34 282293 0 0 0 0 0 0 0 0 59 0 0 0 0 0 0 0 0 0 0 0 0 0 0 0 0 0 0 0 0 0 0 138 0
391 TTT 0 0 0 0 0 0 0 0 0 0 0 0 0 0 0 0 0 0 0 0 0 0 0 0 0 0 0 0 0 0 0 15 0 0 0 44 0 0 0 0 0 0 0 0 0 0 0 54 0 57 0 0 0 0 0 8 0 0 0 0 0 67 1 281838
392 AAT 0 9 0 282695 0 0 0 0 0 46 0 7 40 0 0 53 0 0 16 28 0 0 0 0 0 0 0 0 0 0 0 0 61 50 0 0 0 0 39 6 0 0 91 0 41 50 0 0 0 0 0 0 0 0 0 0 0 52 0 38 58 0 48 0
393 AGC 0 135 0 0 30 38 0 0 24 280289 0 114 0 3 0 0 0 0 0 0 44 0 41 0 0 36 0 0 0 0 0 0 0 1 0 0 36 0 0 0 0 79 0 0 0 0 0 0 0 0 0 0 0 0 0 42 0 1 0 0 0 0 0 75
394 ACT 33 0 53 68 53 32 2 282228 0 7 0 0 0 0 0 2 0 54 113 45 0 0 71 0 0 0 0 32 0 0 0 0 0 0 88 0 0 46 54 0 0 0 0 46 28 0 0 0 0 0 0 0 42 0 0 1 0 47 38 0 0 0 0 0
395 TGG 0 0 0 0 0 79 0 0 0 0 0 1 67 0 0 0 0 0 0 0 0 0 0 0 0 0 51 0 0 52 0 0 0 0 70 0 0 0 28 0 23 0 3 54 53 0 0 0 0 0 32 0 0 0 0 57 70 1 281170 43 0 0 1 0
395a GAG 0 0 165 57 0 0 48 0 0 0 0 0 0 49 0 0 0 0 0 0 0 33 0 0 0 0 0 43 0 0 0 47 221 1 281630 0 0 0 0 39 58 0 12 0 18 0 0 0 0 0 35 0 0 0 0 0 0 0 0 0 0 0 0 62
396 TTT 0 0 0 0 0 0 0 0 0 0 0 48 13 0 0 0 0 0 0 0 0 0 0 0 0 0 0 0 0 0 0 54 53 0 0 0 0 0 0 0 0 0 53 36 0 0 0 0 35 0 0 0 0 0 33 68 46 0 0 0 1 87 0 281341
397 AAT 35 1 0 282845 0 43 0 0 0 0 0 20 32 0 0 0 0 31 0 0 0 34 46 0 0 0 0 0 0 86 0 0 0 0 0 11 0 0 0 0 0 0 0 0 0 0 0 0 0 0 0 0 0 0 0 0 0 0 0 0 0 0 0 0
398 AGC 0 117 0 0 0 0 44 0 65 278529 0 29 0 2 0 0 0 0 0 0 0 0 0 0 0 1 74 41 0 0 0 0 0 0 0 0 0 0 0 0 0 64 0 0 0 0 0 0 0 0 0 0 0 0 0 0 0 1 0 0 0 0 0 0
399 ACT 35 44 0 0 2 17 0 279670 0 31 1 0 0 0 0 39 0 40 0 0 0 0 0 0 0 0 40 0 26 0 0 0 0 0 0 0 0 0 0 44 0 0 118 0 0 0 32 0 0 48 41 0 59 40 0 0 0 0 0 0 54 0 0 0
400 TGG 0 0 0 0 0 0 0 0 0 0 98 42 0 0 0 0 38 0 0 0 0 0 0 0 0 0 121 0 0 0 0 0 0 0 0 0 0 0 118 0 0 30 1 0 0 0 0 0 0 0 3 51 0 0 0 34 16 0 280203 0 0 0 0 0
406 AAT 0 48 0 282282 0 32 0 49 0 37 0 0 0 0 49 0 0 0 0 0 0 0 0 40 0 0 0 0 0 0 0 0 0 25 0 74 0 0 0 0 0 0 0 58 0 0 0 0 0 23 0 33 0 0 0 1 0 0 43 44 0 0 0 33
407 AAT 0 62 0 281662 0 0 0 0 0 0 0 23 0 0 0 0 0 0 0 0 0 0 0 0 46 48 0 0 0 0 0 0 0 0 0 48 0 0 0 0 16 0 0 0 0 0 0 0 0 0 0 1 0 0 0 0 0 0 0 0 0 0 0 45
408 TCA 0 0 0 0 10 0 41 0 0 0 0 0 30 52 0 37 0 0 0 0 7 46 0 0 0 0 25 0 0 0 0 0 0 0 0 0 0 39 0 0 0 0 0 0 48 0 0 0 120 0 0 0 281665 54 56 47 35 0 0 0 3 0 55 0
409 AAT 2 1 101 282279 0 41 0 98 0 0 19 4 0 0 0 0 0 0 39 1 0 0 0 0 0 53 0 0 0 0 5 0 0 0 0 63 0 0 44 0 40 0 0 0 0 0 0 27 0 0 0 0 0 0 0 0 0 0 0 0 0 37 0 0
410 AGC 0 176 0 0 0 117 0 0 2 272582 60 235 0 0 0 0 0 0 0 0 0 0 0 0 0 0 0 0 0 46 0 0 40 0 0 0 0 0 0 0 0 24 50 0 0 0 0 0 0 0 0 0 0 0 0 0 0 1 46 0 0 0 0 0
411 ACA 0 0 43 0 281718 1 85 1 1 0 0 0 42 0 0 0 0 0 0 0 0 0 0 0 0 83 0 0 0 0 0 0 0 0 0 0 106 0 0 0 0 0 0 35 0 0 0 0 0 0 0 0 49 52 0 0 0 0 0 0 0 40 0 0
412 GAG 0 0 3 41 0 0 0 0 0 0 0 0 0 0 0 0 0 0 0 0 0 0 28 0 0 0 0 0 0 39 0 0 6 0 277118 53 0 0 0 0 0 0 5 0 0 0 0 0 0 0 5 0 0 0 0 0 0 0 0 0 0 0 0 0
413 AAT 0 4 38 278679 0 0 45 0 0 0 0 50 0 0 0 0 0 0 0 28 0 29 44 0 0 0 0 0 0 0 0 0 0 0 0 4 0 0 0 0 0 0 0 0 0 0 0 44 0 0 0 48 0 0 0 0 0 0 0 0 0 0 0 0
414 ATA 3 0 0 0 14 0 0 0 0 0 0 0 281597 0 16 0 0 0 0 0 0 0 0 0 0 0 0 0 0 0 0 0 0 0 0 0 0 0 0 0 0 0 0 0 3 0 0 0 0 0 0 0 0 0 0 0 0 0 0 0 0 0 0 1
415 ACT 0 0 0 0 46 28 0 266769 0 0 0 40 0 0 0 56 0 0 0 0 0 0 39 0 0 0 0 0 0 0 0 0 0 0 0 0 0 0 0 42 0 0 0 0 0 0 0 0 0 0 0 0 0 0 0 0 0 0 0 0 0 0 0 0
416 CTC 0 0 0 0 0 0 0 0 9 0 0 0 0 28 0 0 0 0 0 0 0 40 0 0 0 0 0 0 1 269308 0 11 0 0 0 0 0 0 0 0 0 0 0 0 0 0 0 0 0 0 0 0 0 0 0 0 0 0 0 0 0 93 0 0
417 CAA 1 0 0 0 0 0 0 0 0 0 0 0 0 0 0 0 280156 0 0 1 0 0 0 0 3 0 0 0 47 0 0 50 0 0 0 0 0 0 0 0 0 0 0 0 0 0 0 66 69 0 0 57 0 0 0 0 0 0 0 0 0 0 0 0
418 TGC 0 0 0 0 0 0 0 0 0 0 0 0 0 37 0 0 0 0 0 0 0 0 0 0 0 0 0 0 0 0 0 0 0 0 0 0 0 0 0 0 0 0 0 0 0 0 0 0 0 66 0 0 0 0 0 0 62 254889 0 439 0 0 0 0
419 AGA 60 0 53 0 20 0 0 0 268061 0 0 0 59 0 0 0 39 0 0 0 0 0 0 0 2 0 0 0 0 0 0 42 0 0 0 0 0 0 0 0 41 0 0 0 0 0 0 0 0 0 0 0 0 0 0 0 4 0 0 0 0 0 0 0
420 ATA 0 0 0 0 0 0 0 0 0 0 0 0 277925 0 7 22 0 0 0 0 0 0 12 0 0 0 0 0 0 0 0 0 0 0 0 0 0 0 0 0 0 0 0 0 0 0 0 0 0 0 0 0 0 0 0 0 0 0 0 0 0 0 27 0
421 AAG 355 0 271954 5 0 0 0 0 0 1 7 0 0 0 1 0 0 0 0 0 0 0 0 0 0 0 0 0 0 0 0 0 0 0 10 0 0 0 0 0 0 0 0 0 0 0 0 0 0 0 1 0 0 0 0 0 0 0 0 0 0 0 0 0
422 CAA 1 0 0 0 0 0 0 0 0 0 0 0 0 0 0 0 278455 0 1 0 0 0 0 0 0 0 0 0 0 0 0 0 0 0 0 0 0 0 0 0 0 0 0 0 0 0 49 0 36 0 0 0 0 0 0 0 0 0 0 35 0 0 0 0
423 ATT 0 0 0 0 0 0 0 3 0 0 0 0 72 63 0 208871 0 0 0 0 0 0 0 0 0 0 0 0 0 0 0 0 0 0 0 0 0 0 0 0 0 0 0 0 0 0 0 12 0 0 0 0 0 0 0 0 0 0 0 0 0 0 0 0
424 ATA 0 0 0 0 9 0 0 0 0 0 0 0 247608 0 34 0 0 0 0 0 0 0 0 0 0 0 0 0 0 0 0 0 0 0 0 0 0 0 0 0 0 0 0 0 0 0 0 0 0 0 0 0 0 0 0 0 0 0 0 0 0 0 0 67
425 AAT 45 1 0 263229 42 0 0 25 0 0 28 3 1 0 0 0 0 0 0 1 27 0 0 0 0 0 0 0 0 0 0 0 0 0 0 13 0 0 0 0 0 0 26 0 0 0 0 0 0 2 0 0 0 0 0 0 0 0 0 0 0 0 0 0
426 ATG 0 31 0 0 0 0 0 0 0 0 0 0 131 0 184901 0 0 0 0 0 0 0 0 0 0 0 0 38 0 0 0 23 0 0 0 0 0 0 0 0 0 0 0 0 0 0 4 0 24 0 0 0 0 0 0 0 0 9 0 0 0 0 0 0
427 TGG 0 0 0 0 0 0 0 0 0 0 3 0 0 0 0 0 0 0 0 0 0 0 0 0 0 0 3 0 0 0 0 0 0 0 0 0 0 0 0 0 0 0 0 0 0 0 0 0 0 0 43 0 0 0 4 0 136 0 230393 0 0 0 70 0
428 CAA 0 0 0 0 0 0 0 0 0 0 0 0 0 0 0 0 268090 0 8 0 0 0 0 0 70 0 0 30 0 42 0 0 21 0 0 0 48 0 0 0 0 0 0 0 0 0 0 0 80 0 0 0 0 0 0 0 0 0 0 0 0 0 0 0
429 AGA 60 0 0 10 0 0 0 0 259470 0 36 27 4 0 0 0 0 0 0 0 0 0 0 0 7 0 0 0 0 0 0 0 0 0 35 0 0 0 28 0 26 0 2 0 0 0 0 0 0 0 0 0 0 0 0 0 223 0 0 0 0 0 0 0
430 GCA 0 0 0 0 103 0 0 0 0 0 5 0 0 0 0 0 0 0 24 0 0 0 0 27 0 0 0 0 0 0 0 0 0 23 0 0 186253 0 76 2 0 0 0 0 235 0 0 0 0 0 0 37 0 0 0 0 0 0 0 0 0 0 0 0
431 GGA 0 0 0 0 0 0 0 0 77 0 0 0 0 0 0 0 0 0 0 0 0 0 0 0 0 0 0 0 0 0 0 0 19 6 0 26 0 0 0 0 186015 19 6 0 0 0 0 0 0 0 0 0 0 0 0 0 10 0 0 0 0 0 0 46
432 CAA 45 78 7 29 17 0 0 0 0 14 0 0 0 0 0 26 225521 2 49 6 0 40 0 0 4 0 0 0 0 0 0 0 0 0 0 0 0 0 0 18 0 32 0 0 0 0 0 0 3 0 0 0 0 0 0 0 0 0 0 0 0 25 59 53
433 GCA 0 0 0 0 103 0 0 25 0 6 23 31 0 0 0 0 5 33 0 0 0 0 0 0 25 32 0 0 0 0 0 0 50 0 0 0 184845 31 0 87 0 0 0 27 92 0 0 0 0 36 0 0 0 0 0 0 0 0 0 0 0 0 0 24
434 ATA 65 0 0 7 4 0 0 28 0 0 0 0 259569 0 73 1 0 0 0 0 0 0 0 0 0 0 0 0 0 0 0 0 0 0 0 0 0 0 0 0 0 0 0 0 0 0 0 46 0 0 0 4 0 0 0 0 0 0 0 0 0 0 0 0
435 TAT 0 0 0 0 0 0 0 0 0 0 0 0 8 0 4 0 0 0 0 31 0 0 0 0 43 0 0 0 0 0 0 0 0 0 0 0 0 0 0 0 0 0 0 0 0 0 29 0 25 11 0 244229 0 0 0 0 0 0 0 71 0 0 0 0
436 GCC 0 0 0 0 0 222 0 0 0 0 16 0 0 1 0 0 0 0 0 0 0 5 0 0 0 0 0 0 0 0 0 0 0 0 0 0 1 220324 47 28 0 1 0 0 0 329 0 0 0 126 0 0 0 2 0 0 0 7 28 0 0 0 0 28
437 CCT 0 0 0 0 0 0 0 4 0 0 0 0 0 0 0 0 0 0 0 93 1 127 0 166407 0 0 0 0 0 0 0 74 0 0 26 0 0 0 0 0 0 0 0 24 0 0 0 0 0 0 0 0 0 30 0 0 0 0 0 0 0 0 0 0
438 CCC 0 0 0 0 0 6 59 0 0 0 0 21 0 0 0 0 0 9 0 0 10 162303 0 39 0 0 0 0 0 26 0 0 0 0 0 0 0 1 0 31 0 0 0 0 37 0 52 0 0 0 0 0 0 31 0 0 0 0 0 41 0 0 0 0
439 ATA 0 0 0 0 6 0 0 0 0 0 0 0 268479 0 46 0 0 0 0 0 0 0 0 0 27 0 0 0 0 0 0 0 0 0 0 0 25 0 0 0 0 0 0 0 8 0 0 0 0 0 0 0 0 0 0 0 0 0 0 0 0 0 0 0
440 CCA 0 0 0 0 1 22 0 0 0 0 0 0 0 0 32 0 42 0 0 0 251431 4 33 31 0 0 0 0 11 0 0 0 0 0 0 0 0 0 0 0 0 0 0 0 44 0 0 0 0 0 0 0 72 0 0 0 0 0 0 0 0 0 0 0
441 GGA 0 0 0 0 41 0 0 0 97 0 0 0 0 0 0 0 27 38 0 0 0 0 0 0 0 0 0 0 0 26 0 0 49 39 0 0 0 0 0 0 243669 0 9 0 3 0 0 0 0 0 0 0 0 0 0 0 113 0 0 0 0 0 0 0
442 GTA 0 46 0 0 62 0 0 0 0 0 0 0 122 0 0 0 0 0 0 0 10 0 0 0 0 0 0 0 0 0 0 29 40 0 0 0 3 0 0 0 0 0 0 0 273713 0 3 0 0 0 54 0 0 0 0 34 0 31 1 0 0 0 0 0
443 ATA 0 0 52 0 49 0 0 0 0 0 0 0 274375 0 140 1 0 0 0 0 0 0 0 0 57 44 0 0 0 0 0 0 0 0 0 0 0 0 0 0 0 0 0 0 3 0 0 0 0 91 0 0 0 0 0 0 0 0 0 0 1 0 0 0
444 AGG 0 0 96 0 0 0 0 0 58 0 264532 30 0 0 5 0 0 27 0 0 0 0 0 0 0 0 40 0 0 0 0 0 0 0 0 0 0 0 0 0 0 0 63 0 0 0 0 0 0 0 0 0 0 0 0 0 0 0 39 0 0 0 0 0
445 TGT 0 0 0 0 0 0 0 0 0 0 0 0 0 0 0 0 0 0 0 0 0 0 0 30 0 0 0 13 0 0 0 0 0 0 0 0 0 0 0 0 0 0 44 44 0 0 0 0 0 0 0 102 0 0 0 1 0 53 0 275247 0 0 0 0
446 AAA 282372 0 14 1 0 0 0 0 0 0 0 0 0 0 0 0 0 0 0 0 0 0 0 0 0 0 0 0 0 0 0 0 66 0 0 0 0 0 0 0 0 0 0 30 0 0 0 0 0 0 0 0 0 0 0 0 0 0 0 0 0 0 0 0
447 TCA 0 0 0 0 102 0 0 0 0 0 0 0 0 0 0 0 0 0 0 0 6 0 0 0 0 0 0 0 0 0 0 0 0 0 0 0 0 0 0 0 0 0 0 0 0 0 0 0 2 0 0 0 269469 0 5 0 0 0 0 0 46 0 0 0
448 AAT 41 0 1 280575 0 0 0 0 0 0 0 3 0 0 0 38 0 90 0 2 0 0 0 0 0 0 0 0 0 0 0 0 0 0 0 85 0 0 0 0 0 0 0 0 0 0 0 0 0 0 0 0 0 0 0 0 0 0 0 0 0 0 0 0
449 ATT 0 0 0 0 0 0 0 67 0 0 0 0 0 46 0 268033 0 0 0 0 0 0 0 0 0 0 0 0 0 0 0 0 0 0 0 0 0 0 0 0 0 0 0 0 0 0 0 53 0 0 0 0 0 0 0 0 0 0 0 0 0 0 0 57
450 ACA 25 0 0 0 279503 91 119 20 0 0 0 0 121 0 0 0 0 0 0 0 1 0 0 0 0 0 0 0 0 0 0 0 0 0 0 0 45 0 0 0 0 0 0 0 0 0 0 0 0 0 0 0 27 0 0 0 0 0 0 0 0 0 0 0
451 GGA 0 0 0 0 0 39 0 0 0 39 0 0 0 0 0 0 0 0 0 0 0 0 0 0 0 0 0 0 0 0 0 0 154 0 0 0 0 0 0 0 281006 13 2 0 0 0 0 0 0 0 0 0 0 0 0 0 15 0 0 0 0 0 0 0
452 CTA 0 0 0 0 0 0 0 49 0 0 0 0 26 0 0 0 0 0 0 0 23 0 0 30 0 0 0 0 280313 1 23 32 0 0 0 0 0 0 0 0 0 0 0 0 62 0 0 0 0 0 0 2 0 0 0 0 0 0 86 0 85 0 51 0
453 ATA 85 0 51 0 2 0 0 0 0 0 0 0 280195 0 6 0 0 0 28 0 0 0 0 0 0 0 0 0 0 0 0 32 0 0 0 0 0 0 0 0 0 0 0 0 5 0 0 50 0 0 0 0 0 0 0 0 0 0 0 0 31 0 0 0
454 TTA 0 0 0 0 0 0 0 0 0 0 0 0 0 0 0 0 0 0 0 0 0 0 0 0 0 0 0 0 35 0 0 0 0 0 0 0 0 0 0 0 0 0 0 0 0 0 0 0 0 0 0 0 9 0 0 0 38 0 0 0 279895 0 58 0
455 ACA 1 0 0 0 281952 1 33 34 1 0 0 0 7 0 0 0 0 0 0 0 0 0 0 0 0 0 0 0 0 0 0 25 0 0 0 0 46 0 0 0 0 0 0 0 0 0 0 0 0 0 0 0 0 0 0 0 0 0 0 0 0 0 0 0
456 AGA 67 0 0 0 0 0 0 0 280336 3 15 3 7 0 0 0 0 0 0 0 0 0 0 0 48 0 0 0 0 0 0 0 0 0 0 0 0 0 0 0 18 0 0 0 0 0 0 0 0 0 0 0 0 0 0 0 0 0 0 0 0 0 0 0
457 GAT 0 0 0 100 0 0 0 0 0 0 0 0 0 0 0 37 0 0 0 2 0 0 0 0 0 0 0 0 0 0 0 0 1 0 0 281482 0 0 0 0 0 0 0 6 0 0 0 0 0 0 0 0 0 0 0 0 0 0 0 0 0 0 0 0
458 GGT 0 0 0 0 0 0 0 38 0 0 0 20 0 0 0 0 0 47 0 0 0 0 0 0 0 0 0 8 0 0 0 0 0 0 0 62 0 0 0 0 57 43 0 281527 0 0 0 30 0 0 0 0 0 0 0 0 0 0 0 3 0 0 0 0
459 GGG 0 0 0 0 0 0 0 0 0 0 74 0 0 0 0 0 0 0 0 0 0 0 0 0 0 0 0 0 0 0 0 0 0 0 78 0 0 0 0 0 69 0 280367 0 0 0 4 0 0 0 0 0 0 0 0 0 0 0 3 0 0 0 0 0
460 AGT 0 0 0 123 0 0 59 0 54 107 0 281934 0 0 0 48 0 25 0 0 0 38 0 0 0 0 0 0 0 0 0 0 0 0 0 0 13 0 0 42 0 0 0 43 0 0 0 0 0 0 0 0 0 0 0 0 0 0 0 3 39 0 0 0
461 AAT 121 39 0 282470 0 0 0 0 0 0 0 2 0 0 0 0 0 0 0 0 0 0 0 49 0 0 0 0 0 0 0 0 0 0 0 64 0 0 0 0 0 0 0 0 0 0 0 0 0 0 0 0 0 0 0 0 0 0 0 0 0 0 0 0
462 AAG 4 0 282053 0 0 0 4 0 0 0 11 0 0 0 1 0 0 0 0 113 0 0 0 0 0 0 0 0 0 0 0 0 0 0 118 0 0 0 0 0 0 0 0 0 0 0 0 0 0 0 0 0 0 0 0 0 0 0 0 0 0 0 0 0
463 AAT 33 2 0 282666 0 0 0 0 0 25 0 0 0 0 0 0 0 14 0 46 16 44 0 0 0 0 0 0 0 0 0 0 0 0 0 63 0 0 25 0 0 0 0 0 0 0 0 0 0 1 0 0 0 0 0 0 0 0 0 0 0 0 0 0
464 ACA 22 31 0 0 281515 0 123 2 12 0 0 0 138 0 0 0 0 0 0 0 0 0 0 0 0 45 0 0 48 0 0 0 0 0 0 0 17 0 0 0 0 48 0 0 0 82 0 19 0 1 0 0 0 47 0 61 0 0 55 0 0 0 0 0
465 AGT 0 0 0 3 0 0 0 0 0 4 0 282122 0 0 0 26 0 13 0 0 0 0 0 47 0 0 67 80 0 0 0 0 0 0 0 0 0 0 0 58 0 0 66 99 0 0 0 0 0 0 0 0 0 0 0 40 0 53 0 15 0 41 55 0
466 GAA 9 0 0 0 0 0 0 0 0 0 0 0 0 0 0 0 0 0 0 0 0 32 0 0 0 0 0 0 0 0 0 0 281558 0 45 51 0 0 0 0 9 0 0 0 0 0 0 0 0 0 0 0 0 0 0 0 0 0 0 0 0 0 0 0
467 ACC 2 86 0 0 68 281316 0 49 0 0 0 82 0 126 0 114 0 0 0 0 0 0 0 0 0 0 0 0 0 0 0 0 0 0 0 0 0 1 0 0 0 0 0 0 0 0 59 0 0 0 0 0 0 0 0 44 0 0 0 0 0 0 0 0
468 TTC 0 0 0 0 0 0 0 0 0 0 0 0 0 4 0 0 18 0 0 0 0 0 0 0 0 0 0 0 0 35 50 0 0 0 0 0 0 0 0 0 47 0 0 0 30 7 0 0 0 46 0 0 0 30 0 0 0 0 0 0 0 281792 1 156
469 AGA 0 0 0 28 0 0 43 0 282400 0 18 0 0 0 0 0 0 0 0 0 0 0 0 0 40 0 0 0 0 0 0 0 0 0 0 0 0 0 0 0 142 0 0 0 0 0 0 0 0 0 0 0 0 0 0 0 1 0 0 0 0 0 0 0
470 CCT 0 0 0 0 0 0 0 1 0 0 0 0 0 0 0 0 0 0 0 8 48 153 1 280899 0 0 0 0 0 0 0 59 0 0 0 0 0 0 0 1 0 0 0 0 0 0 0 0 0 0 0 0 0 0 0 56 0 0 0 0 0 0 0 0
471 GGA 0 0 0 0 0 0 0 0 0 0 0 0 11 0 0 0 0 0 0 0 0 0 0 0 0 39 0 0 98 37 0 0 51 0 0 0 28 73 49 45 281474 1 130 8 54 0 0 0 0 0 0 0 0 0 0 0 7 0 0 0 0 36 51 0
472 GGA 0 0 0 0 0 52 0 0 11 0 0 0 0 0 0 0 0 0 0 0 38 0 0 0 1 0 0 0 0 0 0 0 67 0 0 0 0 0 0 0 283141 2 78 0 1 0 0 0 0 0 0 0 0 0 0 0 6 0 0 0 0 0 0 0
473 GGA 0 0 0 0 0 0 0 0 67 0 0 0 0 0 0 0 0 0 0 0 0 0 0 0 0 0 0 0 0 0 0 0 2 0 0 0 0 0 0 0 282941 41 167 5 3 0 0 0 0 0 0 0 0 0 0 0 56 0 0 0 0 0 0 0
474 GAT 0 0 0 56 0 0 0 0 0 0 0 0 0 0 0 0 0 0 0 1 0 0 0 0 0 0 0 0 0 0 0 0 2 3 43 283185 0 0 0 0 0 0 0 0 0 0 0 0 0 0 0 17 0 0 0 0 0 0 0 0 0 0 0 0
475 ATG 0 0 0 0 0 0 6 0 0 0 0 0 2 54 283036 106 0 0 0 0 0 0 0 0 0 0 0 0 0 0 0 46 0 0 0 0 0 0 0 0 0 0 0 0 0 0 9 3 0 0 0 0 0 0 0 0 0 0 0 0 0 0 0 0
476 AGG 60 0 100 0 55 0 0 0 190 1 281636 7 0 0 50 0 0 0 0 0 0 0 0 0 0 12 47 0 0 0 0 0 0 0 0 0 0 0 0 0 0 0 79 0 0 0 0 0 0 0 0 0 0 0 0 0 0 0 3 0 0 0 0 69
477 GAC 0 43 0 0 0 30 49 0 38 0 0 0 0 0 0 0 0 0 0 0 0 29 0 0 0 0 0 0 0 0 0 0 0 282898 2 49 0 0 0 0 0 66 0 0 0 0 0 0 0 0 0 0 0 0 0 0 0 0 0 0 0 0 0 0
478 AAT 2 104 0 282528 0 0 0 0 0 0 0 50 0 0 0 19 0 0 0 0 0 0 0 0 0 0 0 0 0 0 0 0 0 0 0 26 0 0 0 0 0 0 0 0 0 0 0 0 0 0 0 0 0 0 0 0 0 0 0 54 112 0 0 0
479 TGG 0 0 0 0 0 0 0 0 0 0 51 0 0 0 0 0 0 0 0 0 0 0 0 0 0 0 64 0 0 55 56 0 0 0 0 0 0 0 0 0 0 0 1 50 0 0 0 0 0 0 30 0 0 0 1 0 12 1 281947 1 0 0 4 0
480 AGA 29 0 0 0 1 0 0 0 283255 0 3 1 47 0 0 0 0 0 0 0 0 0 0 0 0 0 0 30 0 0 0 0 0 0 0 0 0 0 0 0 40 27 0 0 0 0 0 0 0 0 0 0 0 0 0 0 4 0 38 0 0 0 0 0
481 AGT 0 0 0 10 0 0 0 49 0 5 0 361382 0 0 0 0 0 0 0 63 0 0 0 0 0 0 0 0 72 50 0 0 0 0 0 0 0 0 0 0 0 0 0 35 73 0 0 0 0 0 0 0 0 0 0 0 0 0 0 1 0 0 0 0
482 GAA 220 0 0 0 0 0 0 0 0 69 0 0 0 0 0 0 0 0 0 0 0 0 0 0 0 0 0 0 0 0 0 0 361523 0 7 53 0 0 0 0 5 0 0 0 0 0 0 0 1 0 0 0 0 0 0 0 0 0 0 0 0 0 0 0
483 TTA 0 0 0 0 0 0 0 0 0 0 0 0 131 0 0 0 0 0 0 0 0 0 0 0 0 0 0 0 1 0 0 0 0 0 0 0 0 0 0 0 0 0 0 0 0 0 0 0 0 0 0 0 8 0 0 0 0 0 65 0 361493 0 8 0
484 TAT 0 0 0 0 0 0 0 0 0 0 0 0 0 0 0 0 40 0 0 6 0 0 0 0 0 0 0 0 0 0 0 0 74 0 0 0 0 0 0 0 0 0 0 0 0 0 0 0 189 17 0 361510 0 0 0 0 0 0 56 15 0 0 0 0
485 AAG 145 0 361433 60 0 0 5 0 0 0 21 0 0 0 5 0 0 0 0 0 34 0 0 0 0 0 0 0 0 0 0 0 0 0 64 0 0 0 0 0 0 0 0 0 0 0 47 25 0 0 2 0 0 0 0 0 0 70 0 0 0 0 0 0
486 TAT 0 0 0 0 0 51 0 0 0 0 0 0 0 0 0 0 0 0 0 5 0 0 0 0 0 0 0 0 0 0 0 0 0 0 0 0 0 0 0 0 0 0 0 0 0 0 0 0 56 2 0 361700 0 0 0 0 0 0 0 2 0 0 18 0
487 AAA 361307 3 121 2 2 0 0 0 23 0 0 0 1 0 0 0 0 0 0 0 0 0 0 0 0 0 0 0 0 0 0 0 30 0 0 0 0 0 0 0 0 0 0 0 0 0 0 0 58 0 0 0 0 0 0 0 0 0 0 0 0 0 0 0
488 GTA 0 0 0 0 0 0 0 0 0 0 0 0 43 0 0 0 0 0 0 0 0 0 0 0 0 0 0 0 0 0 0 0 0 0 0 0 3 0 0 0 0 0 0 0 361487 0 7 0 0 0 0 0 0 0 0 0 0 0 0 0 0 0 0 0
489 GTA 0 0 0 0 0 0 0 0 0 0 0 0 217 0 0 0 0 71 0 0 0 0 0 0 0 0 0 0 1 0 0 0 72 0 0 0 16 0 0 0 0 0 0 0 361165 0 20 0 0 0 0 0 0 0 0 0 0 0 0 0 1 0 0 0
490 AAA 361299 0 1 0 0 0 0 0 1 0 0 0 0 0 0 0 78 0 0 0 0 0 0 0 46 11 0 0 0 0 0 0 2 0 0 0 0 0 0 0 0 0 0 0 0 0 0 82 0 0 0 0 0 57 0 0 0 0 0 69 0 0 0 0
491 ATT 0 0 0 17 0 57 0 54 0 0 0 0 1 12 0 361092 0 0 0 0 0 0 0 0 0 0 0 0 0 0 0 0 0 0 0 0 0 0 0 0 0 0 0 0 0 0 0 0 0 0 0 0 0 0 0 60 0 0 0 1 19 0 0 108
492 GAA 278 0 0 0 0 0 0 0 0 0 0 48 0 71 0 0 77 0 0 49 0 0 0 0 0 0 0 0 0 0 0 0 360857 1 165 0 0 0 0 0 56 0 0 0 2 0 0 0 2 0 0 0 0 0 32 0 0 0 0 24 0 0 56 0
493 CCA 0 0 0 0 0 0 0 0 0 0 0 0 0 0 0 0 67 0 0 0 361856 0 5 0 0 0 0 0 5 0 0 0 0 0 0 0 4 0 0 0 0 0 0 0 0 0 0 0 0 0 0 0 13 0 0 0 0 0 0 0 0 0 0 0
494 ATA 0 0 0 0 3 0 0 0 0 0 0 0 78046 1 31 1 0 0 0 0 0 0 0 0 0 0 0 0 0 0 0 0 0 0 0 0 0 0 0 0 0 0 0 0 0 0 0 0 0 0 0 0 0 0 0 0 0 0 0 0 0 0 0 0
495 GGA 0 0 0 0 0 0 0 0 13 0 0 0 0 0 0 0 0 0 0 0 0 0 0 0 0 0 0 0 0 0 0 0 3 0 0 0 0 0 0 0 78083 7 4 0 14 0 0 0 0 0 0 0 0 0 0 0 8 0 0 0 0 0 0 0
496 GTA 0 0 0 0 0 0 0 0 0 0 0 0 25 0 0 1 0 0 0 0 0 0 0 0 0 0 0 0 0 0 12 0 0 0 0 0 2 0 0 0 0 0 0 0 78226 8 19 0 0 0 0 0 0 0 0 0 0 0 10 0 1 0 0 0
497 GCA 14 0 0 0 29 0 0 0 0 0 0 0 0 0 0 0 10 0 6 0 0 0 8 0 0 0 0 0 0 0 0 0 0 0 0 0 78072 0 6 9 0 0 0 0 63 0 0 0 0 0 0 0 2 0 0 0 0 0 0 0 0 0 0 0
498 CCC 0 0 0 0 0 0 0 0 0 0 0 0 0 0 0 0 0 0 0 0 18 78025 14 32 0 0 0 0 0 23 0 0 0 0 0 0 0 0 0 0 0 0 0 0 0 0 0 0 0 0 0 0 0 3 0 0 0 0 0 0 0 0 0 0
499 ACC 0 7 0 0 1 77856 0 27 0 0 0 0 0 20 0 0 0 0 0 0 0 0 0 0 0 0 0 0 0 0 0 0 0 0 0 0 0 0 0 0 0 0 0 0 0 0 0 0 0 0 0 0 0 0 0 0 0 0 0 0 0 0 0 0
500 AGG 0 0 1 0 0 0 0 0 12 3 77646 1 9 0 3 0 0 0 0 0 0 0 0 0 0 0 17 0 14 0 0 0 0 0 0 0 0 0 0 0 0 0 92 0 0 0 0 0 0 0 0 0 12 0 0 0 0 0 0 0 0 0 0 0
501 GCA 0 0 0 0 65 0 0 0 0 0 0 9 0 0 0 0 0 0 0 0 11 0 0 0 0 0 0 0 0 0 0 0 4 0 0 0 77422 12 0 0 0 0 0 0 5 0 0 7 0 0 0 0 0 23 0 0 0 0 0 0 0 0 0 0
502 AAA 78043 1 7 0 0 0 0 0 3 0 0 0 0 0 0 0 42 0 0 0 0 0 0 0 0 0 0 0 0 0 0 0 2 0 0 0 0 0 0 0 0 0 0 0 0 0 0 0 0 0 0 0 0 0 0 0 0 0 0 0 0 0 0 0
503 AGA 20 0 0 0 0 0 0 0 78148 0 7 0 0 0 0 0 0 0 0 0 0 0 0 0 0 0 0 0 0 0 0 0 0 0 0 0 0 0 0 0 48 0 0 0 0 0 0 0 0 0 0 0 0 0 0 0 0 0 0 11 0 0 0 0
504 AGA 3 0 0 0 0 0 0 0 78210 0 16 0 2 0 0 0 0 15 0 0 18 0 0 0 1 0 0 0 0 0 12 0 0 0 0 0 0 0 0 0 3 0 0 0 14 0 0 17 0 0 0 0 0 0 0 0 1 0 0 0 0 0 0 0
505 GTG 0 0 0 0 0 11 0 0 0 0 0 0 0 0 2 3 0 0 0 0 0 0 0 0 0 0 0 0 0 0 0 0 0 0 0 0 0 0 0 0 0 0 0 0 4 0 75433 2 0 0 0 0 0 0 0 0 0 0 0 0 9 0 0 0
506 GTG 0 0 0 0 0 0 0 0 0 0 0 0 0 0 11 0 0 0 0 0 0 0 0 0 0 0 0 0 0 13 0 0 0 0 0 0 0 0 0 0 0 0 0 0 9 0 74684 4 0 0 0 0 0 0 0 0 0 0 0 0 0 0 0 0
507 GAG 0 0 36 0 0 0 0 0 0 0 0 0 0 0 0 0 0 0 0 0 0 0 0 0 0 0 0 0 13 0 0 0 1 0 76353 0 0 0 0 0 0 0 17 0 0 0 2 0 0 0 1 0 0 0 0 0 0 0 0 0 0 0 0 0
508 AGA 21 6 0 0 1 0 0 0 77652 0 5 0 0 0 12 0 0 0 0 0 0 0 0 0 1 0 0 0 0 0 0 0 0 0 0 0 0 0 0 0 6 0 0 0 0 0 0 0 0 0 0 0 0 0 0 0 0 0 0 0 0 0 0 0
509 GAA 46 0 0 0 0 12 0 0 6 0 0 0 0 0 0 0 0 0 0 12 0 0 0 0 0 0 0 0 0 0 0 0 77218 21 1 1 0 0 0 0 4 0 0 13 0 0 0 0 0 0 0 0 0 0 0 0 0 0 0 0 0 0 0 0
510 AAA 77902 1 7 0 0 0 0 0 0 0 0 0 0 0 0 0 0 0 0 0 0 0 0 0 0 9 0 0 0 0 0 0 3 18 0 0 0 16 14 0 0 0 0 0 0 0 0 0 0 0 0 0 0 0 0 0 0 0 0 0 0 0 0 0
511 AGA 12 0 0 0 0 0 0 0 76811 1 17 0 1 0 0 0 0 0 0 0 0 0 0 0 21 0 0 0 0 0 0 0 0 0 0 0 0 0 0 0 93 0 0 0 0 0 0 0 0 0 0 0 0 0 0 0 0 0 0 0 0 0 0 0
512 GCA 0 0 0 0 73 0 14 8 0 0 0 0 0 0 0 0 0 29 17 0 0 0 0 0 0 0 0 0 0 0 0 4 0 17 12 13 76571 0 4 0 12 0 0 0 88 0 7 7 0 9 0 13 12 0 0 0 0 0 19 0 0 0 0 0
513 GTT 0 0 0 0 0 8 10 0 0 0 0 0 0 0 0 2 0 0 0 0 8 6 0 30 0 0 0 0 0 0 0 0 0 0 0 0 0 0 0 0 17 0 7 9 0 6 0 64798 0 0 0 0 0 0 0 0 0 0 0 0 0 0 0 1
514 GGA 0 4 0 0 15 9 0 0 0 0 0 0 0 0 0 0 0 0 0 12 0 0 0 0 0 0 0 0 0 0 0 0 2 0 0 0 0 0 0 0 77439 0 24 0 0 0 0 0 0 0 0 0 0 12 0 0 5 0 0 0 0 4 0 0
515 ATA 0 0 0 0 1 13 13 0 0 0 0 0 76621 1 16 1 0 0 0 0 0 0 0 0 0 0 0 0 0 0 0 0 0 0 0 0 0 0 0 0 0 0 0 0 0 0 0 0 0 0 0 0 0 0 0 0 0 0 0 0 0 0 14 5
516 GGA 0 0 0 0 0 0 0 0 7 0 0 0 0 0 0 0 0 0 0 0 0 0 0 0 0 0 0 0 0 0 0 0 16 0 0 0 12 0 0 0 75568 0 2 1 0 0 0 0 0 0 0 0 0 0 0 0 3 0 0 0 0 0 0 0
517 GCT 0 0 0 0 0 0 0 43 0 0 0 0 0 0 0 0 0 0 0 0 0 0 0 0 0 0 0 0 0 0 0 0 0 0 0 0 0 5 0 69776 0 0 0 0 0 0 0 2 0 0 0 0 0 0 0 0 0 0 0 0 0 0 0 0
518 GTC 0 0 0 0 0 0 0 0 0 0 0 0 0 4 0 0 0 0 0 0 0 0 0 0 0 0 0 0 0 0 0 0 0 1 0 0 0 10 0 0 0 14 16 9 8 70883 0 0 0 0 0 0 0 0 0 0 0 0 0 5 0 0 0 0
519 TTC 0 0 0 0 0 2 0 0 0 0 0 0 0 9 0 0 0 0 0 0 0 0 0 0 0 0 0 0 0 16 0 0 0 0 0 6 0 0 0 0 0 0 0 0 10 0 0 0 0 0 0 0 0 2 0 0 0 0 0 0 4 63922 0 0
520 ATT 0 0 0 0 0 0 0 12 0 0 0 0 0 2 0 73616 0 0 0 0 0 0 0 0 0 0 0 0 0 0 0 0 0 0 0 0 0 0 0 0 14 0 0 0 0 0 0 17 0 0 0 0 0 16 0 0 0 0 5 0 0 0 0 1
521 GGG 0 0 0 0 0 0 0 0 0 0 2 0 0 0 0 0 8 0 0 0 0 0 0 0 0 0 0 0 9 0 0 0 0 0 1 0 0 0 0 0 14 0 68992 8 0 0 0 0 0 0 0 0 0 0 0 0 0 0 10 0 0 0 0 0
522 TTC 0 0 0 0 0 0 0 0 0 0 0 0 0 0 0 0 0 0 0 0 0 0 0 0 0 0 0 0 0 0 0 0 0 0 0 0 0 0 0 0 0 0 0 0 0 0 0 0 0 0 0 0 0 0 0 0 0 0 0 0 13 59925 0 3
523 TTA 0 0 0 0 0 0 0 0 0 0 0 0 2 0 0 0 0 0 0 0 0 0 0 0 0 0 0 0 26 0 0 0 0 0 0 0 0 0 0 0 0 0 0 0 0 0 0 0 0 0 0 0 1 0 0 0 0 0 0 0 71425 1 16 0
524 GGA 0 0 0 0 9 0 0 0 0 0 0 0 0 0 0 0 0 0 0 0 0 0 8 0 0 0 6 0 0 0 0 0 1 0 0 0 11 8 0 0 68434 0 6 17 1 0 0 0 0 0 0 0 35 0 0 0 16 0 0 0 0 0 0 0
525 GCA 0 0 0 0 19 0 0 0 0 0 0 0 0 0 0 0 0 0 0 0 0 0 0 0 0 0 0 0 0 0 0 0 0 0 0 0 75121 0 8 0 0 0 0 10 33 0 0 0 0 0 0 0 0 12 0 12 0 0 0 0 0 0 0 0
526 GCA 0 0 0 0 29 0 0 0 0 0 0 0 0 0 0 0 0 0 0 0 0 0 0 0 0 0 0 0 0 0 0 0 0 0 0 0 73367 1 27 0 14 0 0 0 18 0 0 0 0 0 0 0 0 4 0 0 0 0 0 0 0 0 0 0
527 GGA 0 0 0 0 0 0 0 0 14 0 0 0 0 0 0 0 0 0 0 0 0 0 0 0 0 0 0 0 0 0 0 0 1 0 0 0 0 0 0 0 65379 0 10 0 0 0 0 0 0 0 0 0 0 0 9 0 0 0 0 0 0 0 0 0
528 AGC 0 7 0 0 0 0 0 0 15 65402 0 22 0 0 0 0 0 0 0 0 0 0 0 0 0 0 0 0 0 0 9 0 0 0 0 0 0 0 0 0 0 1 0 0 0 0 0 0 0 0 0 0 0 0 0 0 0 0 0 0 0 0 0 0
529 ACT 0 0 0 2 0 19 0 63247 0 0 0 0 0 0 0 3 0 0 0 0 0 0 0 0 0 0 0 0 0 0 0 0 0 0 0 0 0 0 0 1 0 0 0 0 0 0 0 0 0 0 0 0 0 0 0 0 0 0 0 0 0 0 0 0
530 ATG 0 0 0 0 0 0 13 0 0 0 12 0 20 0 58546 1 0 0 0 0 0 0 0 0 0 0 0 0 0 0 0 0 0 0 0 0 0 0 16 0 0 0 0 0 0 0 1 0 0 0 0 0 0 0 0 0 0 0 0 0 0 0 0 0
531 GGC 0 0 0 0 0 0 0 0 0 22 0 0 0 0 0 0 0 0 0 0 0 0 0 0 0 2 0 0 0 0 0 0 0 8 0 0 0 0 0 0 0 52235 0 27 0 0 0 0 0 0 0 0 0 0 0 0 0 5 0 0 0 0 0 0
532 GCG 0 0 0 0 0 0 24 0 0 0 0 0 0 0 0 0 0 0 0 0 0 0 2 0 0 0 0 0 0 0 0 0 0 0 0 0 42 0 72205 3 0 0 0 0 0 0 33 0 0 0 0 0 0 0 1 0 0 0 0 0 0 0 0 0
533 GCG 0 0 0 0 0 0 21 0 0 0 0 0 0 0 0 0 0 0 0 0 0 0 0 0 0 0 0 0 0 0 0 0 0 0 2 0 62 0 55648 0 0 0 0 0 0 0 19 0 0 0 0 0 0 0 0 0 0 0 0 0 0 0 0 0
534 TCA 0 0 0 0 1 0 0 0 0 0 0 0 0 0 0 0 0 0 0 0 12 0 0 0 0 0 0 0 0 0 5 0 0 0 0 0 0 0 0 0 0 0 0 0 0 0 18 0 0 0 0 0 68375 2 60 40 0 0 0 0 11 0 0 0
535 GTA 0 0 0 0 0 0 0 0 0 0 0 3 17 0 0 0 0 0 0 0 11 0 0 0 0 0 0 0 5 0 0 0 0 0 0 0 4 0 0 0 0 0 0 0 65681 0 3 0 0 0 0 9 0 0 0 0 0 0 0 0 0 0 0 12
536 ACG 0 0 0 0 20 0 51404 0 0 3 0 0 0 0 5 0 0 0 0 0 0 0 0 0 0 0 0 0 0 0 0 0 0 0 0 0 0 0 27 0 0 0 0 0 0 0 0 0 0 0 0 0 0 0 0 0 0 0 0 0 0 0 0 0
537 CTG 0 0 0 0 0 0 0 0 0 0 0 0 0 0 0 0 0 0 0 0 0 0 8 0 0 0 0 0 13 0 54485 0 0 0 0 0 0 0 4 0 0 0 0 0 0 0 0 0 0 0 0 0 0 0 0 0 0 0 0 0 0 0 16 0
538 ACG 0 0 0 0 2 0 44168 0 0 0 0 0 0 0 49 0 0 0 0 0 0 0 0 0 0 0 0 0 0 0 0 0 0 0 0 0 0 0 1 0 0 0 0 0 0 0 0 0 0 0 0 0 0 0 0 0 0 0 0 0 0 0 0 0
539 GTA 0 0 0 0 0 0 0 0 0 0 0 0 17 0 0 0 0 0 2 0 0 0 0 0 0 0 0 0 0 0 0 0 0 0 0 0 1 0 0 0 0 0 0 0 55231 0 2 0 0 0 0 0 0 0 0 0 0 0 0 0 0 0 0 0
540 CAG 0 0 0 0 0 0 0 0 0 0 0 0 0 0 0 0 13 0 43051 1 0 0 0 0 0 0 33 0 0 0 1 0 0 0 0 0 0 0 0 0 0 0 0 0 0 0 0 0 1 0 18 0 0 0 0 0 0 0 0 0 0 0 0 0
541 GCC 0 0 0 0 0 22 0 0 0 0 0 0 0 0 0 0 0 0 0 0 0 0 0 0 0 0 0 0 0 0 0 0 0 0 0 0 0 53356 0 18 0 0 0 0 0 14 0 0 0 0 0 0 0 0 0 0 0 0 0 0 0 0 0 0
542 AGA 1 0 0 0 0 0 0 0 69604 0 3 0 0 0 0 0 0 0 0 0 0 0 0 0 0 0 0 0 0 0 0 0 0 0 0 0 0 0 0 0 0 0 0 0 0 0 0 0 0 0 0 0 0 0 0 0 0 0 0 0 0 0 0 0
543 CAA 0 0 0 0 0 0 0 0 0 0 0 0 0 0 10 0 49324 0 0 0 0 0 0 0 0 0 1 0 0 0 0 0 0 0 0 0 0 0 0 0 0 0 0 0 0 0 0 0 14 0 0 0 0 0 0 0 0 0 0 0 0 0 0 0
544 TTA 0 0 0 0 0 0 0 0 0 0 0 0 0 0 0 0 0 0 0 0 0 0 0 0 0 0 0 0 2 0 0 0 0 0 0 0 0 0 0 0 0 0 0 0 0 0 0 0 11 3 0 0 14 0 0 0 0 0 0 0 57712 0 2 0
545 TTG 0 0 0 0 0 0 0 0 0 0 2 0 0 0 0 0 0 0 0 0 0 0 0 0 0 0 0 0 0 0 13 0 0 0 0 0 0 0 0 0 0 0 0 0 0 0 0 0 0 0 0 0 0 0 7 0 0 0 0 0 27 0 61382 0
546 TCT 0 0 0 0 0 0 0 0 0 0 0 0 0 0 0 0 0 0 0 0 1 0 0 0 0 0 0 0 0 0 0 0 0 0 0 0 0 0 0 0 0 0 0 0 0 0 0 0 0 0 0 0 0 2 0 41234 0 0 0 0 0 0 0 0
547 GGT 0 0 0 0 0 0 0 0 0 0 0 9 0 0 0 0 0 0 0 0 0 0 0 0 0 0 0 0 0 0 0 0 0 0 0 32 0 0 0 0 0 2 0 58267 0 0 0 0 0 0 0 0 0 0 0 0 0 0 0 0 0 0 0 0
548 ATA 0 0 0 0 10 0 0 0 0 0 0 0 73762 0 6 0 0 0 0 0 0 0 0 0 0 0 0 0 0 0 0 0 0 0 0 0 0 0 0 0 0 0 0 0 19 0 0 0 0 0 0 0 0 0 0 0 0 0 0 0 0 0 0 0
549 GTG 0 0 0 0 0 0 0 0 0 0 0 0 0 0 2 0 0 0 0 0 0 0 0 0 0 0 0 0 0 0 0 0 0 0 0 0 0 0 8 0 0 0 0 0 29 0 70253 0 0 0 0 0 0 0 0 0 0 0 0 0 0 0 0 0
550 CAA 0 0 0 0 0 0 0 0 0 0 0 0 0 0 0 0 75913 0 7 1 0 0 0 0 3 0 0 0 0 0 0 0 0 0 0 0 0 0 0 0 0 0 0 0 0 0 0 0 15 0 0 0 0 0 0 0 0 0 0 0 0 0 0 0
551 CAG 0 0 0 0 0 12 0 0 0 0 0 0 8 0 0 0 15 0 73654 0 0 0 0 0 0 0 11 0 0 0 0 0 0 0 0 13 0 0 0 0 0 0 0 0 0 0 0 0 0 0 14 0 0 0 0 0 0 0 0 0 0 0 0 0
552 CAA 0 0 0 0 0 0 0 0 0 0 0 0 0 0 0 0 71880 0 0 0 0 0 0 0 0 0 0 0 0 0 0 0 0 0 0 0 0 0 0 0 0 0 0 0 0 0 0 0 12 0 0 0 0 0 0 0 0 0 0 0 0 0 0 0
553 AGC 0 36 0 0 0 0 0 0 12 72861 0 57 0 0 0 0 0 0 0 0 0 0 0 0 0 2 0 0 0 0 0 0 0 0 0 0 0 0 0 0 0 17 0 0 0 13 0 0 0 1 0 0 0 0 0 0 0 0 0 0 0 0 0 0
554 AAT 0 18 0 75511 0 0 0 0 0 0 0 0 0 0 0 1 0 0 0 0 0 0 0 0 0 0 0 0 0 0 0 0 0 0 0 0 0 0 0 0 0 0 0 0 0 0 15 0 0 0 0 0 3 0 0 0 0 0 0 0 0 0 0 0
555 TTG 0 0 0 0 0 0 0 0 0 0 0 0 0 0 3 0 0 0 0 0 0 0 0 0 0 0 0 0 0 0 0 0 0 0 0 0 0 0 0 0 0 0 0 0 0 0 0 0 0 0 0 0 0 0 0 0 0 0 9 0 6 0 75477 0
556 CTG 0 0 0 0 0 0 0 0 0 0 0 0 0 0 18 0 0 0 1 0 0 0 11 0 0 0 0 21 4 0 76566 0 0 0 0 0 0 0 0 0 0 0 0 0 0 0 0 0 0 0 0 0 0 0 0 0 0 0 0 0 0 0 25 0
557 AGG 0 0 59 9 0 0 0 0 8 0 77373 2 0 0 7 0 0 0 0 0 0 0 0 0 0 0 1 0 0 0 0 0 0 0 8 0 0 0 0 0 0 0 26 0 0 11 0 0 0 0 0 0 0 0 0 0 0 0 1 0 0 0 0 0
558 GCT 0 0 0 0 0 0 0 44 0 0 0 0 0 0 0 0 0 0 0 0 0 0 0 0 0 0 0 0 0 0 0 0 0 0 0 0 0 39 0 76633 0 0 0 0 0 0 0 6 0 0 0 0 11 0 0 0 0 0 0 0 0 0 0 0
559 ATA 0 0 0 0 20 0 0 0 0 0 0 0 77728 0 24 0 0 0 0 0 0 0 0 0 0 0 0 0 0 0 0 0 0 11 0 0 0 0 0 0 0 0 0 0 1 0 0 0 0 0 0 0 0 0 0 0 0 0 0 0 17 0 0 0
560 GAG 0 0 0 0 21 0 0 0 0 0 0 0 0 0 0 0 0 0 0 12 0 0 0 0 0 0 0 0 0 0 0 0 40 0 77883 4 0 0 0 0 0 0 22 0 0 0 28 0 0 14 4 0 0 0 0 0 0 0 0 0 0 0 0 0
561 GCT 0 0 0 0 0 0 0 30 0 0 0 0 0 0 1 0 0 0 0 0 0 0 0 0 0 0 0 0 0 0 0 0 0 0 0 0 0 17 1 75904 0 0 0 14 0 0 0 0 0 0 0 0 0 0 0 0 0 0 0 0 0 0 0 0
562 CAA 0 0 0 0 14 0 0 0 0 0 0 0 0 0 0 0 77966 0 20 0 0 0 0 0 26 0 0 0 0 0 0 0 0 0 0 0 0 0 0 0 0 0 0 0 0 0 0 0 10 0 0 0 0 0 0 0 0 0 0 0 0 0 0 0
563 CAG 9 0 0 0 0 0 11 0 0 0 0 0 0 0 0 0 81 0 77941 13 0 0 1 0 0 0 8 0 0 0 0 0 0 0 0 0 0 0 0 0 0 0 0 0 0 0 0 0 0 0 14 0 0 0 0 0 0 0 0 0 0 0 0 0
564 CAT 0 0 0 0 0 0 0 0 0 0 0 0 0 0 0 0 0 10 0 77736 0 0 0 0 0 0 0 0 0 0 0 1 0 0 0 0 0 0 0 0 0 0 0 0 0 0 0 0 0 0 0 64 0 0 0 0 0 0 0 0 0 0 0 0
565 CTG 0 0 6 0 0 0 0 0 0 0 0 0 0 0 0 0 0 0 1 0 0 11 37 0 0 0 2 0 15 1 77781 0 0 0 0 0 0 0 0 0 0 0 0 0 0 0 31 0 0 0 0 0 0 0 0 0 0 0 0 0 0 0 16 0
566 TTG 0 0 0 0 0 0 0 0 0 0 0 0 0 0 0 0 0 0 0 20 0 0 0 0 0 0 0 0 0 0 6 0 0 0 0 0 0 0 0 0 0 0 0 0 0 0 0 0 0 0 0 0 0 0 48 0 0 0 2 0 2 0 78040 0
567 AAA 78000 0 16 0 44 0 0 0 1 0 2 0 0 0 0 0 0 0 0 0 0 0 0 0 0 6 0 0 0 0 0 0 2 0 0 0 0 0 0 9 0 0 0 16 0 0 0 0 0 0 0 0 0 0 0 0 0 18 0 0 0 0 0 0
568 CTC 0 0 0 0 0 0 0 0 0 12 0 0 0 17 0 0 0 0 0 0 0 9 0 0 0 0 0 0 16 77373 12 13 0 0 0 0 0 0 0 12 0 0 0 0 0 0 0 0 0 0 0 0 0 0 0 0 0 0 0 0 0 1 0 0
569 ACG 0 0 0 0 50 0 77869 18 0 0 1 0 0 0 81 0 0 0 0 0 0 0 0 0 0 0 0 0 0 0 0 0 0 0 0 0 0 0 22 0 0 0 0 0 0 0 0 0 0 13 0 0 0 0 0 0 0 0 0 0 0 0 0 0
570 GTC 0 0 0 0 0 0 0 0 0 0 0 18 0 14 0 0 0 0 0 0 0 0 0 0 0 0 0 0 17 11 0 0 0 1 0 0 0 5 0 0 0 0 0 0 0 78230 0 1 0 0 0 0 0 0 0 0 0 0 0 0 0 0 0 0
571 TGG 0 0 0 0 0 0 0 0 0 0 2 0 0 0 0 0 0 0 0 0 0 0 0 0 0 0 39 0 0 0 0 0 0 0 0 0 0 0 0 0 0 0 2 0 0 0 0 0 0 0 16 0 0 0 0 0 5 0 78015 7 0 0 1 0
572 GGC 0 0 0 0 0 0 0 0 0 12 0 0 0 0 0 0 0 0 0 0 0 0 0 0 0 0 0 0 0 0 0 0 0 46 0 0 0 10 0 0 0 77900 2 32 0 0 0 0 0 0 0 0 0 0 0 0 0 0 0 0 0 0 0 0
573 ATT 0 0 0 0 0 0 9 16 0 0 0 0 0 15 0 78164 0 0 0 0 0 0 0 0 0 0 0 0 22 8 18 0 0 0 0 0 0 0 0 0 0 0 0 0 0 0 0 28 0 0 0 0 0 0 0 0 0 0 0 0 0 0 0 0
574 AAA 78071 0 2 0 0 0 0 0 1 0 0 0 0 0 0 0 0 0 0 0 0 0 0 0 0 0 0 0 0 0 0 0 7 0 0 0 0 0 0 0 0 0 0 0 0 0 0 0 0 0 0 0 0 0 0 0 0 0 0 0 0 0 0 0
575 CAG 0 0 1 0 0 0 0 9 11 0 0 0 0 0 0 0 57 0 78091 0 0 0 0 0 0 0 22 0 0 0 1 0 0 0 0 0 0 0 0 0 0 0 1 0 0 6 0 0 0 0 21 0 0 0 12 0 0 0 0 0 0 0 0 0
576 CTC 0 0 0 0 0 0 0 0 0 0 0 0 0 5 0 0 0 14 0 0 0 1 0 0 0 0 0 0 13 78093 0 4 0 0 0 0 0 0 0 0 0 0 0 0 0 0 0 0 0 0 0 0 0 0 0 0 0 0 0 0 0 2 0 0
577 CAG 0 0 20 0 0 0 0 0 0 0 0 0 0 0 0 0 2 18 78233 12 0 0 2 0 0 0 34 0 0 0 2 0 0 0 0 0 0 0 0 0 0 0 0 0 0 0 0 0 0 0 4 0 0 0 0 0 0 0 0 0 0 0 0 0
578 GCA 0 0 0 0 12 0 0 0 0 0 0 0 0 0 0 0 0 0 0 0 0 0 0 0 0 0 0 0 0 0 0 0 0 0 0 0 78210 0 2 0 10 0 0 0 14 0 0 0 0 0 0 0 0 0 16 0 0 0 0 0 0 0 0 0
579 AGA 10 0 0 0 0 0 0 0 78263 0 35 0 3 0 0 0 0 0 0 0 0 0 0 0 0 0 0 0 0 0 0 0 0 2 0 0 0 0 0 0 6 0 0 0 0 0 0 0 0 0 0 0 0 0 0 0 0 0 0 0 0 0 0 0
580 GTC 0 0 0 0 0 0 0 0 0 0 0 0 0 93 0 0 0 0 0 0 0 0 0 0 0 0 0 0 0 0 0 0 0 0 0 0 0 2 0 0 0 0 0 0 0 78040 0 0 0 0 0 0 0 0 0 0 0 0 0 0 0 0 0 0
581 CTA 0 0 0 0 0 14 0 12 0 0 0 0 1 0 0 0 0 0 0 0 0 0 0 0 0 0 0 0 78130 9 33 0 0 0 0 0 0 0 0 0 0 0 0 0 0 0 0 0 0 0 0 0 0 0 0 0 0 0 0 0 12 0 0 0
582 GCT 0 0 0 0 0 0 0 32 0 0 0 0 0 0 0 0 0 0 0 0 0 0 0 0 0 0 0 0 0 0 0 0 0 0 0 0 0 4 0 78257 0 0 0 0 0 0 0 2 0 0 0 0 0 0 0 0 0 0 0 0 0 0 0 0
583 GTG 0 0 0 0 0 0 0 0 0 0 0 0 0 0 27 0 0 0 0 0 0 0 0 0 0 0 0 0 0 0 0 0 0 0 0 0 0 0 3 0 0 0 0 0 3 0 78299 2 0 0 0 0 0 0 0 0 0 0 0 0 0 0 0 0
584 GAA 0 0 0 0 0 0 0 0 0 0 0 0 0 0 0 0 0 0 0 0 0 0 0 0 0 0 0 0 0 0 0 0 78239 0 21 1 0 0 0 0 9 0 0 0 0 0 0 0 0 0 0 0 0 0 0 0 0 0 0 0 0 0 0 0
585 AGA 3 0 0 0 0 0 0 15 78176 21 0 0 0 0 0 0 0 0 0 0 0 0 0 0 3 0 0 0 0 0 0 0 0 0 6 0 15 0 0 0 12 0 0 0 0 0 0 0 0 0 0 0 0 0 0 0 0 0 0 0 0 0 0 0
586 TAC 0 11 0 0 0 0 0 0 0 0 0 0 0 0 0 0 0 1 0 0 0 0 0 0 0 0 0 0 0 0 0 0 0 0 0 0 0 0 0 0 0 0 0 0 0 0 0 0 0 78186 0 12 0 0 0 0 0 38 15 0 0 0 0 0
587 CTA 0 0 0 0 0 0 0 0 0 0 0 0 2 0 0 0 0 0 0 0 11 0 0 0 0 0 0 0 78277 0 1 0 0 0 0 0 0 0 0 0 0 0 0 0 12 0 0 0 0 0 0 0 0 0 0 0 0 0 0 0 1 0 0 0
588 AAG 27 0 78294 3 0 0 0 0 0 0 36 0 0 0 28 0 0 0 0 0 0 0 0 0 0 0 0 0 0 0 0 0 0 0 4 0 0 0 0 0 0 0 0 0 0 0 0 0 0 9 0 0 0 0 0 0 0 0 0 0 0 0 0 6
589 GAT 0 0 0 30 0 0 0 0 0 0 0 0 0 0 8 0 0 0 0 0 0 0 0 0 0 0 0 0 0 0 0 0 15 13 16 78138 0 0 0 0 0 0 0 1 0 0 0 0 0 0 0 1 0 0 0 0 0 0 0 0 0 0 0 0
590 CAA 0 0 0 0 0 0 0 0 0 0 0 0 0 0 16 0 78212 3 3 0 0 0 0 0 35 0 0 0 15 0 0 0 15 0 0 0 0 0 0 9 0 0 0 0 0 0 0 0 0 0 0 0 0 0 0 0 0 0 0 0 0 0 0 0
591 CAG 0 0 1 0 0 0 0 0 0 0 0 0 0 0 0 0 38 16 78102 0 0 0 0 0 0 0 22 0 0 0 10 14 0 0 0 0 0 0 0 0 0 0 0 0 0 0 0 0 0 0 22 0 0 0 0 0 0 0 0 0 0 0 22 0
592 CTC 0 0 0 0 0 0 0 0 0 0 0 0 0 1 0 0 0 1 0 0 0 1 0 0 0 0 0 0 12 78110 0 0 0 0 0 0 0 0 0 0 0 0 0 0 0 0 0 0 0 0 0 0 0 0 0 0 0 0 0 0 0 14 0 0
593 CTA 0 0 0 0 0 0 0 0 0 0 0 0 0 0 0 0 0 0 0 0 33 0 0 0 2 0 0 0 78264 17 6 0 0 0 0 0 0 0 0 0 0 0 0 0 0 0 0 0 0 0 0 0 0 0 0 0 0 0 0 0 0 13 0 0
594 GGA 0 0 0 0 0 0 0 0 27 0 0 0 0 0 0 0 0 0 0 0 0 0 0 0 0 0 0 0 0 0 0 0 2 0 0 0 0 0 16 0 78345 0 0 7 0 0 0 0 0 0 0 0 0 0 0 0 1 0 0 0 0 0 0 9
595 ATT 0 0 0 0 0 0 0 0 0 0 0 0 7 16 0 78104 0 0 0 0 0 0 0 0 0 0 0 0 0 0 0 0 0 0 0 0 0 0 0 0 0 0 0 0 0 0 0 0 19 0 0 0 0 0 0 0 0 0 0 0 0 0 0 0
596 TGG 0 0 0 0 0 0 0 0 0 0 1 0 0 0 18 0 0 0 0 0 0 0 0 0 0 0 19 0 0 0 0 0 0 0 0 0 0 0 0 0 0 0 20 0 0 0 0 0 0 0 0 0 0 0 0 0 7 0 78227 12 0 0 2 15
597 GGC 0 0 0 0 0 0 0 0 0 16 0 0 0 0 0 0 0 0 0 0 0 0 0 0 0 0 8 0 0 0 0 0 0 36 0 0 0 0 0 0 0 78304 1 15 0 1 0 0 0 0 0 0 0 0 0 0 0 0 0 0 0 0 0 0
598 TGC 0 0 0 0 0 0 0 0 0 1 0 0 0 0 0 0 0 0 0 0 0 0 0 0 0 20 0 0 0 0 0 0 0 0 0 0 0 0 0 0 0 0 0 0 0 0 0 0 0 151 0 0 0 0 0 0 12 196607 0 16 0 0 0 0
599 TCT 0 0 0 0 0 0 0 39 0 0 0 0 0 0 0 0 0 0 0 0 0 0 0 21 0 0 0 0 0 0 0 0 0 0 0 0 0 0 0 1 0 0 0 0 0 0 0 0 0 0 0 35 5 114 4 172518 0 0 0 14 0 0 0 0
600 GGA 35 0 0 0 0 47 0 0 151 0 0 0 0 0 0 0 0 0 0 60 0 0 0 0 0 0 0 0 0 0 0 0 64 0 0 0 61 0 0 0 196287 0 57 1 2 0 0 0 0 0 0 0 0 0 0 0 0 0 0 0 0 0 0 0
601 AAA 196968 0 0 0 0 0 0 0 40 0 0 0 0 0 0 0 0 0 0 0 0 0 0 0 0 0 0 0 0 0 0 0 0 0 0 0 0 0 0 0 0 0 0 0 0 0 0 0 0 0 0 0 0 0 0 0 0 0 0 0 0 0 0 0
602 CTC 0 0 0 0 0 0 0 0 31 0 0 0 0 62 0 0 0 2 0 0 0 16 0 0 0 0 0 0 2 196501 0 2 0 0 0 0 0 0 0 0 0 0 0 0 0 0 0 0 0 0 0 0 0 0 0 0 0 0 0 0 0 24 0 0
603 ATC 0 0 0 0 0 36 0 1 0 0 0 0 0 196828 0 49 0 30 0 0 0 0 0 0 0 0 0 0 0 0 0 0 0 0 0 0 0 0 0 0 0 0 0 0 0 58 0 0 0 0 0 0 0 0 0 0 0 0 0 0 0 0 0 0
604 TGC 0 0 0 0 0 0 0 0 0 8 0 0 0 0 0 0 0 0 0 0 0 0 0 0 0 46 0 0 0 0 0 0 0 0 0 0 0 0 0 0 0 40 0 0 0 0 0 0 0 103 0 0 0 1 0 0 0 196641 0 112 0 1 0 0
605 ACC 0 0 0 0 2 196838 0 49 0 0 0 0 0 13 0 0 0 0 0 0 0 0 0 27 0 24 0 0 0 0 0 0 0 0 0 0 0 0 0 0 0 0 0 0 0 0 0 0 0 0 0 0 0 0 0 0 0 0 0 0 0 0 0 0
606 ACT 0 0 0 33 0 21 0 196463 0 0 0 2 0 0 0 3 0 0 0 0 0 0 0 0 0 0 0 0 0 0 0 0 0 0 0 0 0 0 0 2 0 0 0 0 0 0 0 0 0 0 0 0 0 0 0 0 0 0 0 0 0 0 0 0
607 AAT 0 3 0 196610 0 0 0 0 0 0 0 8 0 0 0 0 0 0 0 0 0 0 0 0 0 0 0 0 0 0 0 0 0 0 14 75 0 0 0 0 0 0 0 44 0 0 0 26 0 0 0 0 0 0 0 0 0 41 0 0 0 0 0 0
608 GTG 0 0 0 0 0 0 0 0 0 0 0 0 0 0 18 0 0 0 0 0 0 0 0 0 0 0 0 0 0 0 33 0 0 0 0 0 0 0 1 0 0 0 0 0 179 0 196558 1 0 0 0 0 0 0 0 0 0 0 0 0 0 0 0 0
609 CCC 0 0 0 0 0 0 0 0 0 0 0 0 0 0 0 0 0 3 0 0 3 196608 1 74 0 0 0 0 0 1 0 0 0 0 0 0 0 0 0 0 0 0 0 0 0 0 0 0 0 0 0 0 0 74 0 0 0 0 0 0 0 0 0 0
610 TGG 0 0 0 0 0 0 0 0 0 0 7 0 0 0 0 0 0 0 0 0 0 0 0 0 0 0 146 0 0 0 0 0 0 0 0 25 0 0 0 0 0 0 12 0 0 0 0 0 0 0 7 38 0 0 0 0 107 0 196527 0 0 0 0 0
611 AAC 85 194607 63 37 0 0 0 0 85 95 102 268 0 0 0 20 32 51 121 12 0 0 0 0 34 46 28 0 0 0 0 0 0 78 19 0 0 71 0 0 0 0 0 0 0 0 0 0 0 0 0 0 16 181 171 143 0 24 0 0 34 35 28 0
612 TCT 31 0 33 0 0 0 0 1 0 0 0 0 0 0 0 0 0 0 0 0 234 38 56 279 0 0 0 0 0 0 34 0 0 0 0 0 0 0 32 0 54 33 78 0 0 0 43 0 0 0 0 23 0 8 0 195889 0 0 0 0 0 0 0 0
613 AGT 113 97 0 352 0 0 80 1 499 40 196 191549 59 60 99 300 68 94 38 44 0 0 0 0 52 60 294 32 97 1 44 61 93 9 104 52 160 18 163 67 73 0 47 465 180 114 49 89 0 44 0 61 0 0 0 0 1 196 105 227 123 28 0 0
614 TGG 0 0 29 0 0 0 0 0 0 0 0 0 0 0 0 0 0 0 0 0 0 0 40 0 0 0 9 0 0 0 0 0 0 0 0 0 0 0 0 0 0 0 0 0 0 0 0 0 0 0 2 0 0 0 0 0 1 0 196886 1 0 0 3 0
615 AGT 0 0 0 46 0 0 0 0 0 90 0 195985 0 39 0 53 0 0 0 0 35 0 0 0 0 0 0 0 0 0 0 0 0 0 0 0 0 0 0 0 0 0 42 64 0 36 0 0 0 0 0 0 0 0 51 0 0 0 0 22 0 0 0 0
616 AAT 0 45 0 196607 0 0 0 0 0 0 0 36 0 0 0 0 0 27 0 0 0 34 0 0 0 0 0 0 0 0 0 0 0 0 0 2 0 0 0 0 0 0 0 0 0 0 0 0 0 0 0 0 0 0 0 0 0 0 0 0 0 0 0 0
617 AAA 196393 0 27 0 0 0 0 0 40 0 0 0 0 0 0 0 0 0 0 0 0 0 0 0 0 0 0 0 0 0 0 0 58 0 0 0 0 0 0 0 0 0 0 0 0 0 0 0 0 0 0 0 0 0 0 0 0 0 0 0 0 0 0 0
618 TCC 0 0 0 0 30 41 0 0 0 0 0 0 0 0 0 0 0 0 0 0 0 0 0 0 17 0 0 0 0 0 0 0 0 0 0 0 0 0 0 0 0 0 0 0 0 0 0 0 0 0 0 0 41 195715 0 1 0 0 0 0 31 21 0 0
619 CAG 0 0 3 0 0 0 0 0 0 0 0 31 0 0 38 0 0 1 196039 47 0 0 7 0 0 0 144 0 11 0 3 0 0 0 1 0 0 0 0 0 0 0 0 0 0 0 0 27 0 0 13 0 0 53 0 0 0 26 0 0 50 14 0 34
620 GAT 0 0 0 9 0 0 0 0 57 0 70 0 0 0 0 0 0 34 0 0 0 0 0 0 0 30 0 45 0 0 0 0 123 0 19 195269 0 0 0 18 38 0 0 21 25 0 0 38 0 0 0 1 0 0 0 34 0 0 0 56 0 49 0 36
621 GAG 0 0 42 0 37 42 26 0 0 0 37 26 0 0 0 0 0 0 0 0 0 0 0 0 0 0 0 0 0 0 36 0 128 16 194460 12 0 0 2 21 0 0 91 0 0 0 10 0 0 0 1 58 0 16 0 0 0 31 0 0 0 0 0 33
622 ATA 60 0 0 0 3 0 0 0 0 0 0 0 196216 28 13 27 0 0 0 0 0 0 0 0 0 0 0 0 0 0 0 0 0 0 0 0 0 0 23 0 0 0 0 0 3 0 0 0 16 0 0 0 0 0 0 0 0 0 0 0 30 0 0 0
623 TGG 0 0 0 0 0 0 0 0 0 0 0 0 0 0 0 0 0 0 0 0 0 0 0 0 0 0 9 0 0 0 0 0 0 0 0 0 0 0 0 0 0 0 0 26 0 0 0 0 0 0 23 0 0 0 0 0 79 1 196581 13 0 0 61 0
624 GGA 0 0 0 0 0 0 0 0 24 42 38 0 0 0 0 0 0 0 0 0 0 0 0 0 0 0 0 35 0 0 0 0 116 0 0 0 0 0 0 0 195946 0 4 0 0 0 0 0 0 0 0 0 0 0 0 0 8 0 0 0 0 0 0 39
625 AAC 0 196027 38 44 0 1 0 0 0 50 0 0 0 0 0 0 0 63 0 45 0 0 0 0 0 22 0 0 29 0 0 0 24 2 0 0 15 0 0 0 0 0 0 30 0 0 0 0 0 0 0 0 46 0 0 30 0 0 0 0 0 0 0 0
626 ATG 39 0 0 0 0 0 80 0 0 0 0 0 42 0 195703 22 0 0 0 0 0 0 0 0 0 0 0 0 11 0 86 0 0 0 0 0 0 0 0 0 0 35 0 0 0 0 34 44 0 0 0 0 0 0 0 0 0 0 0 0 0 0 0 0
627 ACC 0 1 0 0 1 195987 0 131 0 0 0 0 0 57 0 0 23 0 0 0 0 0 0 0 0 0 0 0 0 0 0 0 0 0 0 0 57 36 0 0 0 0 0 0 0 0 0 0 0 0 0 0 0 96 0 63 0 0 0 0 0 0 0 0
628 TGG 0 22 0 0 0 0 0 0 0 0 0 0 0 0 0 0 0 0 0 0 0 0 0 0 0 0 12 0 0 44 0 0 0 0 35 0 0 0 0 0 0 0 0 0 0 0 0 27 0 0 38 0 0 0 0 0 101 0 193669 0 0 0 0 0
629 CTG 17 0 0 0 0 0 0 0 0 0 74 0 0 13 0 0 0 0 1 0 0 0 23 21 0 41 0 0 442 0 192893 0 0 0 0 0 0 33 0 0 0 0 0 0 0 0 1 0 0 0 0 0 0 0 0 0 0 0 0 0 0 0 196 0
630 CAA 43 0 0 0 0 0 0 1 10 0 0 0 0 0 0 0 195434 0 85 0 0 0 0 0 7 0 0 0 0 0 0 0 0 0 31 0 0 0 0 50 0 0 12 0 0 0 0 0 134 0 0 0 0 0 0 0 0 0 0 0 0 0 0 0
631 TGG 0 0 0 0 0 0 0 0 0 0 52 0 0 0 0 0 0 0 0 0 0 0 0 0 0 0 6 40 0 0 0 0 0 0 0 0 0 0 0 0 0 0 0 0 0 0 0 0 0 0 73 20 0 0 0 0 71 0 194849 8 0 0 7 0
632 GAT 0 0 45 105 0 0 21 0 26 0 0 0 0 0 0 0 0 36 0 36 0 0 0 0 0 0 0 0 0 0 0 0 0 2 0 195294 0 0 12 1 0 0 0 46 0 0 0 0 0 42 0 1 0 0 0 102 0 0 0 0 0 0 0 0
633 AAA 195680 4 64 68 2 0 28 0 74 0 0 0 0 0 0 0 23 0 0 0 0 0 0 0 0 27 0 32 0 0 0 0 23 0 0 0 0 0 0 24 0 0 0 47 0 0 0 0 28 0 0 37 0 0 0 0 0 0 0 0 0 0 0 0
634 GAA 3 0 9 0 62 0 0 14 0 0 0 0 18 0 0 0 0 0 0 0 0 0 0 0 0 0 24 0 0 0 42 0 193334 0 1 0 43 0 0 81 6 0 16 0 103 0 74 61 3 0 0 14 0 0 115 0 0 37 0 0 0 0 0 0
635 GTT 0 0 0 0 0 0 0 0 0 0 0 0 0 34 33 24 0 0 0 0 27 0 0 0 0 0 0 0 0 0 0 0 0 0 0 0 0 0 0 1 0 0 0 0 0 18 29 193602 0 0 0 0 0 0 0 0 0 0 0 0 0 0 0 0
636 AGC 0 106 0 0 0 0 0 27 68 194461 0 233 0 32 0 0 0 0 0 0 0 0 0 0 0 0 0 54 0 0 0 0 0 0 0 28 0 0 0 0 20 50 0 18 0 0 0 0 0 0 0 0 0 0 0 0 0 0 32 33 0 0 0 36
637 AAT 146 2 0 195337 34 47 28 0 0 37 0 24 0 0 23 30 0 0 0 0 0 0 0 0 0 0 0 31 0 0 0 0 0 0 0 0 19 0 0 0 1 35 43 22 0 0 0 0 0 0 0 19 27 0 34 0 0 0 0 36 0 0 0 66
638 TAC 0 65 44 0 0 0 0 0 0 0 0 0 0 0 0 0 0 84 0 0 0 0 0 0 0 0 0 0 0 0 0 0 0 0 0 0 0 0 0 33 0 0 0 0 0 0 0 0 0 193410 0 25 0 0 29 0 0 42 0 28 0 0 0 0
639 ACA 176 0 37 0 194746 51 19 33 58 0 0 0 69 0 0 0 0 0 0 0 0 0 0 0 26 0 11 0 0 0 0 0 0 0 0 0 12 14 0 0 0 0 0 0 0 0 0 0 0 26 0 33 37 0 0 0 0 0 0 0 0 0 0 0
640 CAG 0 0 32 29 0 0 0 0 31 0 0 0 0 0 0 0 17 34 194883 0 0 0 6 13 0 0 134 0 0 0 0 0 0 0 26 0 0 0 0 0 0 0 0 0 0 0 0 0 0 0 23 0 0 0 0 0 0 0 0 0 0 0 0 0
641 ATA 88 0 0 0 23 0 0 0 30 0 0 0 192827 33 5 0 0 0 0 0 0 0 0 0 28 0 0 57 0 0 0 0 34 0 0 0 0 0 0 23 0 0 16 0 0 0 0 14 0 0 0 0 0 0 0 33 0 51 0 0 0 0 0 20
642 ATA 18 0 0 0 3 0 0 0 0 0 0 0 191517 38 34 23 0 0 0 0 0 0 0 0 0 0 0 0 0 0 0 0 0 0 0 0 0 0 0 22 0 0 0 0 1 0 0 0 0 0 0 0 0 0 0 0 0 0 0 0 0 0 0 0
643 TAT 0 0 0 0 0 0 0 0 0 0 0 0 0 0 0 0 0 0 0 28 0 0 0 0 0 0 0 0 0 0 0 0 0 0 0 0 0 0 0 0 0 0 0 0 0 0 0 0 34 33 0 189343 0 0 0 0 0 0 0 0 0 0 0 0
644 ACT 50 0 31 33 33 3 0 173702 49 0 0 1 0 0 0 88 0 0 0 0 31 0 0 0 82 0 0 26 0 0 0 2 0 0 59 52 0 0 0 42 0 0 23 0 0 0 0 23 0 0 0 0 29 0 0 2 0 0 0 0 0 0 0 0
645 CTA 65 0 36 0 0 0 0 0 14 0 28 0 29 0 0 0 0 0 25 0 13 0 0 0 17 91 80 54 184912 0 37 0 0 0 0 0 4 0 0 0 0 0 0 0 0 0 0 0 0 0 0 0 0 0 0 0 0 0 0 22 40 0 0 0
646 ATT 0 0 0 0 0 0 0 0 0 0 0 0 33 3 0 180984 0 0 0 0 0 0 0 0 0 0 0 0 36 0 0 0 0 0 0 0 0 0 0 0 0 0 0 0 0 24 0 3 0 0 0 0 0 0 0 0 0 0 0 0 0 0 1 0
647 GAA 43 0 3 0 0 8 0 0 0 0 0 16 0 0 26 27 0 28 63 0 0 0 32 0 0 0 0 0 83 0 18 53 179389 8 46 36 0 0 0 0 205 0 136 62 2 0 0 0 0 21 0 28 13 26 0 0 0 0 21 0 0 0 45 20
648 GAA 229 0 24 52 0 0 0 0 0 0 0 0 0 0 0 0 30 0 0 0 0 0 0 0 0 24 33 0 0 0 10 0 178525 0 0 0 0 0 17 0 42 0 0 0 64 0 22 0 0 29 0 0 0 0 0 0 0 0 33 0 41 28 27 0
649 TCG 0 0 0 21 0 0 0 0 0 0 0 0 0 0 0 0 0 0 0 0 0 0 1 0 0 1 0 0 40 0 0 0 0 0 0 0 0 0 0 0 0 0 0 0 0 0 0 0 0 0 0 0 177 7 141267 3 0 0 0 0 0 0 40 0
650 CAG 0 0 0 15 0 0 0 0 10 0 24 0 0 24 13 0 45 0 169196 33 0 0 3 0 0 0 69 0 0 0 4 0 0 0 0 0 0 0 1 62 0 0 0 0 0 0 0 0 0 0 21 0 0 0 0 38 0 0 0 0 0 0 0 75
651 AAC 0 183668 0 32 0 40 0 0 0 4 0 0 0 0 0 0 0 0 0 0 0 0 0 0 0 0 0 0 0 0 0 0 0 1 0 14 0 0 0 0 19 0 0 0 0 0 0 0 0 0 0 21 0 0 0 0 0 0 26 0 0 0 0 26
652 CAG 0 0 22 0 0 0 0 0 0 0 0 0 0 0 0 0 50 0 79953 14 0 0 0 0 0 0 2 0 13 0 0 0 0 0 0 0 1 0 0 0 0 0 0 0 0 0 7 0 0 0 22 0 0 0 0 0 0 0 0 0 0 0 0 0
653 CAA 24 0 0 0 0 0 0 16 0 0 0 14 0 15 0 0 114242 4 14 0 0 0 0 0 6 0 0 0 0 0 0 0 1 0 0 0 0 0 0 0 0 0 0 0 0 0 0 0 123 0 0 0 0 0 0 0 0 0 0 0 0 0 0 0
654 GAA 209 0 0 0 0 0 0 0 0 0 0 0 0 0 0 0 0 0 0 0 0 0 0 0 0 0 7 0 28 0 0 0 147346 7 32 0 0 0 0 7 6 0 0 0 0 0 0 0 24 0 0 0 0 0 0 0 0 0 0 0 0 0 10 0
655 AAA 173635 0 0 0 0 0 0 0 1 0 0 0 10 0 3 31 13 0 0 0 0 0 0 0 8 0 19 0 0 0 0 0 31 0 0 0 0 9 0 0 0 0 0 0 0 0 9 11 0 0 0 0 0 0 0 0 0 0 0 0 56 0 0 0
656 AAT 1 0 0 172562 0 0 16 6 0 0 0 30 21 0 0 10 14 0 0 0 0 0 0 0 0 0 10 14 0 0 0 0 0 0 0 10 0 0 0 0 0 0 11 0 0 0 0 0 0 0 0 1 0 9 14 0 0 0 0 6 0 0 0 0
657 GAA 122 21 0 0 0 10 0 0 0 0 0 0 0 0 0 0 0 0 1 0 0 0 0 0 0 0 0 0 0 0 0 65 178836 0 34 0 36 0 0 47 37 0 12 0 1 8 0 0 0 18 0 0 0 0 22 0 1 0 62 26 25 0 0 0
658 CAA 21 0 0 0 0 11 0 0 0 0 0 0 0 0 13 0 140340 2 8 1 0 0 0 0 5 0 0 0 0 0 0 0 0 0 0 0 0 0 13 0 0 0 0 0 0 0 0 0 7 0 0 0 0 0 31 0 0 0 28 0 34 14 0 39
659 GAC 17 31 0 0 0 33 0 0 0 0 0 0 0 0 29 0 0 0 1 0 0 0 0 0 0 0 0 0 18 0 0 0 5 152810 0 0 0 0 0 0 0 0 0 31 0 32 32 0 0 0 0 23 0 0 0 0 0 0 0 0 0 0 0 0
660 TTA 30 0 0 0 0 0 0 0 0 0 0 0 111 0 26 0 1 0 0 0 0 0 0 0 0 0 0 0 0 16 34 0 0 0 0 0 0 0 0 0 0 0 0 0 2 0 0 16 0 0 0 18 4 0 0 0 0 0 0 0 176968 0 2 0
661 TTA 0 25 0 8 0 0 0 0 0 0 0 0 29 0 0 0 0 0 0 0 0 0 0 0 0 0 0 0 40 0 0 0 1 0 0 0 0 0 0 25 0 0 0 0 0 0 0 0 1 0 27 53 0 0 0 0 0 0 0 0 181124 0 48 25
662 GCA 0 0 0 0 29 32 0 0 0 22 0 26 0 0 14 0 16 0 0 0 0 0 0 0 0 0 0 0 0 0 0 0 7 0 0 0 181722 0 1 0 28 0 0 0 71 0 0 24 0 0 0 0 16 0 0 28 0 37 0 0 0 0 0 27
663 TTG 0 0 0 37 0 0 0 0 0 0 0 0 0 0 31 0 4 0 0 0 0 0 0 0 0 0 0 0 0 0 23 0 0 0 0 0 0 0 0 0 0 0 0 0 0 0 0 0 0 0 0 0 0 0 12 0 0 0 23 0 26 30 161701 46
664 GAC 0 42 0 0 0 0 0 0 0 0 0 0 0 0 0 0 21 0 0 0 15 0 0 0 19 0 0 0 0 0 0 0 68 187769 32 11 0 58 0 0 0 143 61 0 0 0 0 0 0 1 0 0 16 0 0 0 0 0 32 0 0 0 0 0
665 AAG 30 0 192918 31 0 0 2 0 0 0 84 0 0 0 31 0 0 22 0 0 0 0 0 0 52 0 15 0 0 0 0 0 0 0 45 0 0 18 0 0 0 0 0 0 0 0 0 0 0 0 0 0 0 0 0 0 0 0 0 0 0 29 0 0
666 TGG 0 0 0 0 0 0 0 0 0 0 43 0 0 0 0 0 0 0 0 0 0 0 0 0 0 0 6 0 0 0 29 0 0 0 0 0 0 0 0 37 0 0 0 0 0 0 16 0 15 0 26 0 0 0 0 0 25 0 180508 27 0 17 34 0
667 GCA 0 0 0 0 71 0 0 0 0 0 23 0 0 0 35 0 0 0 0 0 0 0 0 0 0 0 0 0 0 0 0 0 0 0 0 0 146656 20 27 0 27 0 0 0 157 0 0 0 0 29 0 0 0 0 0 0 0 7 0 0 0 0 0 33
668 AGT 0 21 0 47 0 2 0 0 0 2 0 176840 0 0 43 0 21 0 0 0 0 0 0 0 0 0 0 1 0 0 0 0 0 0 0 0 0 0 0 0 0 14 0 25 34 0 0 0 0 20 0 0 0 0 0 23 0 0 0 0 0 0 0 0
669 CTG 0 0 0 0 0 0 0 0 0 0 0 0 0 0 41 0 0 0 7 22 0 0 44 0 0 0 2 0 55 0 168675 79 0 0 0 0 0 0 0 0 0 0 0 0 0 0 30 0 0 0 0 0 0 0 0 0 0 0 0 0 23 0 1 0
670 TGG 0 0 0 29 0 0 0 0 0 0 4 0 0 24 0 0 0 0 0 0 0 0 0 0 0 0 78 0 0 0 0 0 0 0 0 0 0 0 0 27 0 0 0 0 0 0 17 0 0 27 44 0 16 0 19 0 2 0 189829 1 33 28 28 0
671 AAT 0 0 0 195412 0 0 0 0 0 0 0 2 0 1 0 53 0 0 0 0 0 0 0 0 30 0 40 0 0 0 0 0 0 0 0 35 24 0 0 0 0 0 0 0 0 0 0 0 0 0 0 0 0 23 0 0 0 0 0 0 0 25 0 0
672 TGG 0 0 0 0 0 0 0 0 0 0 0 0 0 0 0 0 0 0 0 0 0 0 0 0 0 0 3 28 0 0 0 0 0 0 0 0 0 0 0 0 44 0 0 0 0 0 0 0 0 0 49 0 0 0 0 0 2 0 190529 0 0 0 2 0
673 TTT 0 0 0 0 0 0 0 0 0 0 0 36 0 0 0 0 0 0 0 0 0 0 0 0 0 0 0 0 0 0 0 1 0 0 0 0 0 0 0 0 0 0 0 0 0 0 40 36 0 0 0 0 0 0 0 1 0 0 0 0 0 2 0 194170
674 AAC 126 194296 2 68 0 0 0 0 13 62 0 1 0 0 24 0 0 29 0 0 0 0 0 0 33 0 0 0 0 0 0 0 0 54 0 0 0 61 0 0 0 31 21 0 0 0 0 0 0 0 0 0 0 0 0 0 0 0 0 0 0 0 0 0
675 ATC 0 0 0 0 0 14 0 0 0 0 0 33 0 193286 0 5 0 0 0 0 0 28 0 35 0 0 0 0 0 0 0 0 0 0 0 0 0 0 0 0 0 0 0 0 0 1 0 0 0 0 0 0 0 0 0 30 0 0 31 0 66 0 0 0
676 TCA 0 0 0 27 21 0 0 0 0 0 0 0 0 0 0 0 0 0 0 0 30 0 0 0 0 0 0 0 0 0 0 0 0 0 0 0 1 0 0 0 0 0 0 0 40 0 0 0 0 0 0 0 193722 34 93 1 1 0 0 0 1 0 0 0
677 CAA 26 44 27 0 0 0 0 0 29 0 0 0 0 0 0 0 195392 0 71 0 1 0 0 0 79 36 0 0 42 0 0 35 0 0 0 0 0 0 0 39 0 0 0 0 0 0 0 0 47 0 0 0 0 0 0 0 0 0 0 0 0 0 0 0
678 TGG 0 0 0 0 0 0 0 0 0 0 0 0 0 0 0 0 0 0 0 0 0 0 0 32 0 0 23 0 0 0 0 0 0 0 0 0 0 0 0 0 0 0 0 0 0 0 0 0 0 0 4 0 0 0 0 0 39 0 194355 1 0 0 4 0
679 CTG 0 0 0 0 0 0 0 0 0 0 0 0 0 0 0 0 0 0 1 0 0 0 14 0 0 0 1 0 54 22 182930 0 0 0 0 0 0 0 0 0 0 0 0 0 0 0 3 0 0 0 0 0 0 0 0 0 0 0 0 0 0 0 40 0
680 TGG 0 0 0 0 0 0 0 0 0 0 0 0 0 0 0 0 0 0 0 0 0 0 0 0 0 0 4 0 0 0 0 0 0 0 0 0 0 0 0 0 0 0 0 0 0 0 0 0 0 0 40 0 0 0 0 0 2 43 187446 0 0 25 6 0
681 TAT 0 0 0 0 0 8 0 0 0 0 0 0 0 0 0 0 0 0 0 19 0 0 0 0 0 0 0 0 0 0 0 0 0 0 0 0 0 0 0 0 0 0 0 0 0 0 0 0 0 29 0 196633 0 0 0 0 0 0 0 1 0 0 0 0
682 ATA 0 0 0 0 1 0 0 0 0 0 0 0 196700 0 7 0 0 0 0 0 0 0 0 0 0 0 0 0 29 0 0 0 0 0 0 0 0 0 0 0 0 0 0 0 1 0 0 0 0 62 0 0 0 0 0 0 0 0 0 0 0 36 0 0
683 AAG 33 0 196618 0 0 0 0 0 19 0 2 0 0 0 1 0 0 0 30 35 0 0 0 0 0 30 0 0 0 0 0 0 0 0 8 0 0 0 0 0 0 0 0 0 0 35 0 0 0 25 25 0 0 0 0 0 0 0 0 0 0 0 0 0
684 ATA 0 0 0 0 28 0 0 0 14 0 0 0 196385 0 40 0 0 0 0 0 0 0 0 0 0 0 0 0 37 0 0 0 0 0 0 0 0 0 0 0 0 0 0 0 0 0 0 0 0 0 0 0 0 0 0 0 0 0 0 0 0 0 82 21
685 TTT 0 0 0 0 0 0 0 0 0 0 0 26 0 0 0 32 0 0 0 0 0 0 0 0 0 0 0 0 0 0 0 0 0 0 0 0 0 0 0 0 0 0 0 8 0 0 0 0 0 0 0 1 0 0 0 47 0 0 0 0 71 9 0 196131
686 ATA 2 0 0 0 4 43 51 0 0 0 0 0 196315 0 28 1 0 0 0 0 0 43 0 0 0 0 0 0 0 0 0 40 32 0 37 0 0 0 0 0 0 0 0 32 35 0 0 34 0 0 0 0 0 0 0 0 0 0 0 0 0 0 2 0
687 ATA 0 0 0 0 63 0 40 0 0 0 0 0 196638 0 4 0 0 0 0 0 0 0 0 0 0 0 0 0 0 0 0 0 0 0 0 0 0 0 0 0 0 0 0 0 52 0 39 0 0 0 0 0 0 0 0 0 0 0 0 0 9 0 0 0
688 ATA 0 0 0 0 0 0 0 0 0 0 0 0 196490 44 59 0 0 0 0 0 0 16 0 0 0 0 0 0 0 0 24 0 0 0 0 0 0 0 0 46 29 0 25 0 5 0 0 0 0 0 0 0 0 30 0 0 0 0 0 0 0 0 29 0
689 GTA 0 0 0 0 0 0 0 0 0 0 0 0 70 0 0 0 0 0 0 0 0 0 0 0 0 0 0 0 0 0 0 0 0 0 0 0 3 0 0 0 0 0 0 0 196705 0 68 2 0 16 0 0 0 0 0 0 0 0 38 0 0 0 0 0
690 GGA 0 95 0 0 0 0 0 0 34 0 1 0 0 0 0 0 0 0 0 0 0 25 0 0 0 0 0 0 0 0 0 0 2 0 34 0 45 0 29 0 196078 0 169 2 1 0 0 0 0 0 29 0 0 0 0 0 5 0 0 0 14 0 0 0
691 GGC 0 0 0 31 0 0 0 0 0 3 0 0 0 0 0 0 0 0 0 0 30 0 0 0 0 0 0 0 0 0 0 0 0 81 0 0 0 1 0 0 0 195886 0 4 0 0 0 0 0 14 0 30 0 0 0 0 0 31 0 0 0 0 0 0
692 TTA 31 0 0 0 0 0 0 0 0 0 0 0 20 0 0 0 0 0 35 0 0 0 0 0 0 0 0 0 14 0 0 0 0 7 0 0 0 0 0 0 0 16 0 0 3 24 0 0 0 0 0 5 97 0 40 25 0 0 0 0 196261 0 8 0
693 ATA 0 0 0 0 0 0 0 0 0 0 5 0 196592 1 87 7 0 0 0 0 0 0 0 0 0 0 0 0 0 0 0 0 0 0 0 0 35 0 0 0 0 0 36 0 2 0 0 36 0 0 0 0 28 0 0 0 0 0 0 0 76 0 29 0
694 GGA 0 0 0 17 0 0 0 0 6 0 0 0 42 0 0 0 0 0 0 0 0 0 0 0 0 0 0 0 0 0 0 0 32 0 0 0 0 0 0 0 196170 0 0 0 14 0 41 25 0 0 0 0 0 0 0 0 40 0 29 50 0 0 0 32
695 TTA 0 0 29 0 0 0 0 33 0 0 0 0 1 0 0 0 0 0 0 0 0 0 0 33 0 0 0 0 0 27 0 0 0 0 0 0 0 0 0 34 0 0 0 0 0 0 0 0 0 0 0 0 1 0 0 0 0 0 0 0 196498 0 20 40
696 AGA 147 0 0 0 0 0 0 0 196421 0 0 1 2 0 0 0 0 0 0 0 0 19 0 0 0 0 0 0 0 0 0 0 0 0 0 15 0 0 34 0 12 13 0 0 0 0 0 0 0 36 0 0 0 0 0 0 0 0 0 0 0 0 30 0
697 ATA 0 0 0 0 0 0 0 0 0 0 0 0 196473 44 75 18 0 0 0 0 0 0 0 0 0 0 0 0 0 40 0 0 0 0 0 0 0 0 0 0 0 0 12 40 3 0 0 41 0 0 0 0 15 0 0 25 0 0 0 37 0 0 64 0
698 GTT 0 23 0 0 0 41 20 0 0 0 0 0 0 0 34 4 0 0 0 35 0 0 0 16 0 0 0 0 0 0 0 0 0 67 0 0 0 26 0 0 0 0 0 0 0 35 28 196466 0 0 0 0 0 0 0 0 0 0 0 25 14 53 0 0
699 TTT 0 0 0 33 0 3 0 0 0 0 0 27 0 0 0 0 0 0 0 0 0 0 0 0 10 33 0 0 0 39 0 81 0 0 0 0 0 0 0 28 0 34 15 0 0 0 0 0 0 0 0 25 0 0 0 1 0 0 0 0 73 0 0 196456
700 GCA 0 0 0 0 56 0 0 0 0 0 0 0 0 37 0 0 1 32 0 0 0 0 0 0 0 0 0 0 0 0 0 22 0 0 29 0 196261 0 37 1 0 0 0 0 257 0 0 18 0 0 0 0 22 0 0 0 0 0 0 0 0 0 0 0
701 GTG 0 0 0 0 0 0 43 0 0 39 0 33 0 0 32 0 0 0 0 0 32 0 0 0 0 0 0 0 0 0 0 0 0 0 1 0 0 0 0 0 27 0 0 0 284 33 196329 0 0 0 0 0 0 0 0 0 0 0 0 0 0 0 1 0
702 CTT 0 0 0 39 22 0 0 0 30 0 0 27 0 0 0 1 0 0 0 1 26 24 0 14 0 0 0 0 1 86 0 196571 0 43 0 0 0 0 0 0 0 0 0 0 0 0 0 14 0 0 0 34 0 0 25 0 0 0 0 0 0 0 0 108
