# POSITION WT AAA AAC AAG AAT ACA ACC ACG ACT AGA AGC AGG AGT ATA ATC ATG ATT CAA CAC CAG CAT CCA CCC CCG CCT CGA CGC CGG CGT CTA CTC CTG CTT GAA GAC GAG GAT GCA GCC GCG GCT GGA GGC GGG GGT GTA GTC GTG GTT TAA TAC TAG TAT TCA TCC TCG TCT TGA TGC TGG TGT TTA TTC TTG TTT
32 GGA 0 1 1 0 0 1 0 0 38 1 0 0 0 0 0 0 4 0 1 0 0 0 2 0 0 0 0 0 0 0 0 0 22 0 0 0 1 0 0 0 82940 0 3 8 0 0 1 0 0 0 0 0 0 0 0 0 2 0 0 0 0 0 0 0
33 AAC 12 83226 0 13 1 3 0 0 4 7 2 1 0 0 0 0 1 2 0 2 0 1 0 0 1 1 0 1 0 0 0 0 1 9 0 1 3 2 3 0 0 2 0 2 0 0 0 1 1 1 1 0 3 0 2 0 0 2 0 0 0 3 0 0
34 TTG 2 3 0 0 0 0 0 0 0 0 0 0 0 1 1 1 2 0 1 0 0 0 0 2 0 0 2 0 0 0 11 0 3 0 0 0 0 0 0 0 0 0 1 0 3 0 1 3 0 3 1 0 0 0 29 0 2 0 0 0 10 2 83183 2
35 TGG 0 0 0 0 1 0 0 0 0 2 0 0 3 0 0 4 0 0 0 0 0 0 0 0 0 0 1 0 0 0 0 0 0 0 0 0 0 0 2 0 1 0 2 0 0 0 0 0 1 1 9 3 0 0 2 0 8 0 83264 1 0 2 8 1
36 GTT 0 0 0 0 0 2 1 2 0 0 0 0 0 2 4 25 4 1 0 0 0 0 0 0 1 0 0 0 0 0 0 0 0 0 0 1 0 0 1 5 0 0 0 1 7 8 4 82343 0 0 0 0 0 0 1 0 0 0 0 2 1 0 0 5
37 ACT 0 0 0 6 9 10 3 83174 0 0 0 0 0 0 0 15 0 0 0 0 0 0 0 0 2 0 0 0 0 0 0 0 0 0 2 0 0 1 0 7 0 0 0 0 0 0 0 0 5 0 0 0 1 0 2 0 0 0 0 0 0 0 0 0
38 GTC 2 0 1 1 0 0 0 0 0 0 0 1 1 65 0 0 0 0 0 0 0 0 0 0 0 0 0 0 0 4 0 0 0 2 0 0 0 6 5 0 1 1 0 2 13 83011 3 21 0 0 1 0 0 0 0 4 0 0 0 0 0 4 1 0
39 TAC 0 2 0 2 0 0 0 0 0 1 0 0 0 0 0 0 1 13 0 0 0 2 0 2 1 0 0 1 0 3 0 0 0 2 0 1 0 1 2 0 0 0 0 2 0 8 0 0 5 83054 2 15 0 2 2 0 2 3 0 1 0 6 1 2
40 TAT 0 0 0 2 0 0 0 0 0 0 0 1 0 0 0 0 0 0 0 12 1 1 0 3 0 0 1 1 0 1 0 0 0 0 0 3 0 0 2 0 2 1 0 0 2 0 0 0 7 8 0 83261 0 0 0 1 1 0 0 1 2 0 1 2
41 GGG 0 0 0 0 0 0 0 0 0 1 11 0 0 0 0 2 0 0 0 0 0 1 7 0 0 0 1 0 0 2 0 2 0 0 6 0 3 1 0 1 22 0 82427 3 0 0 2 0 0 0 0 0 0 0 0 0 0 1 2 2 0 0 0 0
42 GTG 0 0 0 0 0 0 1 0 0 0 0 0 2 3 23 1 0 0 0 0 0 0 1 0 0 0 2 0 0 0 0 1 0 0 1 0 0 0 1 0 0 2 1 0 65 7 82136 3 1 0 0 0 0 0 0 0 0 1 0 0 0 3 4 2
43 CCT 0 2 4 0 0 0 0 3 0 0 0 0 0 0 0 0 1 2 0 9 17 73 9 82179 0 1 4 2 0 0 0 10 0 0 2 3 0 0 4 0 0 0 0 0 1 0 0 0 0 0 0 0 1 0 0 65 0 0 0 0 0 0 0 0
44 GTG 0 1 3 5 0 0 0 0 1 0 0 1 3 1 32 3 0 0 3 0 0 0 2 0 1 0 1 0 0 0 3 0 0 0 2 1 0 1 6 1 0 0 0 3 36 5 82345 13 0 0 3 0 0 0 1 2 2 0 0 1 0 0 3 0
45 TGG 1 0 0 2 1 0 0 0 1 0 7 0 0 0 0 2 0 0 0 0 0 0 0 3 0 0 4 0 0 0 0 0 0 0 0 0 0 0 0 1 0 0 3 2 1 0 1 0 0 3 17 3 0 0 0 0 5 0 83091 2 2 1 3 2
46 AAG 48 1 81625 18 0 0 4 0 2 2 41 0 1 0 10 0 2 0 1 2 0 0 0 0 3 2 0 2 0 0 0 1 1 0 18 0 0 0 0 0 0 0 1 1 2 0 1 0 0 0 3 0 0 2 0 1 0 0 1 0 0 0 0 0
47 GAC 2 13 0 0 2 0 0 1 0 1 0 0 0 0 0 0 0 0 1 0 1 0 2 0 0 0 1 0 0 0 0 0 2 82568 1 24 4 2 2 0 0 15 1 0 0 1 0 0 1 2 0 1 0 2 2 0 0 0 0 0 0 0 0 0
48 GCA 0 0 3 0 147 1 0 1 0 1 0 0 0 1 0 0 0 0 1 0 0 0 0 0 2 0 0 0 0 0 0 0 3 1 0 0 81994 1 27 4 0 1 2 0 33 0 0 3 0 0 1 0 3 2 2 2 0 2 1 0 0 0 0 1
49 GAG 3 3 14 0 0 0 3 3 0 2 1 1 0 1 2 0 5 0 6 0 0 0 3 0 0 0 0 0 1 1 1 0 14 1 82390 5 0 1 5 0 1 0 12 1 3 1 3 0 2 0 0 1 0 0 1 0 0 6 3 1 0 3 0 2
50 ACC 0 3 0 0 8 81864 0 18 0 0 0 0 2 9 0 2 0 0 0 0 4 2 0 0 1 0 0 0 0 0 0 0 0 0 0 2 0 7 0 3 0 0 0 0 0 1 1 1 1 1 0 1 0 3 0 0 0 1 0 0 0 0 0 0
51 ACT 1 2 0 3 1 9 2 81768 0 1 2 3 0 2 0 18 2 1 0 0 0 1 0 2 3 0 0 0 0 0 0 1 0 1 1 1 1 0 3 3 0 0 0 1 0 0 1 1 0 0 0 1 2 0 3 1 0 0 0 0 2 3 0 0
52 CTA 2 0 0 1 0 0 0 0 0 0 0 0 5 0 0 0 0 0 0 0 7 0 0 0 0 0 0 0 82794 1 3 2 0 0 0 1 0 0 0 0 0 0 0 0 0 0 0 0 0 0 0 0 0 0 0 0 0 0 0 0 12 0 0 0
53 TTC 0 0 0 0 0 0 0 0 1 0 0 0 0 2 0 0 0 0 0 0 0 0 0 0 0 0 0 0 0 4 0 0 1 0 0 0 0 0 0 0 2 0 0 0 0 3 0 0 0 5 0 0 0 0 0 0 0 0 0 0 4 83180 0 24
54 TGT 0 0 0 0 0 3 0 0 0 0 0 9 0 0 0 0 2 0 0 0 1 0 0 0 2 0 0 13 0 0 0 0 0 0 0 0 0 0 4 0 0 0 0 0 0 0 0 0 0 0 0 20 0 0 0 0 3 17 0 82147 0 0 0 0
55 GCA 0 0 0 0 82 1 2 0 0 0 0 0 0 0 1 1 0 0 0 0 0 1 0 0 0 0 0 0 0 0 2 0 0 2 0 0 82517 0 4 0 0 0 0 0 56 0 0 0 0 0 0 0 0 0 1 0 0 0 0 0 0 0 0 0
56 TCA 0 0 0 0 1 0 0 0 0 0 0 0 0 0 0 0 1 0 0 1 5 0 0 0 0 0 0 0 0 0 0 0 0 0 0 0 2 2 0 0 1 0 0 0 0 1 3 0 0 0 0 0 82710 2 46 5 0 3 0 2 10 0 0 0
57 GAT 0 0 0 9 0 0 0 0 0 0 0 0 0 0 0 0 0 0 0 0 0 0 0 0 0 0 0 0 0 0 0 0 0 2 1 82590 0 0 0 0 0 0 1 2 0 0 0 0 0 0 0 89 0 0 0 0 0 0 0 0 0 0 0 0
58 GCT 0 0 0 0 0 3 0 51 0 0 0 0 0 0 0 0 0 0 0 0 0 0 0 0 2 0 0 0 3 0 0 0 0 0 0 7 0 9 1 80611 0 0 0 0 0 0 0 16 0 1 0 0 0 0 0 1 0 0 0 0 0 0 1 0
59 AAA 82770 0 2 0 0 0 0 0 3 0 0 0 0 0 0 0 0 0 0 0 0 0 0 0 0 0 0 0 0 0 0 0 1 0 0 0 0 0 0 0 0 0 0 0 0 0 0 0 0 0 0 0 0 0 0 0 0 0 0 0 82 0 0 0
60 GCA 0 0 0 0 41 0 0 0 0 0 0 0 0 0 0 0 0 1 0 0 0 0 0 0 0 0 0 0 0 0 0 0 4 0 0 0 81424 2 2 0 0 0 0 1 31 0 0 0 0 0 0 0 3 0 1 0 0 0 0 0 0 1 0 0
61 TAT 0 0 0 0 0 0 0 0 0 0 0 0 0 0 0 0 0 0 0 9 0 0 2 0 0 0 2 0 0 0 0 0 0 0 0 0 0 0 0 0 0 0 1 0 0 0 0 0 6 6 2 82510 0 0 0 88 0 0 0 19 0 0 2 0
62 GAT 1 0 0 4 5 0 2 0 0 0 1 0 0 0 0 0 0 0 0 0 3 0 0 0 0 0 3 0 0 0 0 0 1 4 0 82048 0 1 1 2 0 1 0 4 0 0 0 0 0 0 0 6 0 0 1 0 0 0 1 0 0 1 0 0
63 GCA 0 3 1 0 45 2 0 0 4 0 0 0 0 0 0 0 4 0 0 0 1 1 0 2 2 1 0 0 0 0 0 0 2 7 0 0 81963 1 42 3 3 0 0 0 73 0 0 0 0 0 0 0 3 0 0 1 0 0 0 0 0 1 0 0
64 GAA 14 0 0 1 1 3 0 0 0 0 0 0 0 0 0 0 3 1 0 0 0 1 0 0 0 3 0 4 0 0 0 0 80919 0 7 2 1 0 0 0 2 0 0 0 0 0 0 0 4 4 0 0 1 2 1 0 0 0 0 0 0 0 0 2
65 GTG 1 4 0 0 2 0 2 0 1 0 0 2 0 4 15 0 0 0 0 0 1 3 0 0 0 0 0 1 0 0 0 0 0 0 1 0 0 1 6 0 0 0 0 0 72 1 74055 5 0 0 0 0 1 0 0 0 0 2 1 0 0 1 2 0
66 CAT 0 0 0 1 0 0 0 1 0 0 0 0 0 0 0 0 0 6 1 77743 1 0 0 0 0 0 0 1 2 2 0 5 0 0 0 0 3 0 0 0 1 0 1 0 0 0 1 0 0 1 0 38 0 0 0 0 0 0 0 0 2 0 0 0
67 AAT 3 4 0 81049 1 2 0 0 0 0 0 5 0 0 0 1 0 0 0 1 0 0 0 0 0 0 0 0 0 0 0 0 0 0 0 7 0 0 0 0 0 0 2 0 0 0 0 0 0 1 0 0 0 3 0 0 0 0 0 0 0 0 0 0
68 ATC 1 3 0 0 0 2 0 1 0 0 0 0 12 75253 0 10 0 1 0 0 0 0 0 0 0 1 0 0 0 2 0 2 0 0 0 0 0 0 0 0 0 2 0 0 0 0 0 0 1 4 0 0 0 0 0 0 0 0 0 0 1 2 0 0
69 TGG 0 0 0 0 0 0 0 0 0 0 4 0 0 0 0 0 0 1 0 0 0 0 0 0 0 0 2 0 0 1 0 0 0 0 0 0 0 0 0 2 0 0 1 0 0 0 0 0 0 0 3 0 2 0 0 0 18 0 71888 4 0 0 3 0
70 GCT 0 0 0 0 0 0 0 27 0 0 0 0 0 1 1 0 0 4 0 0 0 0 1 2 0 0 0 0 0 0 0 0 0 0 0 2 3 4 3 53614 0 0 1 0 0 0 0 13 1 0 0 0 0 0 0 1 0 0 0 0 0 0 0 0
71 ACA 4 0 0 0 80648 0 14 2 0 0 0 0 36 0 0 0 0 0 0 0 0 0 0 0 0 2 0 3 0 0 0 0 0 2 1 0 7 1 0 3 0 0 0 0 2 0 0 0 1 1 0 0 0 2 0 1 0 0 0 0 0 0 0 0
72 CAT 0 3 0 2 3 0 0 0 0 0 0 0 1 0 0 0 8 10 0 79966 0 0 0 0 0 0 0 6 0 0 0 0 0 0 0 1 0 0 0 0 0 0 0 0 0 0 0 0 2 1 0 23 0 0 0 0 0 1 0 0 0 0 0 0
73 GCC 0 2 0 1 1 24 2 0 1 0 0 0 0 0 0 0 0 0 0 0 0 1 0 1 0 0 0 0 0 1 0 0 0 4 0 0 14 50978 0 7 0 0 1 0 0 27 0 2 0 0 0 0 0 6 2 0 0 0 0 0 1 0 0 0
74 TGT 0 0 0 0 0 2 0 0 0 0 0 3 0 0 0 0 1 2 1 0 0 0 0 0 0 0 0 37 0 0 0 0 0 0 0 0 0 0 0 3 1 0 0 2 0 0 0 0 0 1 0 23 1 0 0 0 1 4 1 68237 0 4 0 0
75 GTA 0 0 0 0 2 0 0 0 0 0 0 0 35 0 0 0 1 0 0 0 0 0 0 0 0 0 0 0 3 0 2 1 2 2 0 1 11 0 0 1 4 0 0 0 77031 0 19 4 0 0 0 0 0 4 1 1 0 0 0 0 1 1 1 3
76 CCT 1 0 0 1 0 1 0 2 0 0 0 1 0 0 0 0 1 0 0 12 5 18 5 71627 0 0 0 1 2 0 1 5 0 0 0 1 0 1 2 1 0 0 0 0 0 0 1 0 1 0 0 0 0 0 0 21 2 0 0 0 0 0 0 3
77 ACA 2 1 0 3 73162 6 32 8 0 2 0 2 23 0 3 0 2 5 0 0 1 4 0 2 1 0 1 3 1 4 2 2 2 2 0 2 5 1 0 1 0 0 0 1 2 0 3 0 0 0 0 3 0 1 0 0 0 0 0 1 2 1 0 5
78 GAC 0 9 3 0 0 0 0 0 0 0 0 0 0 1 1 0 0 5 0 0 0 1 0 0 0 0 0 0 0 0 3 0 9 62987 4 12 0 0 0 0 0 6 0 0 0 5 0 0 0 2 0 0 0 0 0 0 0 0 0 0 0 0 0 0
79 CCC 0 3 0 0 0 18 0 0 0 0 2 0 1 0 0 0 3 12 0 0 23 40953 0 4 0 0 0 0 0 11 1 0 0 0 1 0 0 1 0 0 0 0 0 0 0 0 0 0 0 1 0 0 0 9 0 0 0 0 0 0 0 0 0 0
80 AAC 2 70539 0 23 0 14 0 1 0 7 0 2 3 0 2 1 1 1 2 0 0 0 0 0 0 0 1 1 0 0 2 0 2 11 0 0 0 3 0 1 1 0 1 0 0 0 0 0 1 6 0 0 2 0 0 2 0 1 0 0 1 0 1 3
81 CCA 1 4 2 0 7 2 0 0 0 2 0 0 1 0 1 0 14 17 1 7 74109 9 3 2 0 1 0 0 6 3 2 0 3 0 1 1 1 1 5 2 0 0 0 0 0 1 3 1 0 1 0 1 6 2 0 4 1 0 0 1 0 0 0 0
82 CAA 8 2 15 4 2 2 0 4 1 2 2 1 0 4 1 4 53961 4 6 2 3 6 0 1 9 1 1 0 1 2 0 7 2 0 0 8 3 1 0 1 0 0 0 1 1 0 1 0 5 0 0 0 3 0 3 1 0 0 0 0 1 1 0 0
83 GAA 4 0 0 0 0 0 0 0 1 0 0 0 0 0 0 0 0 0 0 0 0 0 0 0 0 0 0 0 0 0 0 0 37674 1 3 1 0 0 0 0 0 0 0 0 0 0 1 0 1 0 0 0 0 0 0 0 0 0 0 0 0 0 0 0
84 ATA 3 0 1 1 0 0 1 0 2 0 0 1 35764 0 3 1 1 0 0 2 0 0 0 0 0 1 0 0 0 0 0 0 0 0 1 1 0 0 0 0 0 0 0 0 1 0 0 3 1 0 0 4 0 0 1 0 0 1 0 0 2 0 1 0
85 AAT 9 2 0 46430 0 0 0 1 0 0 0 1 0 0 0 0 0 0 0 0 0 0 0 0 0 0 0 0 0 0 0 1 0 0 0 0 0 0 0 0 0 0 0 0 0 0 0 0 0 0 0 0 0 0 0 0 0 0 0 0 0 0 0 1
86 TTG 2 0 1 1 0 0 0 3 1 0 0 0 2 0 4 0 0 0 0 0 0 0 0 0 0 0 0 0 2 1 2 0 0 1 0 0 0 0 0 0 0 0 0 0 1 0 1 0 0 0 3 0 0 0 1 0 0 0 3 1 2 0 17897 6
87 GAA 19 2 2 0 0 0 0 0 1 0 3 0 1 1 0 0 3 0 1 0 0 0 0 0 1 0 1 1 0 0 0 0 66839 3 3 0 1 0 0 0 52 0 0 0 2 2 0 2 4 1 0 0 0 0 0 0 0 1 0 0 0 0 1 0
88 AAT 8 0 0 56233 0 0 0 0 1 0 1 1 4 0 1 1 1 2 0 0 0 0 0 0 0 1 0 0 0 0 0 0 0 0 0 3 0 0 0 0 0 1 0 0 0 0 0 0 1 0 0 1 0 0 0 0 0 0 0 0 0 1 0 0
89 GTG 0 1 0 3 0 1 0 0 0 0 0 0 0 0 12 1 0 1 0 0 0 0 0 0 0 0 0 3 0 0 2 0 0 0 0 0 3 1 4 0 0 0 2 0 9 0 72056 4 1 0 0 0 0 0 0 0 1 0 1 3 0 0 1 0
90 ACA 7 0 1 1 70818 6 8 2 1 0 0 0 16 0 0 0 1 6 1 0 0 0 0 0 0 0 0 1 3 0 0 0 2 0 0 0 18 0 1 0 0 0 0 0 0 1 0 0 0 0 0 1 2 0 0 0 0 0 0 0 0 1 1 0
91 GAA 24 0 0 0 0 0 0 4 0 0 0 0 0 1 0 0 0 0 0 0 0 0 0 0 0 0 0 0 1 0 0 0 68699 3 7 4 1 0 0 1 2 1 0 0 0 0 0 3 3 0 1 0 0 1 1 0 0 0 0 2 0 0 0 1
92 GAG 0 0 14 5 0 2 0 0 2 0 0 0 0 0 0 0 0 0 6 0 1 0 0 0 2 0 0 2 2 1 0 0 35 1 68911 6 2 1 0 0 0 0 0 1 0 0 0 0 1 0 1 1 1 2 0 0 0 0 0 1 0 0 0 0
93 TTT 0 0 0 0 0 0 0 0 2 0 0 0 0 0 0 0 0 0 0 0 0 0 0 0 0 0 0 0 0 0 0 5 0 0 0 0 0 0 0 0 0 0 0 0 1 1 1 0 0 0 0 9 0 0 0 3 0 0 0 2 1 6 0 61720
94 AAC 4 75079 0 16 0 1 0 0 0 29 0 3 0 0 2 0 0 1 0 0 1 0 0 0 0 0 0 0 0 0 0 0 1 6 1 1 0 0 0 0 0 0 0 1 0 0 0 0 2 5 0 0 0 0 0 0 0 0 0 0 0 0 0 0
95 ATG 0 0 0 0 1 0 8 0 0 0 2 0 24 3 79003 3 0 1 0 1 0 0 0 0 0 0 0 0 0 1 1 0 0 0 1 0 1 0 0 0 1 3 1 0 0 0 10 0 0 0 0 0 2 0 0 1 0 0 0 0 0 0 1 0
96 TGG 0 0 1 1 0 2 0 0 0 1 4 0 0 0 0 0 0 1 0 0 1 0 0 0 0 0 6 0 0 0 0 0 0 0 0 0 0 0 0 0 0 0 1 0 0 0 0 0 0 1 8 1 0 0 0 0 23 4 67474 0 0 0 1 1
97 AAA 82076 2 1 0 1 0 0 0 6 0 0 1 1 1 0 0 0 0 0 2 0 0 0 0 0 0 0 1 0 0 0 0 13 0 0 0 1 0 0 0 3 1 0 0 0 0 0 0 0 0 0 0 0 0 0 0 1 0 0 0 0 0 0 0
98 AAT 0 7 0 81724 1 6 2 1 0 1 0 4 0 0 0 19 3 0 0 3 0 0 0 0 3 0 0 2 2 0 1 1 0 0 2 3 0 0 0 0 0 0 0 0 0 0 0 0 0 0 0 0 4 1 3 2 0 0 0 0 0 0 0 0
99 AAC 4 80537 2 26 4 4 0 1 2 19 2 1 2 3 2 0 1 0 1 0 0 1 0 3 0 0 0 0 0 0 0 0 0 17 0 0 5 0 3 1 0 1 0 0 0 0 0 3 1 2 0 0 0 0 2 0 0 0 0 0 0 0 2 0
100 ATG 3 0 3 0 0 0 1 0 0 1 1 1 33 0 74050 7 0 0 0 0 0 0 0 0 0 0 0 0 3 1 0 4 0 0 0 0 0 0 0 0 0 1 0 0 0 0 21 0 1 0 2 0 0 2 0 1 0 0 0 0 0 0 0 0
101 GTA 0 0 0 0 0 0 1 0 0 0 0 0 22 0 2 1 0 0 0 0 0 0 0 0 0 0 0 0 1 0 0 0 2 0 0 0 7 0 0 0 0 0 0 0 77168 2 15 2 0 0 0 0 0 0 0 0 0 0 0 0 6 2 0 0
102 GAA 25 0 0 0 0 1 1 0 0 0 2 0 0 0 2 0 0 2 0 0 0 2 0 0 0 0 0 0 0 0 0 0 80531 1 10 0 0 2 1 0 1 0 2 0 0 0 2 0 3 0 0 0 0 1 1 1 0 0 0 1 0 1 0 1
103 CAG 0 3 6 2 0 1 1 0 1 0 2 0 0 1 0 2 35 4 82427 3 0 0 0 0 3 0 10 0 1 2 1 0 0 0 0 0 0 0 0 2 0 0 0 0 1 0 0 0 1 0 16 2 1 0 0 0 1 0 0 0 0 0 0 0
104 ATG 0 0 1 0 1 0 3 0 0 0 0 0 29 0 82375 4 0 0 0 0 0 0 0 1 0 0 0 0 0 0 0 2 0 0 0 0 0 0 1 0 0 0 0 2 0 0 2 0 0 1 0 0 0 2 0 0 0 0 0 2 0 0 2 3
105 CAT 0 0 0 6 0 2 0 1 0 1 0 1 0 0 0 0 8 5 2 81452 1 2 0 0 0 0 0 1 0 0 0 0 2 1 1 5 1 0 6 0 0 0 0 0 0 0 0 0 0 0 0 28 0 0 1 1 0 0 0 0 0 0 1 0
106 ACA 15 0 3 3 82750 4 33 7 4 0 1 1 34 0 5 4 0 5 0 0 2 1 0 0 0 1 0 0 0 2 0 1 1 0 2 1 27 3 1 0 0 0 0 0 1 1 1 0 0 2 0 0 1 1 2 0 0 0 2 2 0 0 0 3
107 GAT 0 0 0 24 0 0 0 3 0 0 0 0 4 0 0 0 0 0 0 1 0 0 0 2 0 0 0 1 0 2 0 0 4 7 1 82509 0 0 0 0 1 1 0 1 0 5 0 0 0 0 1 2 0 0 0 0 0 0 3 0 0 0 0 0
108 ATA 1 0 0 0 2 2 2 0 3 0 0 0 82755 0 9 2 2 2 0 0 0 0 1 1 0 0 2 0 0 0 0 0 0 1 0 2 1 0 3 0 0 0 0 0 15 0 2 0 0 0 0 0 0 1 0 1 1 0 0 1 0 0 1 0
109 ATC 0 9 0 0 3 4 1 3 3 2 0 0 7 82063 0 21 1 0 0 0 0 0 0 0 1 0 0 0 1 3 0 0 0 0 0 0 1 0 0 0 0 0 0 0 3 10 0 0 0 0 3 0 0 2 0 0 1 0 0 0 1 0 0 1
110 AGC 1 25 0 3 0 6 1 0 6 81282 1 44 0 2 0 0 0 0 3 0 2 0 1 0 1 1 2 0 2 0 0 0 1 1 3 2 0 2 3 6 2 22 0 0 0 0 0 2 0 0 1 0 7 0 0 0 0 1 0 0 0 3 1 0
111 CTA 0 0 0 0 0 1 0 0 0 0 0 1 9 2 2 2 2 1 0 0 25 0 0 0 2 0 0 0 82906 2 2 1 0 0 0 1 0 1 1 0 0 0 1 0 1 0 0 3 0 0 0 0 0 0 0 0 0 0 0 0 15 0 0 0
112 TGG 0 0 0 0 2 3 2 0 0 0 1 0 0 0 5 0 0 2 0 0 0 0 0 0 0 0 2 0 0 0 3 0 0 0 0 0 0 0 0 0 0 0 0 0 0 0 0 0 2 0 15 0 5 0 0 0 15 0 82426 5 0 0 6 0
113 GAC 0 11 0 0 0 1 1 1 0 1 0 0 0 0 4 0 0 3 1 0 0 0 0 0 0 0 1 0 0 0 0 0 10 82819 2 21 0 0 0 0 2 6 0 0 0 3 0 1 0 2 2 0 0 2 0 0 1 0 0 0 0 0 0 0
114 CAA 5 0 0 0 2 1 0 2 0 1 0 0 0 0 0 0 82067 3 43 10 3 1 0 0 13 0 0 0 3 1 2 0 0 0 3 0 3 0 0 1 0 2 0 0 1 0 0 0 11 0 0 0 1 1 0 0 0 2 1 0 0 2 0 0
115 GGC 0 0 1 0 2 0 0 2 0 24 0 1 0 0 0 0 0 0 0 0 0 0 0 0 1 2 1 1 1 0 0 0 1 13 0 0 0 2 2 0 8 80797 1 17 0 3 0 0 0 0 0 0 0 0 0 0 1 18 0 0 0 0 0 0
116 CTA 0 2 0 5 0 1 0 0 0 0 0 0 17 0 0 1 2 2 0 0 12 0 0 0 1 0 0 0 82861 3 20 5 0 1 0 0 0 1 0 0 0 0 0 0 0 0 0 0 0 0 0 0 0 0 0 0 0 0 0 0 9 2 1 0
117 AAG 22 3 82951 11 0 0 5 0 0 2 3 1 1 0 1 1 1 0 5 0 0 0 0 0 0 0 0 0 0 0 0 0 0 0 1 0 1 0 0 0 1 0 1 0 4 0 1 2 0 0 0 1 0 0 2 0 0 0 1 0 0 0 4 1
118 CCA 0 0 0 2 5 0 2 0 0 0 0 0 0 2 0 0 8 1 0 0 81797 0 2 2 3 0 2 0 2 0 0 3 3 0 1 0 1 0 1 0 0 0 0 0 1 0 0 0 0 0 0 0 23 0 0 0 0 0 2 0 0 0 0 0
119 TGT 1 0 1 0 0 0 0 0 0 0 0 1 0 0 0 0 0 0 0 0 0 0 0 0 0 0 0 10 0 0 0 2 0 1 0 0 1 1 0 0 0 1 0 0 1 0 0 0 3 4 2 26 1 0 0 1 1 9 2 83072 0 0 1 4
120 GTA 2 0 0 0 8 3 1 2 0 0 0 0 26 0 0 2 0 0 0 1 0 0 0 0 0 0 0 0 3 3 5 0 0 0 0 1 13 1 4 0 0 1 0 0 83106 5 17 1 0 1 0 0 0 0 0 0 0 0 2 0 4 0 0 0
121 AAG 23 6 82342 6 0 2 6 0 7 1 6 1 0 0 4 0 0 6 2 4 0 0 0 0 0 1 0 2 4 0 1 3 0 0 4 0 0 0 0 0 0 0 0 0 1 0 0 1 0 0 0 0 0 2 0 0 0 0 0 0 1 0 1 0
122 TTA 0 0 1 0 0 6 0 0 0 0 0 0 4 0 1 0 0 0 2 3 0 0 0 0 0 1 0 0 12 0 1 4 0 0 0 0 0 0 0 0 0 0 0 0 0 0 0 0 1 0 0 0 3 0 0 0 1 0 1 2 82802 0 14 0
123 ACC 0 4 0 0 0 82340 1 5 0 1 0 0 0 12 0 0 1 0 0 3 0 0 0 1 0 0 0 0 0 0 0 0 0 1 0 0 0 7 0 3 0 0 0 0 2 0 0 0 0 0 0 0 0 3 0 0 0 0 0 1 0 1 0 0
124 CCT 0 0 1 0 0 0 0 7 0 0 0 0 0 0 0 0 1 0 0 5 2 21 1 83153 0 0 0 0 0 0 1 8 0 0 0 1 5 3 0 0 0 0 0 0 1 0 0 0 0 0 0 0 0 1 0 3 0 0 0 2 0 0 0 0
125 CTC 0 0 0 0 1 0 0 0 0 0 0 0 3 2 0 0 0 3 0 0 0 4 2 1 0 1 1 0 8 82941 0 18 3 0 0 0 1 0 0 0 0 0 0 0 1 0 0 0 2 0 0 0 0 0 1 0 0 0 0 0 2 8 0 0
126 TGT 2 0 0 0 0 0 0 0 0 0 0 4 0 3 0 4 1 0 0 0 0 0 0 0 0 0 0 29 0 0 0 0 0 0 0 0 0 1 0 0 0 0 0 0 0 0 0 2 0 0 0 12 0 3 0 0 2 20 4 82977 0 0 0 1
127 GTT 0 0 0 0 0 0 0 2 2 0 0 0 0 0 0 19 0 0 0 0 0 1 0 0 0 0 2 0 0 1 0 0 0 0 0 2 0 1 0 9 0 0 3 0 3 12 4 83083 0 0 0 0 0 0 0 0 0 0 0 0 0 0 0 3
128 ACT 2 2 0 3 6 12 4 83137 0 0 0 0 0 0 0 24 0 0 0 0 0 3 0 2 0 0 0 2 0 1 0 0 0 1 0 0 0 0 0 0 0 0 0 1 2 0 1 0 0 1 1 0 0 0 0 2 0 0 0 0 0 0 0 0
129 TTA 0 0 0 0 0 0 0 0 0 0 0 0 1 0 0 0 0 0 0 0 0 1 1 3 5 0 1 0 12 2 0 0 0 0 0 0 0 0 1 4 0 0 0 0 0 0 0 1 0 0 0 0 2 0 0 0 1 0 0 0 83183 0 19 0
130 GAT 0 0 0 18 2 2 0 0 0 0 0 1 0 0 0 0 4 0 0 0 0 3 0 0 1 0 0 0 0 0 0 0 2 5 0 83188 0 0 0 1 0 0 0 2 0 0 0 1 0 0 0 3 0 0 1 0 0 0 0 0 0 0 0 0
131 TGC 2 1 0 0 0 0 0 1 0 6 0 0 0 0 0 0 0 0 0 0 1 0 0 0 0 1 0 0 0 0 0 0 0 0 0 0 0 0 0 0 0 0 0 0 0 0 0 1 3 50 0 0 0 1 0 0 6 83046 3 57 0 4 0 0
132 CAT 2 2 2 9 0 0 4 0 0 1 0 1 1 1 0 2 0 10 0 83140 1 0 0 0 2 2 2 3 0 0 0 0 3 1 0 1 0 1 0 0 0 0 4 4 1 0 1 0 0 0 0 6 1 1 0 0 0 0 0 0 0 0 0 2
133 AAT 4 8 0 83252 3 4 0 2 0 0 0 6 0 0 0 1 5 1 3 3 4 2 0 1 1 1 0 4 0 0 2 0 0 0 0 12 1 0 0 0 2 0 0 0 5 0 0 1 0 0 0 1 2 0 3 1 2 0 0 0 2 0 2 0
134 GTC 0 0 0 0 0 5 1 0 0 0 0 0 0 29 3 0 0 0 0 0 0 2 1 0 0 0 0 0 0 9 0 0 0 1 0 1 0 3 0 0 0 1 0 0 4 83196 0 14 1 0 0 1 0 0 0 0 0 0 0 0 0 6 0 0
135 ACC 1 8 1 2 20 83148 0 6 2 3 0 0 2 8 0 1 2 2 0 0 1 7 1 0 5 1 2 0 2 5 0 0 4 5 0 0 1 5 7 0 1 2 1 2 0 5 0 0 0 0 0 3 2 3 0 0 0 0 0 0 0 0 2 0
136 TAT 0 3 0 4 0 0 0 0 0 0 0 0 0 0 0 2 0 0 0 22 5 0 0 0 0 0 0 0 0 0 0 0 0 0 0 1 0 0 0 0 0 0 0 0 0 0 0 0 4 7 0 83202 0 0 0 0 0 0 0 1 0 0 0 0
137 AAT 15 10 2 83136 3 0 2 2 0 0 0 4 3 0 0 6 0 0 0 4 1 0 3 2 0 3 5 0 0 0 0 0 0 0 0 12 0 0 0 1 0 0 0 0 0 0 0 0 0 0 0 1 0 0 2 0 0 0 0 0 0 0 0 0
138 ATC 0 6 0 0 0 12 0 0 0 0 0 1 9 83096 0 11 0 3 0 0 0 0 0 0 0 0 0 0 0 3 0 0 0 0 0 0 0 0 1 0 0 0 0 0 0 3 0 0 0 0 0 0 0 0 0 0 0 0 0 0 0 4 0 0
139 ACC 2 16 0 0 17 83173 1 23 0 1 0 0 0 16 0 0 0 0 0 0 0 0 0 0 0 0 0 0 0 0 0 0 0 0 0 0 0 5 0 0 0 0 0 2 0 0 0 0 0 0 0 0 0 1 0 0 0 0 0 0 0 1 0 0
140 AGT 2 0 0 21 0 1 0 0 5 6 0 83180 2 0 0 4 0 1 0 0 7 2 0 0 0 0 0 0 0 3 0 4 0 0 0 0 1 0 0 0 0 0 1 14 0 0 0 0 2 0 0 0 3 0 0 0 0 0 1 1 0 0 0 0
141 GAC 3 15 1 2 0 0 0 0 0 0 0 1 1 1 0 0 2 2 0 2 0 6 0 0 2 2 1 2 0 0 0 0 5 68090 0 14 3 1 0 0 0 14 2 0 0 4 0 0 1 10 3 0 0 1 0 1 1 0 0 0 0 0 0 1
142 ATG 0 0 1 1 1 0 5 0 0 0 1 0 19 3 67975 3 1 1 0 4 0 0 0 0 0 0 0 2 0 0 1 3 1 0 0 0 2 2 0 0 3 0 0 1 0 1 15 0 0 0 1 2 0 0 3 0 0 0 1 0 0 0 0 0
151 AAG 20 4 68025 14 0 0 1 1 2 1 20 3 0 0 9 3 0 2 0 1 0 1 1 0 1 1 0 1 0 2 0 0 0 0 19 0 0 0 0 0 0 0 0 2 0 0 1 1 1 0 5 0 0 0 0 0 1 0 1 0 0 0 0 0
152 GAA 20 5 0 1 1 0 0 0 5 1 0 0 0 3 0 0 4 1 0 2 0 9 0 1 0 4 0 2 0 1 0 0 68050 2 7 6 1 0 0 1 14 0 0 0 2 0 0 1 2 0 0 0 3 1 2 0 5 0 0 0 6 2 3 2
153 GAA 24 0 0 0 1 0 0 2 0 0 1 0 0 0 0 0 0 0 0 0 0 0 1 0 0 0 0 0 0 0 0 0 68144 0 2 0 1 0 0 3 1 0 0 0 0 0 2 0 4 0 0 1 1 0 0 2 0 0 1 0 0 1 0 0
154 ATA 0 0 0 0 2 0 0 0 1 0 0 0 68068 1 14 1 0 0 0 0 0 0 0 0 0 0 0 0 1 0 0 1 0 0 0 0 1 0 0 0 0 0 0 0 6 0 0 1 0 2 2 0 0 0 0 0 0 0 0 0 0 0 0 0
155 ACA 5 0 0 2 68114 4 2 3 0 0 0 0 7 0 1 0 0 0 0 0 0 0 3 0 0 0 1 0 0 0 0 0 0 0 0 0 5 0 0 0 1 0 0 0 0 1 0 0 0 0 0 0 0 1 0 0 0 0 0 0 0 0 0 0
156 AAC 7 68007 0 8 0 0 0 0 0 1 0 0 0 0 1 0 0 0 0 0 0 1 0 0 0 0 0 0 0 1 0 0 0 0 0 0 0 0 0 0 1 0 0 0 0 0 0 0 0 0 0 0 0 0 0 0 0 0 1 0 0 0 0 0
157 TGC 0 0 0 0 0 0 0 0 0 1 0 0 0 1 0 0 0 0 1 0 0 0 0 0 0 4 0 0 0 0 0 0 0 0 0 0 0 0 0 0 0 0 4 0 0 0 0 0 1 36 0 0 0 1 0 0 3 67958 1 7 0 1 0 0
158 TCT 0 0 0 0 1 2 4 0 0 0 1 2 0 0 0 0 1 0 0 0 0 1 1 0 0 3 0 0 0 0 0 0 0 0 0 0 4 0 1 1 0 0 0 0 0 0 0 0 0 0 0 5 0 7 5 68164 3 0 0 0 0 0 0 5
159 TAC 0 2 0 1 0 0 0 0 0 0 0 0 0 0 0 0 0 3 0 0 0 2 0 0 0 1 1 0 0 0 0 0 0 0 0 0 0 2 0 0 1 0 0 0 0 0 0 0 1 67971 0 15 0 0 0 0 0 6 3 0 0 1 1 0
160 AAT 6 5 4 68033 3 2 0 0 0 0 0 7 0 0 0 0 0 0 0 0 0 1 0 0 0 1 0 1 0 2 0 1 0 0 0 10 0 0 0 0 0 0 2 0 0 0 0 0 0 0 0 4 0 0 0 0 0 0 0 0 0 0 0 0
161 GTG 0 0 0 1 1 1 1 0 0 0 0 0 1 2 14 2 0 0 0 0 0 0 0 0 0 0 0 0 2 0 1 0 0 0 0 0 0 0 2 1 0 0 0 0 11 0 67952 4 0 0 0 0 0 0 0 0 2 0 0 0 0 0 1 0
162 ACC 0 1 0 1 6 68075 3 13 0 1 0 0 0 11 0 0 0 1 0 0 1 3 0 0 0 0 2 0 1 0 0 0 0 0 0 0 0 7 0 0 0 0 1 0 0 0 0 2 0 0 0 0 0 1 0 0 2 0 0 0 0 0 0 0
163 ACA 1 0 1 1 67938 5 44 8 0 0 0 0 22 0 0 0 2 0 0 0 0 2 0 0 0 0 0 0 0 2 0 1 0 0 0 0 2 0 0 0 0 0 0 3 0 0 0 0 0 1 0 0 2 0 1 0 0 0 0 0 0 0 0 0
164 GTA 1 0 0 0 1 2 0 0 0 0 0 0 22 1 0 0 1 0 0 0 1 2 0 0 0 0 0 0 1 0 0 0 6 0 0 1 8 2 1 0 0 0 0 0 67796 0 7 1 0 0 0 0 0 1 0 0 0 0 0 0 1 0 0 0
165 ATA 1 0 0 1 1 0 0 0 0 0 0 0 67794 4 25 0 0 0 0 0 1 2 0 1 0 0 0 0 0 0 0 0 0 1 0 0 0 0 0 0 0 0 0 0 1 0 0 0 0 1 0 0 1 0 0 0 2 0 2 0 1 0 0 0
166 AGG 0 2 15 1 1 1 1 0 23 4 67724 4 0 1 9 0 4 1 0 3 3 5 0 0 0 0 4 5 0 1 1 0 1 0 0 4 0 0 0 0 0 0 28 0 2 1 1 0 0 0 0 4 0 0 0 0 0 0 3 0 0 0 0 0
167 GAT 1 0 0 28 0 0 0 0 0 0 2 0 0 0 0 0 0 0 0 0 0 1 0 0 0 0 0 0 0 0 0 0 5 8 0 67627 0 0 0 0 0 0 0 1 0 0 0 0 0 0 1 2 0 0 0 0 0 0 1 0 0 0 0 0
168 AAG 10 0 67715 3 0 1 3 0 1 0 26 1 0 0 3 0 2 1 0 2 0 0 0 0 0 1 2 0 6 3 0 0 0 0 34 0 0 1 0 0 0 0 0 0 0 0 0 0 0 0 0 0 1 1 0 0 0 0 0 0 0 1 0 0
169 AAA 68039 0 4 0 2 4 0 3 1 0 0 0 3 1 0 0 2 0 0 0 2 2 0 0 1 1 0 0 0 2 1 0 3 0 0 0 0 3 0 1 0 0 1 0 0 0 0 0 0 0 0 0 2 0 1 0 1 1 1 0 0 0 0 1
170 CAG 0 1 1 0 0 2 0 1 0 0 0 0 0 0 0 0 10 0 67686 5 0 3 0 0 1 0 8 0 1 0 0 0 0 0 3 0 2 0 0 0 0 0 0 0 0 0 0 0 0 2 6 0 0 2 0 0 0 0 0 0 1 0 0 0
171 AAA 68119 2 6 3 2 1 3 0 2 0 2 0 0 0 0 0 0 1 0 0 1 0 0 0 0 0 0 0 0 0 0 0 0 0 0 0 0 0 0 0 0 0 0 0 0 3 0 0 2 0 0 0 4 0 0 0 0 0 1 0 0 0 0 0
172 GTA 0 1 0 0 1 1 0 0 0 0 0 0 33 0 0 0 0 0 0 0 0 0 0 0 0 0 0 0 2 0 0 0 4 0 1 0 2 0 0 0 2 0 0 0 67874 1 1 0 1 2 0 2 0 0 3 0 0 0 0 0 3 0 0 1
173 TCC 0 0 4 3 1 2 1 1 0 0 0 0 0 0 1 0 0 0 0 0 0 0 0 0 0 0 0 0 1 0 0 0 2 0 0 0 1 0 0 0 0 0 3 0 0 2 0 0 0 0 0 0 9 67316 1 9 0 0 3 0 0 2 0 0
174 TCA 0 0 0 0 0 0 0 0 0 0 0 1 0 0 0 1 0 0 0 0 4 0 0 0 0 0 0 0 0 0 0 0 2 0 0 0 0 0 0 0 0 0 0 0 0 0 0 0 4 0 0 0 67749 0 2 1 0 0 0 3 3 0 0 0
175 CTT 0 0 0 0 0 0 0 0 1 0 0 0 0 0 0 3 0 0 0 0 0 0 0 235 0 1 0 0 6 3 0 67300 0 0 0 0 0 0 0 0 0 0 0 0 0 0 0 0 0 0 0 0 0 0 0 0 0 3 0 0 0 0 0 19
176 TTT 0 0 1 0 0 0 0 0 0 0 0 0 0 0 1 4 0 0 1 0 2 0 0 0 0 0 0 0 0 1 0 3 0 0 0 0 0 0 0 0 0 0 2 0 0 0 0 1 0 0 0 2 0 0 0 3 0 0 1 0 0 8 0 66941
177 TAT 0 0 0 0 0 1 0 0 0 0 0 0 0 0 0 0 0 0 0 6 1 0 0 0 0 0 0 0 0 0 0 0 0 0 0 2 0 2 0 2 0 0 0 0 0 0 0 0 0 5 0 67874 0 1 0 1 0 0 0 1 0 0 0 1
178 AAA 67729 0 3 0 2 1 0 0 4 0 0 0 0 0 0 1 1 0 0 0 0 2 0 0 0 0 0 0 0 0 0 0 12 0 0 0 0 1 0 0 0 0 0 0 0 0 0 0 0 0 0 0 0 2 0 0 0 0 0 0 0 0 0 0
179 CTT 0 3 0 0 0 1 0 0 0 0 0 0 0 0 0 8 0 1 0 4 1 0 1 3 0 0 0 0 14 3 1 66989 1 1 0 0 0 0 1 0 0 0 0 0 1 0 0 0 0 1 0 1 0 0 0 0 0 0 1 0 0 0 0 11
180 GAT 0 0 0 11 0 0 0 0 0 0 0 0 0 0 0 1 1 0 0 1 0 0 2 0 0 2 0 0 0 0 0 0 0 0 1 67644 0 0 0 0 0 0 0 1 0 0 0 0 0 0 0 4 0 0 0 0 0 0 0 0 0 0 0 0
181 GTA 0 0 0 0 0 0 0 0 0 0 0 0 33 0 0 0 0 0 0 0 0 3 0 0 0 0 0 0 3 0 0 0 1 0 0 0 8 0 0 0 0 0 1 3 67470 0 10 4 0 0 0 0 0 0 0 0 0 0 0 0 2 0 0 0
182 GTA 2 0 0 0 8 0 0 2 1 0 0 0 37 0 0 0 0 0 0 0 1 0 0 0 0 0 0 0 1 0 0 0 0 0 0 0 8 0 0 0 2 0 0 0 65483 0 14 0 1 1 1 0 0 0 0 0 0 0 0 0 1 2 0 0
183 CAA 5 1 0 0 0 0 1 3 1 0 0 0 0 2 0 0 67195 1 1 1 0 0 1 0 1 0 1 0 1 0 0 0 0 0 0 0 0 0 1 1 0 0 1 0 0 0 0 0 8 0 1 0 0 0 0 1 0 0 3 0 0 0 0 0
184 ATT 0 0 0 3 0 0 0 5 0 1 0 1 1 8 1 64536 0 0 0 2 0 0 0 0 0 0 0 0 0 0 0 0 0 0 0 0 0 0 0 0 0 0 0 0 0 0 2 0 0 1 0 0 0 0 0 0 0 0 0 0 0 0 0 2
184a GGA 0 2 0 0 1 0 0 0 15 0 0 0 3 0 0 0 1 3 0 0 5 1 0 0 1 0 1 1 0 1 0 2 15 0 0 1 3 0 0 0 56101 1 24 3 2 0 1 0 0 0 0 0 0 0 0 0 1 0 0 0 0 0 0 0
184b GGT 0 0 0 1 1 1 0 1 1 0 0 16 1 0 0 0 2 0 0 1 1 6 1 0 2 0 1 5 0 0 0 0 0 0 0 25 0 2 0 1 7 14 3 57695 0 0 1 1 0 2 0 0 0 1 0 0 0 1 0 6 0 3 1 2
185 AAT 13 5 1 66571 4 1 0 0 0 0 3 3 1 0 0 0 1 0 2 0 2 2 0 4 0 0 1 2 2 0 0 0 0 0 0 2 1 0 0 0 1 0 0 1 0 1 0 0 1 0 1 3 0 0 0 0 0 0 0 0 0 1 0 0
186 AAT 4 10 2 66084 1 0 0 3 0 0 0 3 0 0 0 0 2 0 2 0 0 2 0 0 0 0 0 0 0 0 1 0 0 0 0 2 0 1 0 1 0 0 3 2 1 0 0 1 0 0 0 5 0 1 1 0 0 0 0 0 0 0 0 0
187 AGG 0 0 11 1 1 1 0 0 20 1 60608 7 0 0 10 0 0 0 2 1 2 0 3 1 1 0 1 0 0 0 0 0 0 0 3 0 0 0 0 0 0 0 13 0 0 0 0 0 0 3 3 0 0 2 0 1 0 0 3 0 0 2 0 0
188 ACT 2 0 2 11 6 13 0 63184 0 0 0 0 2 0 0 4 3 0 0 0 1 0 0 0 0 0 1 0 0 1 0 0 0 0 1 0 0 0 0 0 0 0 0 0 0 0 0 1 0 0 0 2 1 1 0 3 0 0 0 0 0 0 2 0
189 AAT 5 1 0 66409 1 2 0 3 0 0 0 1 0 1 0 3 4 0 0 0 0 2 0 0 0 0 1 0 0 0 0 0 0 3 0 6 0 0 0 0 0 0 0 1 0 0 1 0 0 0 0 0 0 3 1 0 1 0 0 0 0 1 0 0
190 AGT 0 0 0 19 1 1 1 1 23 5 2 59691 2 0 0 3 3 0 0 1 2 0 0 0 0 0 0 1 0 0 0 2 0 0 1 0 1 1 0 0 0 0 1 10 0 0 0 0 0 0 0 0 4 0 2 0 0 0 0 0 0 0 0 0
190a CAG 3 3 1 1 1 1 0 1 0 1 0 2 0 0 0 0 32 5 60505 2 0 0 0 0 0 0 0 0 0 0 1 0 0 0 2 1 0 0 3 0 0 0 3 0 1 2 0 0 0 1 8 2 0 0 0 0 0 0 1 0 0 2 0 0
191 TAT 0 0 0 0 0 0 2 0 0 0 0 0 0 0 0 0 0 0 3 1 0 0 0 0 0 3 0 0 0 0 0 0 0 0 0 0 0 0 0 0 0 0 0 1 0 0 0 0 7 1 2 55029 0 0 0 1 0 0 0 0 0 0 0 2
192 AGA 9 0 0 0 1 0 0 0 52810 0 0 1 4 1 3 3 1 0 0 0 0 1 1 1 0 2 0 0 0 0 0 0 0 0 0 0 0 2 0 0 5 0 0 0 0 2 0 0 0 0 0 2 0 0 0 0 0 0 0 0 0 0 0 0
193 TTA 2 0 0 0 0 0 0 0 1 0 2 0 15 1 0 0 0 0 0 0 0 0 0 0 0 0 0 0 5 1 0 2 1 0 0 0 0 0 0 0 0 0 0 0 0 1 0 0 6 0 0 0 6 0 0 0 0 1 0 0 54599 0 4 0
194 ATA 3 0 1 1 4 1 0 0 1 0 0 0 63109 4 3 1 0 2 0 1 0 0 0 0 0 0 0 0 0 0 0 1 0 0 0 1 0 2 0 0 0 0 0 0 2 0 0 0 4 0 0 0 0 0 0 0 0 0 0 0 0 0 1 0
195 AAC 3 58631 1 18 0 1 0 10 0 1 1 0 1 0 0 0 0 3 0 2 0 0 0 0 0 0 0 0 0 0 0 0 0 2 0 0 3 0 0 0 0 0 1 0 0 0 0 0 0 0 0 0 0 0 0 0 0 0 0 0 1 0 0 2
196 TGT 0 0 0 0 0 0 0 0 0 0 0 2 1 0 0 0 0 0 0 0 0 0 0 0 0 0 0 2 0 0 0 2 0 0 0 0 0 0 0 0 0 0 0 0 14 0 0 0 0 0 0 12 0 0 0 0 6 12 0 55523 1 0 0 2
197 AAC 2 57635 0 25 14 1 0 0 0 2 0 0 0 0 1 0 0 2 0 0 0 0 0 0 0 0 0 0 0 0 0 0 0 14 0 0 0 0 0 0 0 0 0 0 0 1 0 0 0 0 0 0 0 2 0 0 0 0 0 0 0 0 0 0
198 ACC 0 2 0 1 5 25526 0 12 0 0 0 0 0 1 0 0 0 0 0 0 0 3 0 0 0 0 0 0 0 0 0 0 0 1 0 0 0 1 0 0 0 0 0 0 0 0 0 0 0 0 0 0 0 0 0 1 0 0 0 0 0 0 0 0
199 TCA 2 0 0 0 4 0 0 0 0 0 0 0 0 0 0 0 0 1 0 0 10 0 0 0 1 0 0 0 0 0 0 1 0 0 0 0 0 0 0 0 0 0 0 0 0 0 0 0 0 0 0 0 30267 0 13 1 0 0 0 0 1 0 0 0
200 GCC 3 0 0 0 0 14 0 0 0 0 0 0 0 0 0 0 0 0 0 2 1 0 0 0 0 0 0 0 0 0 0 0 0 1 0 0 2 23298 0 0 0 0 0 0 0 13 0 0 0 0 0 0 0 0 0 0 0 0 0 0 0 0 0 0
201 ATT 0 0 0 0 0 0 0 1 0 0 0 0 3 2 1 42787 0 0 0 0 0 0 0 0 0 0 0 0 0 0 0 0 3 0 0 0 0 0 0 0 0 0 0 0 0 0 0 1 0 0 0 0 0 0 0 0 0 0 0 0 0 0 0 0
202 ACA 3 0 0 0 48141 4 3 0 1 0 0 0 7 0 0 0 1 2 0 0 1 1 0 0 0 0 0 0 0 0 0 0 0 0 0 0 2 0 0 0 0 0 0 0 1 0 0 1 0 1 1 0 1 0 0 0 0 0 1 0 0 0 0 0
203 CAG 0 0 2 0 2 1 0 0 1 0 1 0 0 0 0 0 9 2 52013 5 1 0 1 0 0 0 21 0 0 0 4 0 1 0 1 2 0 1 0 0 0 0 0 0 0 0 2 0 1 0 7 0 1 1 2 0 0 0 0 0 0 0 0 0
204 GCT 0 2 0 1 0 1 0 21 0 0 0 0 0 0 0 1 0 2 0 0 2 0 0 1 0 0 0 0 0 0 2 1 0 0 0 2 2 6 1 48369 0 3 1 0 0 0 1 7 0 0 0 0 0 0 0 1 0 0 0 1 1 0 0 0
205 TGT 0 0 0 0 0 0 0 0 0 0 1 0 0 0 0 1 0 1 0 0 0 0 0 0 0 0 0 6 1 0 0 0 0 0 0 0 0 0 0 0 0 0 0 0 0 1 0 0 0 0 0 7 0 0 0 0 0 23 0 60262 0 2 4 0
206 CCA 0 1 0 2 8 1 0 0 0 1 2 0 0 0 0 1 2 0 1 0 56344 4 2 1 0 0 1 0 3 0 1 0 0 1 0 0 0 2 0 0 0 0 0 0 0 1 0 0 0 0 0 0 3 1 0 0 1 0 0 0 1 0 0 0
207 AAG 20 0 58688 3 0 0 0 1 1 0 12 0 0 0 3 0 0 2 1 0 0 0 0 0 0 0 0 0 0 1 0 2 0 0 8 0 0 0 0 0 0 0 0 0 1 0 0 0 1 0 0 0 0 1 0 0 0 1 0 0 0 0 0 1
208 GTA 0 0 0 0 0 0 0 1 0 0 0 1 15 0 0 0 0 3 0 0 0 0 0 0 1 0 0 0 4 4 0 2 1 0 0 0 2 0 0 0 0 0 0 0 65217 1 5 5 4 0 0 0 0 0 1 1 0 0 0 0 5 1 0 1
209 ACC 1 1 3 0 12 58249 0 9 0 2 0 2 0 12 0 0 0 0 0 0 0 0 0 1 0 0 0 0 0 0 0 0 0 0 0 0 1 2 0 0 0 0 0 1 0 0 2 0 0 0 0 0 4 1 0 0 0 2 0 0 1 1 2 0
210 TTT 3 0 1 0 0 0 1 0 1 0 0 0 0 0 0 1 0 3 0 0 0 0 0 0 0 1 0 0 0 0 0 7 0 0 0 0 1 3 3 0 0 0 0 0 0 0 3 8 0 0 1 0 0 0 0 5 2 0 2 0 2 11 1 62426
211 GAG 0 1 8 0 1 0 0 0 0 0 0 0 0 0 0 1 0 0 4 0 0 1 0 0 0 0 0 0 0 0 2 2 23 1 62351 0 0 1 2 0 0 0 11 0 0 0 4 2 0 0 1 1 1 0 0 0 0 0 3 0 0 0 0 1
212 CCA 0 0 0 0 5 1 0 0 0 0 0 0 0 0 0 0 3 1 1 0 55805 0 2 0 0 0 0 0 10 0 0 0 0 0 0 0 1 1 1 0 0 0 0 0 0 0 1 1 0 0 0 1 48 0 0 1 0 0 0 0 0 0 0 0
213 ATT 0 0 0 5 0 1 2 5 0 0 0 0 7 3 7 65401 2 2 0 1 0 0 0 0 0 0 0 0 0 0 0 2 0 0 0 0 1 0 0 0 0 0 0 0 1 0 0 3 0 0 2 0 4 0 0 0 0 0 0 0 2 1 0 0
214 CCC 0 1 0 2 1 9 0 0 1 0 0 0 0 0 4 0 0 7 4 0 3 60364 1 15 1 0 0 3 1 3 0 0 1 0 1 3 1 3 0 0 0 0 1 2 0 1 0 0 0 0 1 0 1 10 0 1 1 0 0 0 0 0 3 2
215 ATA 5 2 4 0 3 0 1 2 4 0 0 0 66299 0 3 9 1 1 1 1 0 1 0 1 1 0 0 0 0 1 0 1 0 0 0 0 0 0 0 0 4 0 0 2 1 2 0 3 0 0 0 0 0 0 0 0 0 0 0 0 4 0 0 1
216 CAT 0 0 1 9 1 1 0 2 2 0 0 0 0 0 0 1 1 10 0 66262 1 0 0 1 0 0 0 3 2 0 0 2 0 0 0 0 2 1 1 2 0 0 0 0 0 0 0 0 0 0 0 12 3 1 0 1 0 0 0 0 0 1 1 0
217 TAT 0 0 0 1 1 1 0 0 0 0 0 0 1 0 0 1 2 0 0 3 0 0 0 1 1 0 0 0 2 0 2 0 0 0 0 1 0 0 0 0 0 0 0 0 0 0 0 0 1 13 0 65787 0 0 0 0 1 0 0 2 0 0 1 2
218 TGT 0 0 0 0 0 0 0 0 2 0 0 4 0 0 0 0 0 0 0 0 0 0 0 1 0 0 0 3 0 0 0 0 0 0 0 0 0 1 0 0 0 0 0 5 0 0 0 0 0 0 0 24 1 0 0 0 2 6 1 66713 0 0 0 1
219 GCC 0 2 0 0 0 32 0 0 0 0 0 0 2 0 0 0 0 1 0 1 0 2 0 0 0 1 0 0 0 0 0 0 0 1 0 1 6 65931 6 9 0 0 4 1 0 38 1 1 0 0 0 0 1 5 1 2 2 0 0 0 0 0 0 0
220 CCA 2 0 0 0 4 0 0 0 0 0 0 0 0 0 0 0 0 0 0 0 64753 7 5 3 0 0 0 3 10 0 0 0 0 0 0 0 0 1 2 0 0 0 0 0 1 1 2 0 0 0 3 0 9 0 0 0 0 0 0 1 0 0 0 0
221 GCT 0 0 0 0 2 1 2 36 0 0 0 0 1 0 0 0 0 2 1 0 3 3 2 5 0 1 0 1 0 0 0 0 0 0 0 1 1 15 4 66997 0 2 0 4 0 0 2 18 0 0 0 0 6 3 2 2 0 0 0 2 0 0 0 1
222 GGT 1 0 0 3 0 0 0 0 1 0 0 11 0 0 0 0 0 0 1 1 1 0 0 0 0 0 0 0 0 0 0 0 0 1 0 11 0 2 0 2 4 9 4 67762 0 0 0 1 0 1 0 0 0 1 0 1 0 0 1 0 0 1 0 3
223 TTT 0 4 0 0 0 3 0 0 0 0 0 0 0 0 0 1 1 0 2 0 0 0 0 0 0 2 0 0 1 0 0 3 0 0 0 0 0 0 0 0 0 0 0 0 0 0 0 0 1 3 0 1 0 0 0 5 3 1 0 0 1 11 0 66611
224 GCG 0 0 0 0 0 3 24 2 0 0 0 0 0 0 0 0 0 0 0 0 0 0 2 0 0 0 0 0 0 0 0 0 1 0 1 2 21 0 65540 7 2 0 3 1 3 0 109 1 0 0 0 0 0 0 1 2 0 0 0 0 0 0 0 0
225 ATT 0 0 0 0 0 1 0 1 2 0 0 0 1 4 1 67076 0 0 0 0 0 0 0 0 0 0 0 0 0 0 4 1 1 0 0 0 0 0 0 0 0 0 0 0 0 0 0 2 0 0 0 0 1 0 0 0 0 0 0 0 0 0 2 0
226 CTA 0 0 0 0 0 0 1 0 0 0 0 0 3 0 1 0 0 0 0 0 3 3 1 0 0 0 0 0 65820 2 15 1 0 0 0 0 0 0 0 0 0 0 2 0 0 0 0 0 0 0 0 0 0 0 0 0 1 0 0 0 9 1 4 0
227 AAG 17 0 67926 5 2 5 3 0 1 0 14 0 4 0 2 0 0 4 5 0 1 0 0 1 0 0 0 0 0 5 0 0 0 0 9 1 1 1 0 0 0 0 0 0 2 0 1 2 0 1 2 0 1 0 0 0 0 0 1 0 1 0 0 0
228 TGT 0 0 0 0 4 0 0 0 0 0 0 8 0 0 0 0 0 0 0 0 1 0 0 0 0 0 0 2 0 0 0 0 0 2 0 1 0 0 0 1 0 0 1 0 1 0 0 0 2 0 0 27 0 0 0 0 4 9 0 67723 0 0 0 1
229 AAG 12 1 67738 8 0 1 16 0 0 0 42 1 1 0 4 1 4 1 0 0 0 1 0 0 1 0 0 0 0 3 0 0 0 0 14 0 0 1 0 1 0 2 0 0 0 0 0 0 0 2 0 1 0 0 0 0 0 0 0 0 2 0 2 0
230 GAT 0 0 0 10 0 0 2 0 0 0 0 0 0 0 1 0 2 2 1 0 0 0 1 0 0 0 0 0 0 0 0 0 2 4 7 68054 1 0 2 1 2 0 2 5 0 0 0 0 0 0 0 3 5 0 1 0 0 0 0 3 0 0 1 1
231 GAG 0 1 24 3 1 2 3 0 0 2 1 0 1 0 0 0 1 0 1 0 3 2 0 0 0 0 1 1 0 1 1 0 14 2 68014 4 0 0 4 0 2 0 16 1 2 1 6 0 0 1 0 0 2 0 0 0 2 1 0 0 0 6 0 2
232 AAG 22 0 67886 2 2 4 1 1 2 4 5 0 0 0 2 0 1 0 1 2 0 5 1 2 2 0 0 0 0 9 0 0 0 4 10 1 2 0 1 1 0 1 1 0 0 0 0 2 0 1 0 0 0 0 0 0 0 0 2 1 1 0 0 1
233 TTC 0 0 0 1 0 0 0 0 2 0 0 0 0 4 0 2 0 2 1 2 0 0 0 0 0 0 0 0 0 4 0 0 0 0 2 0 0 0 0 0 0 0 0 1 1 0 0 0 0 13 0 2 5 2 0 2 0 0 0 0 5 67649 1 8
234 AAT 5 8 3 67894 2 2 2 5 0 4 0 29 2 2 0 6 1 2 1 0 1 0 2 4 2 0 3 2 1 1 0 0 1 0 0 24 1 1 2 0 0 0 0 0 0 0 0 0 0 0 0 5 1 0 0 2 0 2 0 0 3 0 0 5
235 GGA 0 0 0 0 0 0 0 1 19 0 0 0 0 0 0 0 0 0 0 0 2 0 0 0 1 0 0 0 0 0 0 0 16 0 0 0 0 0 0 0 67589 1 3 3 0 0 2 0 0 0 0 4 0 0 0 0 5 0 0 0 0 0 0 0
236 ACA 9 1 0 0 67931 2 59 4 2 0 0 1 20 2 3 0 2 1 1 2 0 2 0 0 2 0 1 0 0 0 1 0 5 0 0 0 4 0 1 0 0 0 4 0 0 0 3 1 0 0 1 0 3 9 0 1 0 2 0 1 0 1 2 0
237 GGG 0 0 0 0 2 0 0 0 0 0 10 0 0 0 0 0 5 0 0 0 1 0 0 0 0 0 0 0 0 0 0 0 0 0 23 0 0 0 1 0 33 3 67704 4 0 0 1 0 0 0 0 0 0 0 0 0 1 0 7 0 0 0 0 0
238 CTA 3 3 0 1 0 0 1 3 0 0 1 1 8 0 0 1 12 9 1 0 17 3 2 0 3 2 3 1 67901 5 5 2 0 3 0 0 0 5 0 0 5 1 1 1 0 0 0 1 2 2 0 1 3 1 1 0 0 1 2 0 16 0 0 0
239 TGT 0 0 1 0 0 0 0 0 2 0 0 0 3 0 0 1 0 0 0 0 0 0 0 0 1 0 0 4 0 0 0 0 0 0 0 1 0 0 0 0 0 3 0 1 0 2 0 0 0 0 0 21 1 0 0 1 0 22 0 67970 0 0 0 4
240 AAA 67964 2 3 0 6 0 0 1 6 0 2 0 0 0 2 0 4 1 0 1 2 2 1 3 3 4 2 1 2 6 0 4 13 3 1 0 0 3 0 0 2 1 2 0 6 3 0 1 2 2 0 0 2 3 0 0 0 4 3 0 0 0 1 1
241 AAT 2 8 0 67884 4 0 1 2 2 0 0 4 0 1 1 7 2 1 0 1 3 5 2 0 2 1 0 2 0 0 0 0 0 0 0 4 1 2 0 2 1 0 0 0 0 0 0 0 0 0 0 4 2 2 0 0 0 0 1 0 2 0 0 2
242 GTC 0 0 0 0 0 1 0 0 0 0 0 1 2 25 0 2 0 1 0 0 0 0 0 0 0 0 0 0 0 0 2 1 2 0 0 0 0 8 1 3 0 0 3 0 4 67916 3 36 0 1 0 1 0 0 1 0 0 1 1 0 0 0 4 0
243 AGC 0 30 0 0 0 3 0 0 0 67936 1 34 0 2 0 0 0 0 0 0 1 0 0 0 9 2 0 2 0 0 0 0 0 0 0 0 1 0 0 1 1 22 3 0 0 1 0 0 0 0 2 1 1 0 0 1 0 0 0 0 0 0 0 0
244 ACA 2 2 0 0 68068 3 23 2 0 0 0 0 19 0 0 0 3 3 0 0 0 0 0 0 0 0 0 0 0 0 0 0 0 0 0 0 11 0 2 0 0 1 2 0 1 2 0 2 0 0 0 0 0 0 0 1 0 0 0 1 0 1 0 1
245 GTA 0 0 0 0 3 3 1 0 1 1 0 1 28 2 1 1 0 0 3 0 1 0 2 2 0 0 2 0 1 1 1 4 0 0 0 0 18 1 0 0 0 0 0 0 67982 0 6 3 0 0 0 0 0 0 0 0 0 0 0 0 7 0 0 0
246 CAA 1 0 1 0 0 1 0 0 1 0 1 0 0 2 0 0 68020 1 11 2 1 1 0 0 2 2 0 1 6 1 1 0 0 0 0 0 0 2 1 0 0 1 1 0 0 3 0 0 18 0 0 0 1 4 0 0 1 0 0 0 0 0 0 0
247 TGC 1 0 1 0 0 0 0 0 1 2 0 0 2 3 0 0 1 0 0 0 1 0 0 0 0 0 0 0 0 0 0 0 2 0 0 0 0 0 0 0 0 1 0 0 0 0 1 0 0 57 0 0 0 1 2 0 2 67896 0 54 0 0 0 0
248 ACA 6 0 0 0 68053 7 5 3 1 1 0 0 10 0 0 0 0 2 0 3 0 0 0 0 0 0 0 1 0 0 0 0 0 0 0 0 4 0 0 0 0 1 0 0 0 0 0 0 1 0 0 4 2 1 0 0 0 0 0 0 0 0 0 0
249 CAT 0 1 0 5 0 0 0 0 0 0 0 0 0 0 0 0 3 14 4 68074 0 0 0 0 0 0 0 6 1 0 0 1 1 1 0 0 0 0 3 0 1 1 0 0 0 0 0 0 0 2 0 9 1 0 0 2 0 0 1 0 0 0 0 0
250 GGA 0 0 0 0 0 0 0 0 12 0 0 0 0 0 0 0 1 0 0 0 0 2 0 0 0 1 0 0 0 0 0 0 13 1 0 0 3 0 0 1 68043 3 8 2 5 0 2 0 2 0 0 0 1 0 1 1 6 0 0 0 0 0 1 0
251 ATC 3 4 0 0 0 2 0 0 0 0 0 0 9 68159 0 10 0 3 0 0 0 0 0 1 0 3 0 0 3 2 0 1 0 1 0 1 0 0 1 0 0 0 0 0 2 1 1 2 0 0 0 0 2 1 0 0 0 0 0 0 1 0 1 0
252 AAG 15 1 67924 2 1 1 1 0 0 0 7 1 0 0 3 4 1 0 0 0 1 0 4 1 1 2 0 0 0 0 0 0 0 0 24 0 0 1 3 0 0 3 0 0 0 0 2 0 0 2 1 0 1 1 0 1 0 0 0 2 0 2 0 0
253 CCA 0 0 0 0 4 0 1 1 0 0 0 1 0 0 0 0 2 2 0 0 68082 3 5 2 0 0 0 0 5 0 0 0 0 0 0 0 1 2 1 0 0 0 0 0 0 1 0 0 0 0 0 0 15 0 0 0 1 2 1 1 0 0 0 1
254 GTA 1 0 0 1 0 1 0 0 1 0 0 0 26 0 0 0 0 0 1 0 2 1 0 0 2 0 0 0 1 1 1 0 2 3 0 0 5 0 0 0 1 0 3 0 68076 1 22 3 2 2 0 0 1 0 0 0 0 0 0 0 6 0 0 0
255 GTA 0 1 0 0 2 1 0 0 0 0 0 2 40 1 0 1 1 0 0 0 3 0 2 1 1 0 1 0 3 0 0 0 3 1 0 0 6 0 0 0 0 0 3 1 68089 1 8 2 0 2 0 1 0 0 0 0 0 1 1 0 4 0 1 0
256 TCA 0 0 0 0 4 0 0 3 0 1 0 0 1 0 0 0 0 0 0 0 4 1 1 0 0 0 0 0 0 0 0 0 0 0 0 0 2 0 0 0 0 0 0 0 2 0 0 0 6 0 0 0 68059 3 4 0 0 0 0 0 6 0 0 0
257 ACT 0 0 1 3 4 9 2 68001 0 0 0 1 1 0 0 15 0 4 0 0 0 0 0 0 0 0 0 0 0 0 0 0 0 0 0 0 0 0 0 3 0 0 0 0 0 0 0 1 0 0 0 1 0 0 5 1 0 0 0 0 0 0 0 5
258 CAA 5 0 2 4 0 0 2 0 0 0 0 0 0 0 1 0 142054 4 20 5 0 1 0 0 14 0 0 4 2 1 4 1 1 4 0 0 0 0 5 0 0 0 0 0 0 0 0 0 11 8 0 0 0 0 0 2 2 0 0 0 2 0 0 2
259 CTG 0 0 0 0 0 0 0 0 0 1 0 0 0 0 11 0 0 1 3 1 0 0 4 0 0 0 0 0 94 2 142176 8 0 0 0 0 0 0 0 4 1 0 1 0 0 0 3 1 1 0 0 3 0 0 0 0 0 0 2 0 2 3 30 0
260 CTG 0 0 0 0 0 0 0 0 0 0 0 0 3 0 8 8 1 0 6 1 0 0 25 1 0 0 6 0 49 0 141954 11 0 0 0 0 0 2 0 4 0 0 0 0 0 0 5 2 2 0 0 0 0 0 0 0 0 0 0 0 0 0 34 6
261 TTA 0 0 0 0 0 0 0 0 0 0 0 0 2 0 1 0 0 0 0 0 0 0 0 0 0 0 0 0 16 1 0 4 0 0 0 0 3 0 0 0 3 0 0 0 0 1 9 0 1 0 0 0 19 0 0 0 0 0 0 0 142056 0 14 1
262 AAT 4 4 0 142334 0 0 0 5 0 0 0 4 0 0 0 10 0 0 0 0 0 0 0 0 2 0 0 0 0 0 0 0 0 0 0 1 0 0 0 0 0 0 0 0 0 0 0 0 3 0 0 0 0 0 0 0 0 0 0 0 0 0 0 0
263 GGC 0 1 0 3 0 0 0 0 0 26 0 3 2 0 2 0 2 0 0 0 0 0 0 0 0 0 0 0 2 3 0 2 0 91 1 0 6 0 0 0 5 141687 2 175 0 3 3 0 2 0 0 0 5 0 0 0 0 4 0 0 0 0 3 0
264 AGT 0 0 0 33 3 3 3 2 0 18 0 141907 0 0 1 1 0 4 0 0 0 0 0 1 1 0 2 1 0 0 0 0 0 0 0 0 0 0 0 0 0 0 1 4 0 0 1 0 0 0 0 2 5 0 1 0 0 0 0 0 0 4 0 0
265 CTA 0 3 0 0 0 5 0 6 2 4 2 4 48 3 6 3 11 2 0 1 6 0 0 0 2 2 0 4 141830 3 35 5 0 3 0 0 7 1 4 1 0 0 5 0 2 4 3 0 2 0 3 0 1 0 2 2 0 1 0 0 37 4 0 0
266 GCA 0 2 0 2 62 3 0 1 0 0 0 0 0 0 2 0 5 3 2 2 1 7 0 0 1 3 0 6 0 6 3 0 12 0 1 1 141574 11 57 10 3 0 7 0 77 0 7 5 0 2 0 0 13 8 1 1 0 0 1 3 0 0 0 0
267 GAA 50 6 0 0 0 6 4 2 0 1 1 2 4 2 2 0 7 4 1 1 10 14 4 3 0 1 0 1 0 0 1 2 141740 6 23 3 0 0 3 1 13 4 9 2 5 1 3 0 6 5 0 5 0 2 0 4 0 0 0 0 2 3 4 2
268 GGA 3 7 4 2 2 4 1 0 39 0 0 3 1 2 7 0 6 2 0 1 0 1 3 5 1 3 4 5 2 0 0 0 19 0 4 4 3 0 0 0 141914 10 34 10 4 0 1 0 0 5 1 0 0 1 1 0 6 2 10 0 0 0 0 0
269 GAG 0 3 20 0 2 0 8 4 0 0 0 2 0 0 1 0 12 9 0 0 6 3 3 0 2 2 1 3 4 0 4 0 43 6 141660 11 0 8 10 3 0 0 61 6 0 1 5 7 0 0 6 0 6 2 5 0 0 3 4 0 0 0 2 0
270 GTA 0 7 0 1 2 1 3 1 0 6 0 0 64 0 3 2 0 2 0 0 11 7 0 0 2 1 0 0 2 2 0 5 7 3 2 0 19 0 0 0 0 2 0 0 142028 1 26 4 0 0 0 0 0 5 0 0 0 0 0 2 4 5 0 0
271 AGA 54 3 0 0 1 2 0 0 142070 4 1 4 7 1 0 2 8 0 0 0 0 0 0 1 1 0 0 3 0 3 4 0 0 1 0 0 0 0 2 1 7 0 2 4 1 0 1 3 0 2 0 0 2 2 0 2 0 8 0 0 0 0 6 5
272 ATT 0 0 0 0 0 3 0 2 0 0 0 0 8 12 1 142357 0 1 0 0 0 3 4 0 2 0 0 1 2 1 0 0 0 0 0 0 0 0 0 2 0 0 0 0 5 0 3 3 0 4 1 0 1 0 0 0 0 0 0 2 0 0 1 6
273 AGA 24 5 2 2 2 0 2 0 142028 2 12 1 9 1 1 4 2 5 0 0 0 0 0 0 8 6 1 1 0 0 0 0 3 1 0 0 2 0 1 0 48 0 0 0 0 0 4 0 0 0 0 0 0 0 4 1 1 1 0 0 5 0 4 0
274 TCT 4 3 3 2 2 4 0 8 0 3 1 0 2 3 0 2 1 1 0 2 4 10 3 9 0 1 0 0 0 5 1 2 2 0 2 0 2 0 5 0 5 2 3 0 1 0 1 1 0 0 3 12 13 71 13 141555 2 4 5 4 0 8 0 20
275 GAA 38 0 3 0 1 2 1 0 3 4 0 0 0 2 2 3 4 0 2 2 10 11 10 3 4 2 0 1 0 0 1 2 141478 1 10 8 4 9 1 0 12 0 3 0 11 3 0 9 4 3 0 0 0 5 0 7 0 5 1 2 2 0 2 5
276 AAT 13 7 4 142019 3 4 2 0 0 1 0 4 4 1 1 4 0 0 3 4 0 2 0 0 2 0 0 0 4 2 1 0 0 3 1 2 0 0 0 4 0 2 3 2 0 3 0 0 0 4 4 1 0 0 0 1 0 0 0 5 3 1 5 1
277 ATC 0 2 0 0 0 7 0 0 0 5 0 0 5 141496 3 58 1 0 0 0 0 2 0 0 0 2 0 0 0 1 1 1 1 0 0 0 0 1 0 0 0 0 0 0 0 10 0 2 0 0 0 0 0 0 0 0 0 0 0 0 0 5 3 0
278 ACA 9 3 0 1 141731 3 18 10 6 1 0 0 42 0 0 0 1 8 1 4 2 8 0 0 3 0 2 0 0 5 0 1 0 0 2 1 31 0 3 0 0 1 1 3 0 2 0 9 3 0 0 0 5 0 0 3 0 1 0 0 0 5 3 0
279 AAC 9 141973 0 22 0 6 0 0 0 1 0 0 0 3 1 0 0 2 0 1 3 0 0 0 0 8 0 0 0 0 0 0 2 11 4 0 0 0 0 0 0 0 0 0 0 0 2 0 0 1 0 0 1 0 0 0 0 0 0 0 0 0 0 1
280 AAT 7 11 1 141308 3 2 3 0 0 0 2 3 0 0 1 4 0 2 2 6 0 0 0 0 5 0 0 0 1 0 0 0 0 0 3 15 0 0 0 0 0 0 0 0 0 0 0 2 0 0 0 4 0 0 0 0 0 0 0 0 0 0 0 0
281 GCC 0 0 0 1 2 90 0 0 0 3 0 4 2 0 2 0 0 0 0 0 0 0 0 1 5 4 1 0 2 0 2 5 0 3 0 0 4 139877 0 9 3 0 11 1 1 78 2 1 0 0 0 1 3 5 4 6 0 0 1 0 1 0 4 0
282 AAA 142156 2 1 4 0 2 1 0 2 3 0 0 0 0 0 0 21 1 1 3 0 0 2 5 0 7 0 4 4 2 0 0 4 1 0 0 1 1 3 5 1 0 0 0 1 0 0 1 0 0 0 2 2 0 0 0 2 0 0 0 0 3 0 4
283 AAC 11 141679 0 23 4 1 2 0 0 11 3 1 3 3 0 0 0 2 0 1 3 0 0 0 0 5 0 1 0 0 0 0 0 1 1 0 0 0 0 0 0 0 0 0 0 2 0 0 0 0 3 0 0 1 0 0 5 0 0 0 0 0 0 0
284 ATA 5 2 0 0 7 0 0 0 2 0 0 0 141903 2 35 6 4 0 1 0 0 1 0 0 0 0 0 0 0 0 0 3 0 2 0 0 0 0 1 2 0 0 0 1 1 0 4 4 0 0 0 1 0 0 0 0 0 0 2 0 5 0 2 0
285 ATA 6 0 0 0 8 2 2 0 0 0 0 0 142131 4 38 2 2 2 1 0 0 1 0 0 0 0 0 8 12 7 1 3 0 0 0 3 0 0 0 0 3 0 0 0 19 1 0 1 3 1 1 0 0 0 1 0 0 2 0 0 14 0 0 1
286 GTA 3 0 1 0 6 0 3 0 0 0 0 1 79 0 0 0 0 3 0 0 8 0 0 3 0 1 2 5 0 3 0 0 2 3 1 0 26 0 2 2 5 4 0 2 140560 8 33 9 6 0 0 0 0 0 0 0 0 5 0 1 8 0 0 0
287 CAA 9 1 0 0 5 0 3 3 0 3 0 2 1 0 3 5 141477 0 9 1 0 0 0 4 5 1 0 0 2 0 2 0 0 0 0 0 2 2 0 0 0 1 0 3 0 1 0 0 26 0 0 0 0 2 0 1 0 0 0 1 0 0 2 5
288 CTT 0 0 0 0 0 0 0 0 0 0 0 0 1 0 0 10 0 0 0 5 1 2 0 5 0 2 0 0 23 19 5 140523 0 1 1 0 0 0 0 0 4 0 1 0 0 1 3 1 0 0 0 1 2 0 0 0 0 0 0 0 0 6 7 12
289 GCC 1 0 1 3 0 108 0 2 0 1 0 4 1 0 6 3 0 1 0 8 1 7 0 2 1 4 2 0 3 0 0 3 1 8 3 4 19 138510 1 63 8 2 6 5 1 129 5 1 0 0 0 0 2 13 0 0 3 0 1 0 2 0 0 2
290 AGC 2 28 2 4 4 1 0 3 3 137601 3 52 1 0 0 0 0 6 0 3 0 0 0 0 2 0 1 0 5 7 1 3 0 0 3 1 0 0 0 0 0 17 0 3 0 0 1 0 0 5 0 0 0 0 2 3 1 4 3 2 0 0 1 0
291 CCT 2 0 2 0 1 0 2 20 0 2 0 4 4 0 0 0 2 5 2 24 8 105 27 139476 0 0 0 0 1 0 0 5 3 0 0 0 1 5 2 0 0 0 0 3 0 0 0 0 0 0 0 0 0 2 0 8 0 0 0 0 7 1 0 0
292 GTA 1 0 0 0 4 3 0 1 0 0 1 0 65 6 0 0 0 0 2 0 0 0 0 0 0 0 0 0 4 0 0 0 3 1 0 0 12 0 1 0 0 0 2 0 137173 2 18 0 3 0 4 0 0 0 0 0 0 0 0 0 3 0 1 0
293 ACA 15 1 0 5 140080 12 2 10 4 0 1 6 44 3 5 5 1 10 0 2 17 3 5 2 3 0 0 5 5 3 2 6 0 0 0 0 6 3 4 0 3 5 9 2 4 4 0 2 0 0 2 1 13 0 4 1 1 0 2 0 4 3 0 4
294 ATT 0 0 0 7 2 0 0 6 0 1 1 1 8 17 8 139994 0 3 0 1 2 2 1 0 1 2 0 0 3 7 3 5 0 4 0 0 1 0 4 1 0 0 1 2 0 4 0 10 0 0 0 3 0 0 0 0 3 5 3 0 6 1 3 9
295 AAT 3 21 1 141677 2 1 5 1 0 1 1 16 8 13 2 15 4 1 8 7 1 0 1 0 2 3 0 4 5 2 1 0 3 4 4 11 0 0 3 0 3 0 0 2 5 1 3 3 1 0 0 8 0 0 2 4 1 0 0 2 4 7 1 6
296 TGT 0 0 0 1 1 0 0 0 0 0 0 6 0 0 0 0 0 0 0 3 0 0 0 2 0 2 0 2 0 0 0 0 1 0 2 0 0 0 3 0 0 1 0 11 2 2 0 0 1 0 0 26 0 0 0 1 2 36 0 120686 1 1 2 5
297 ATC 0 13 0 3 3 8 0 0 10 4 0 0 20 138160 5 34 9 0 0 3 0 0 0 0 3 1 0 0 2 3 2 0 2 0 2 0 4 0 1 1 0 0 1 2 1 6 6 1 0 0 0 0 0 0 0 0 0 0 0 0 2 3 2 0
298 AGA 26 0 0 0 0 0 0 0 131767 0 7 3 1 0 0 0 0 2 0 0 1 0 0 1 7 1 0 0 0 0 0 0 0 0 0 3 0 0 2 0 57 0 1 0 1 0 0 0 2 0 4 0 1 0 0 0 8 1 0 0 1 0 0 0
299 CCT 0 0 0 0 0 0 0 0 3 0 0 1 0 0 0 0 0 0 0 13 16 45 1 131695 0 0 0 2 0 0 2 11 1 0 0 0 0 0 2 0 0 0 0 3 0 0 0 0 0 0 2 0 0 0 0 16 0 0 4 0 0 0 0 0
300 AAC 6 139152 1 29 0 1 2 0 0 8 1 0 0 5 1 0 0 4 0 7 0 0 0 0 0 3 0 0 0 1 0 0 0 3 0 0 0 0 0 0 0 0 1 0 0 0 0 0 2 2 4 0 1 2 2 0 1 0 1 0 0 0 0 1
301 AAC 14 140205 0 26 0 1 0 1 0 7 0 1 0 1 0 0 0 0 0 1 0 0 0 0 0 0 0 0 0 0 0 0 0 2 0 0 0 0 0 0 2 0 0 1 0 0 4 2 2 1 1 0 0 4 0 4 0 0 2 0 0 0 0 0
302 AAT 3 18 0 132454 0 0 0 0 0 3 2 3 2 0 0 0 0 3 0 1 0 2 0 0 0 1 0 0 1 0 0 0 0 0 0 5 8 1 2 3 0 0 1 0 0 0 0 4 0 1 0 3 2 1 1 2 0 0 0 2 2 0 0 0
303 ACA 4 0 0 1 135902 4 36 4 1 0 4 0 24 0 2 0 0 1 0 0 0 0 0 0 5 1 1 1 2 0 0 4 0 0 0 1 12 0 0 0 0 0 0 1 0 0 1 5 0 0 0 0 2 3 2 2 0 0 0 0 0 0 2 0
304 AGA 22 1 0 1 1 0 0 0 136566 0 2 0 10 2 4 1 3 1 5 0 0 0 3 0 6 1 2 1 2 6 0 2 2 0 0 0 1 0 0 2 13 0 0 0 0 0 1 0 1 1 2 2 0 1 0 0 7 2 0 0 5 1 0 3
305 AAA 139071 1 3 1 2 3 2 1 7 0 0 1 4 2 0 0 7 3 3 2 0 0 0 0 0 0 2 3 8 0 4 0 3 0 0 0 0 0 1 0 0 1 0 0 0 0 1 5 6 1 0 0 5 0 0 2 0 3 0 0 3 2 4 4
306 AGT 6 0 4 16 2 5 0 9 11 0 3 94848 2 0 0 2 3 3 0 0 2 7 0 1 0 0 3 3 1 0 0 3 4 0 0 0 2 0 7 1 0 0 0 235 1 1 37 1 0 0 0 0 2 2 0 1 2 2 2 0 0 0 0 0
307 GTA 0 2 0 2 0 0 0 0 0 0 0 0 65 1 0 0 2 0 0 0 2 1 0 0 3 0 0 1 0 1 0 0 3 1 0 2 14 0 0 0 0 0 0 0 104705 3 18 2 2 70 0 0 0 1 0 0 0 1 0 0 1 0 0 0
308 CAC 1 4 0 0 8 85 0 0 0 0 1 0 0 2 0 0 3 123122 2 35 6 4 1 0 0 0 1 0 0 3 0 1 0 5 0 0 0 1 0 0 1 0 0 0 3 0 0 1 2 45 0 0 1 1 2 0 0 1 0 0 1 0 0 0
309 CTA 0 0 0 0 1 1 0 1 0 1 0 0 13 0 0 1 12 0 0 0 20 0 0 5 0 0 0 0 112815 4 33 1 0 1 2 0 2 0 0 0 5 0 0 0 0 0 0 0 0 0 95 0 0 2 0 0 0 0 0 0 18 2 1 0
312 GGA 4 3 2 0 0 1 0 2 19 0 2 0 0 0 0 3 12 3 0 2 0 0 0 0 0 1 1 0 4 3 0 2 21 50 2 0 1 1 1 1 72398 4 2 0 6 0 0 0 2 0 0 3 2 0 1 0 4 0 0 0 0 1 0 1
313 CCA 0 0 0 0 8 4 0 0 2 0 0 0 0 0 0 4 9 0 58 0 111988 6 49 5 0 0 0 0 11 2 1 0 0 0 0 0 7 1 2 0 2 0 0 0 0 0 0 0 1 0 0 2 18 1 0 0 2 0 0 0 2 0 1 1
314 GGA 1 3 0 3 0 3 0 0 28 0 3 0 0 0 0 0 0 3 2 1 0 0 3 1 2 0 0 0 4 0 1 0 23 36 0 2 2 1 1 0 93606 4 6 1 2 2 0 0 0 2 0 2 3 2 0 3 3 0 0 0 0 1 2 0
315 CAA 11 3 0 0 0 1 0 0 0 0 0 0 0 0 0 0 100652 1 0 1 1 0 0 0 0 0 0 0 0 1 0 0 3 0 0 0 0 0 0 0 0 0 0 0 0 0 0 0 12 1 0 0 2 0 0 0 0 0 0 0 0 0 0 0
316 GCA 5 1 0 0 68 0 0 0 1 0 3 0 0 0 0 1 2 2 1 2 8 1 0 0 1 0 0 0 1 0 0 0 7 1 0 2 76202 5 0 5 1 0 0 0 66 0 1 0 1 0 0 0 3 0 0 0 0 1 3 0 1 0 1 0
317 TTC 0 0 0 0 0 0 0 0 0 0 0 0 0 0 0 2 1 2 1 0 0 0 0 0 0 0 0 0 0 1 1 2 0 0 0 0 0 0 0 0 1 1 1 0 0 0 0 0 0 3 1 3 0 1 0 0 1 1 0 0 1 45912 0 14
317a TAT 0 0 1 5 1 0 0 1 0 0 0 0 1 2 0 1 1 2 6 16 0 0 0 0 0 0 0 0 4 0 5 2 1 0 0 2 0 0 0 0 0 0 1 0 1 0 3 0 3 7 2 107373 0 0 0 0 6 0 3 10 2 0 5 2
318 GCA 0 0 0 0 111 2 3 3 0 0 0 1 1 0 0 2 5 3 0 0 0 0 0 0 3 0 0 0 1 0 0 0 6 0 0 0 48396 0 5 1 0 0 3 0 64 0 1 1 2 0 0 1 5 0 1 0 1 1 0 0 1 0 1 0
319 ACA 8 1 1 1 117152 4 21 8 8 2 1 0 34 0 0 2 0 0 2 0 0 0 0 0 1 0 1 1 0 0 0 0 0 0 0 0 14 0 0 3 2 0 0 0 2 0 0 3 0 0 0 0 0 0 0 0 0 0 0 0 0 0 0 4
320 GAT 5 3 0 28 0 0 1 0 6 0 0 1 0 0 0 0 3 0 0 6 0 0 0 0 1 0 2 1 1 0 0 0 26 6 2 89227 3 0 1 2 3 1 2 6 2 0 3 1 0 1 0 7 0 0 0 0 0 0 0 0 0 1 1 0
321 GGC 1 4 0 0 2 4 2 0 3 39 2 1 1 0 0 0 1 0 0 0 0 0 0 0 0 3 1 5 0 0 0 0 0 71 1 0 2 0 3 0 4 50654 2 39 0 0 1 2 1 0 0 1 0 0 0 0 0 3 1 2 0 1 0 0
322 ATA 6 0 0 0 8 0 0 0 0 0 0 5 135807 1 16 0 0 0 0 2 1 0 0 0 0 0 0 0 0 0 0 0 0 0 0 0 0 0 0 0 0 0 0 3 4 0 6 0 3 0 3 0 0 0 0 0 0 0 0 0 3 0 4 1
323 ATA 10 2 3 4 0 0 0 0 0 0 2 0 133814 0 62 4 1 4 0 1 2 0 0 1 2 0 0 3 3 0 1 0 1 1 3 2 0 0 0 0 2 1 3 2 10 0 0 2 1 0 2 4 0 1 2 1 0 0 0 4 9 2 4 4
324 GGG 0 0 0 2 1 0 0 0 0 1 27 0 1 0 0 0 0 0 1 0 0 0 0 0 0 5 1 0 0 2 0 0 2 1 35 0 0 0 2 0 50 3 121794 16 0 0 1 0 0 0 6 0 0 0 3 0 2 1 10 0 0 0 0 0
325 GAG 1 1 29 2 1 3 2 0 0 3 2 0 8 0 4 8 2 0 9 1 1 1 0 0 3 7 2 0 0 0 2 1 46 2 133889 7 0 0 0 0 1 0 22 0 0 0 4 2 0 5 5 2 0 5 4 0 0 0 2 3 2 0 1 0
326 ATA 8 1 0 0 7 0 1 0 8 0 0 0 139664 7 37 0 2 2 0 0 0 2 2 0 1 0 2 0 1 8 0 3 1 1 0 1 2 2 0 0 0 0 0 0 11 4 1 0 1 0 0 0 0 1 0 0 1 0 2 0 4 2 2 1
327 AGA 24 3 0 3 0 1 1 1 140415 0 4 3 4 0 0 0 1 3 0 0 0 0 1 0 1 1 4 0 1 1 0 3 0 0 1 0 1 0 0 1 7 0 1 0 1 0 0 0 0 0 0 0 0 0 0 0 6 0 1 1 0 0 0 0
328 CAA 30 1 0 6 3 1 2 2 1 3 0 2 6 1 0 0 138860 7 22 2 6 0 0 0 15 2 1 0 3 9 7 0 1 1 1 0 1 2 3 3 4 1 0 1 4 2 2 3 23 0 1 1 3 3 0 2 0 2 5 0 3 1 2 1
329 GCA 0 0 0 0 74 0 0 0 0 0 3 0 0 0 1 0 0 0 0 0 6 4 0 0 0 0 0 0 0 0 0 0 3 0 0 0 127584 0 5 5 0 0 1 0 63 0 0 2 1 0 0 0 3 0 1 0 1 1 2 0 0 0 0 0
330 CAT 5 0 3 15 4 1 1 0 0 2 0 0 0 0 3 1 13 25 1 131173 2 0 0 0 2 2 1 3 5 0 3 2 0 2 2 2 4 1 0 1 1 1 0 0 0 0 0 0 0 0 1 37 1 0 1 0 0 0 0 1 2 0 3 1
331 TGT 0 2 0 0 0 2 0 0 1 0 0 8 0 0 0 0 0 1 0 1 0 0 0 0 0 1 0 7 0 0 0 1 0 0 1 3 0 0 0 0 0 1 0 1 0 0 0 0 1 0 2 36 1 0 0 0 16 20 2 135068 0 1 0 9
332 AAT 3 5 0 139656 3 3 0 0 0 0 0 14 4 1 0 5 0 11 0 3 0 0 0 0 3 0 1 1 0 0 0 3 0 0 0 16 0 0 2 1 0 0 0 1 3 1 0 0 0 0 0 6 0 1 0 0 0 0 3 0 0 0 1 0
333 GTT 0 1 0 0 1 0 1 0 0 0 0 0 1 0 0 50 0 0 0 1 2 2 0 0 2 0 2 0 1 6 5 2 0 0 0 2 0 1 0 13 0 0 0 1 6 17 0 134065 2 3 0 0 0 0 0 0 0 0 0 0 4 2 7 6
334 AGT 1 0 2 33 0 6 3 2 5 18 0 138743 1 0 3 1 0 0 0 1 2 2 0 0 0 2 3 5 2 0 0 0 0 0 0 1 0 0 0 0 1 0 0 15 0 0 0 0 2 0 0 0 4 0 5 1 0 0 0 0 0 0 0 0
335 AAA 141743 2 10 8 0 3 0 5 7 0 0 1 5 5 0 2 1 6 2 2 0 0 0 2 0 2 1 4 0 1 2 0 7 0 2 0 7 1 0 0 0 1 2 2 0 2 2 0 3 3 1 4 9 0 3 0 0 1 1 1 2 4 6 0
336 AAA 141803 7 178 1 9 2 2 9 20 0 0 0 2 2 0 4 2 0 2 6 0 4 4 3 2 0 3 0 0 2 0 6 9 4 0 0 0 1 1 3 1 1 1 0 0 3 1 2 1 2 0 5 6 2 5 0 2 0 0 0 0 3 6 4
337 GAA 32 0 2 0 0 0 0 0 0 2 2 3 0 0 5 2 5 7 0 3 0 1 0 0 1 0 0 3 2 0 0 0 141835 2 13 0 0 6 2 0 2 4 0 0 4 0 0 0 6 0 0 0 3 0 0 0 0 0 0 0 0 0 2 0
338 TGG 0 0 0 0 0 0 0 0 0 2 3 0 1 0 0 1 0 0 2 0 0 0 0 0 0 0 0 0 0 0 1 0 0 0 0 0 0 0 0 2 0 0 0 0 0 0 0 0 1 0 26 0 1 0 2 0 21 1 141147 2 3 0 3 0
339 AAT 10 3 6 141625 5 4 2 6 0 1 0 10 2 0 4 9 0 0 0 6 7 6 1 2 0 0 0 1 0 0 0 3 2 0 0 2 1 0 0 0 0 4 4 0 3 0 2 0 4 0 0 4 1 4 0 0 2 1 6 2 1 0 0 0
340 AGC 3 107 0 1 7 10 0 3 17 140852 5 63 3 11 6 0 8 1 5 4 12 8 7 0 1 5 6 0 0 3 8 2 1 0 0 0 3 3 3 3 6 58 0 5 0 8 1 4 0 2 0 6 3 7 0 4 0 4 5 0 3 6 8 0
341 ACT 7 2 2 3 16 12 6 136690 0 0 3 0 0 0 1 21 5 5 2 3 0 0 0 3 0 1 4 0 8 0 0 6 2 0 1 0 3 0 3 5 0 3 3 4 1 0 1 2 0 4 1 0 1 2 0 4 0 6 0 2 5 0 0 3
342 TTG 0 0 0 1 3 0 2 0 0 1 0 0 0 4 14 3 1 0 1 0 0 4 2 1 0 0 4 1 0 4 19 1 1 2 0 0 4 2 0 0 0 6 0 4 1 0 4 2 0 0 1 0 0 0 36 1 0 0 1 3 162 1 138199 4
343 CAA 18 0 3 6 2 5 0 1 0 0 1 2 1 2 0 2 141432 10 9 4 0 7 0 0 31 7 3 7 6 9 2 1 7 0 3 5 0 5 4 0 0 1 2 6 0 0 0 1 108 0 0 1 5 5 3 1 0 2 2 2 0 4 4 2
344 AAG 59 1 141592 13 0 8 3 10 0 7 108 7 1 3 6 4 4 7 10 1 0 0 0 0 1 4 2 4 6 2 5 4 0 0 12 5 4 2 0 2 5 1 2 2 0 0 0 0 1 1 1 0 3 2 1 3 0 0 2 0 7 0 0 0
345 GTA 0 0 0 1 19 0 2 2 4 0 1 0 87 0 0 0 0 0 0 0 0 0 0 0 0 0 0 1 1 0 2 3 4 1 0 0 7 0 0 0 1 0 1 0 141396 0 20 10 0 0 0 0 0 0 0 0 0 4 0 0 20 0 3 0
346 GCC 4 0 1 0 3 75 0 2 0 2 0 0 0 6 0 2 4 0 1 0 0 0 0 0 0 2 2 1 0 2 1 0 2 18 0 0 6 137772 1 11 3 2 3 8 0 112 8 3 0 0 0 1 2 10 1 2 0 1 0 0 0 0 3 5
347 AAC 6 141437 3 38 0 5 4 2 1 19 0 0 4 1 0 2 0 0 0 0 0 1 0 0 0 7 0 1 1 3 3 0 1 13 3 1 1 0 3 0 1 0 4 1 5 1 3 0 0 10 0 3 0 0 2 2 0 2 0 1 0 0 0 5
348 CAA 8 3 5 6 6 2 0 7 0 5 2 0 6 6 1 6 141565 7 5 12 0 0 0 1 1 5 4 0 8 0 4 0 0 0 1 0 5 2 2 4 0 0 2 0 2 4 8 2 22 0 0 0 1 2 7 0 1 1 0 4 1 3 6 0
349 TTA 0 0 0 0 0 0 2 1 0 0 0 0 18 0 0 2 0 0 0 0 0 0 0 0 0 1 0 0 17 1 3 0 0 0 1 0 0 1 0 0 0 0 3 0 3 0 0 0 29 0 2 2 9 0 0 1 1 0 0 0 141737 3 40 7
350 AGA 72 0 4 12 2 0 3 1 141835 0 8 1 15 6 5 2 3 3 4 9 2 0 0 0 20 0 10 4 4 2 0 2 2 0 0 0 0 3 2 0 8 0 9 0 3 1 1 6 0 0 1 0 0 0 1 0 4 0 2 1 1 1 1 0
351 CCA 0 1 5 2 22 14 1 11 2 0 1 4 5 0 0 1 17 8 0 6 141844 13 7 5 0 2 3 0 10 0 3 1 0 3 6 1 4 1 3 1 1 1 13 1 3 0 1 1 1 0 0 2 26 0 0 3 0 4 0 0 4 1 4 6
352 TAC 0 8 0 6 0 4 1 0 4 1 0 0 0 4 5 0 2 9 0 2 0 2 0 0 1 0 0 0 4 1 3 0 0 1 0 0 4 1 0 4 0 0 1 0 0 3 0 0 5 141406 4 32 0 0 0 0 4 8 3 3 3 5 0 4
353 TTT 0 0 0 0 1 0 0 0 0 1 2 0 2 0 0 8 0 0 0 1 5 3 0 0 3 4 1 0 0 3 5 8 4 0 4 2 0 2 1 0 3 0 1 5 0 5 6 11 0 1 0 9 0 0 0 9 0 0 1 0 17 12 2 140082
354 AAG 84 3 141823 17 2 4 6 3 0 4 22 0 2 5 3 1 2 3 0 1 5 8 1 4 5 2 1 7 0 0 2 5 1 4 15 0 2 4 1 0 1 0 8 10 6 0 2 2 0 0 2 7 2 2 2 3 0 0 0 5 3 2 4 4
355 AAC 14 141939 4 31 4 5 3 0 0 6 0 0 0 7 0 3 2 8 3 6 5 8 0 4 0 1 1 2 1 0 0 1 0 0 1 2 0 0 0 0 1 3 1 1 4 2 0 3 1 1 0 5 1 1 0 2 0 0 1 0 1 0 4 0
356 AAC 17 141893 1 31 3 7 0 0 4 22 3 0 0 3 0 1 0 5 0 3 0 1 1 0 0 7 1 2 1 1 0 0 1 11 10 2 1 2 0 0 0 4 2 0 2 1 5 6 9 0 0 0 0 3 0 3 4 0 8 0 0 1 2 0
357 ACA 22 0 1 0 141919 2 7 2 1 0 1 0 11 2 0 0 1 2 2 0 1 1 3 3 2 1 3 0 0 2 1 5 0 0 0 2 5 3 2 0 4 0 5 0 0 0 0 2 0 0 0 6 2 6 0 5 0 0 5 0 0 0 0 0
358 ATA 3 0 1 0 15 4 6 0 2 1 4 0 141948 1 9 0 0 2 1 10 13 6 0 1 8 1 0 0 1 0 0 2 0 0 0 0 0 2 2 0 0 0 0 0 10 0 0 1 1 0 1 3 0 3 3 2 0 0 1 2 7 0 4 0
359 ATA 35 0 1 0 8 0 0 0 3 0 0 0 142151 0 20 4 1 0 0 0 0 3 0 0 0 0 1 0 0 0 0 0 0 0 0 0 0 0 0 0 0 0 0 0 2 3 2 0 1 2 0 3 0 0 0 1 2 0 0 0 0 1 0 1
360 AAA 141933 8 8 18 1 10 1 1 12 8 2 2 6 5 0 0 0 6 2 1 0 0 1 0 4 1 3 1 11 1 3 0 12 10 0 0 2 2 1 0 0 0 0 0 5 4 0 0 3 0 0 3 4 0 4 6 0 0 3 0 6 2 1 0
361 TTT 5 4 0 2 0 2 0 0 1 0 0 0 0 0 0 11 0 0 0 0 0 4 0 1 0 0 0 0 0 0 0 12 0 0 0 2 1 0 3 0 0 2 1 0 0 0 0 0 4 5 0 1 0 0 0 2 0 0 1 1 0 4 6 141934
362 GCT 8 3 1 3 2 0 0 88 0 2 3 3 1 0 8 2 7 0 1 0 0 0 0 0 1 1 0 0 3 0 0 0 2 0 2 12 13 18 7 141717 3 0 2 0 1 0 5 93 0 2 4 1 6 6 2 11 1 0 1 1 2 3 4 6
363 AAC 13 142099 9 27 4 6 1 0 1 7 0 2 3 9 1 8 2 3 5 1 2 3 0 0 2 6 1 0 1 8 0 0 3 10 0 0 5 2 5 3 7 1 2 3 2 0 2 0 5 1 0 3 3 0 0 2 0 3 0 0 0 5 1 0
364 TCA 10 8 0 10 10 1 4 0 3 2 0 0 0 0 0 0 5 6 1 0 9 1 0 7 4 0 0 0 0 0 0 0 0 1 0 0 4 4 1 2 0 1 0 2 0 4 0 1 9 0 0 0 141950 0 14 6 0 2 0 3 20 0 0 0
365 TCA 0 1 0 0 8 1 0 0 0 2 0 1 0 0 0 0 1 0 0 0 30 1 1 2 0 0 0 0 1 0 0 0 1 5 0 0 2 2 3 0 2 0 0 0 0 0 0 2 4 0 2 0 141230 8 61 1 0 0 0 2 29 0 0 0
366 GGA 1 1 0 0 0 0 0 0 21 0 0 0 1 1 0 4 2 0 0 0 0 0 1 0 0 0 0 0 0 1 1 0 12 0 1 0 0 1 0 0 142210 2 21 0 0 0 0 0 0 0 0 0 0 2 0 2 7 0 3 0 0 0 0 0
367 GGG 0 0 0 0 0 0 0 0 0 0 103 0 0 0 0 3 5 1 0 0 2 2 2 0 0 0 1 0 1 2 0 6 0 0 25 0 0 0 0 0 38 0 141976 7 2 0 6 0 0 0 0 0 0 3 0 0 1 0 5 0 1 0 0 4
368 GAT 0 0 0 23 0 0 1 0 0 0 0 0 0 3 0 1 2 1 0 0 0 3 1 0 0 0 0 0 0 0 0 0 6 11 0 142180 5 0 3 2 0 0 0 3 0 0 0 0 0 5 0 6 0 0 0 0 0 0 0 0 0 0 0 1
369 CTA 4 5 3 3 5 2 0 0 0 0 6 0 15 3 5 1 5 0 2 3 39 0 0 5 0 3 4 0 141963 1 53 6 1 0 0 0 0 1 0 5 0 3 2 0 9 0 9 0 0 10 1 3 2 0 0 4 1 0 7 1 17 1 2 6
370 GAA 11 1 1 0 0 0 0 0 0 0 3 0 2 0 1 0 0 1 0 0 0 0 0 0 0 3 2 4 0 0 0 0 142196 0 10 2 0 1 0 0 2 1 0 1 0 0 0 0 6 0 0 0 0 2 0 0 1 0 0 0 0 0 0 2
371 ATT 0 0 0 9 0 0 0 5 0 0 0 11 11 21 0 142180 0 2 2 1 3 0 0 0 0 0 0 1 0 5 2 4 0 0 0 0 0 0 0 0 0 0 3 0 1 1 0 5 0 0 1 0 0 0 0 0 1 0 1 1 0 0 0 6
372 ACA 6 0 0 0 200536 11 47 10 1 1 0 3 83 1 3 2 3 0 0 5 6 0 0 0 1 5 0 0 0 4 1 9 5 1 0 2 17 1 10 8 1 3 3 0 9 1 6 7 0 0 2 1 15 10 0 2 2 8 1 0 0 0 1 0
373 ACA 5 0 3 0 200851 10 12 15 1 1 0 9 21 0 1 0 13 9 6 3 3 2 0 4 2 0 0 0 2 0 4 0 2 0 4 0 24 4 1 0 2 1 0 0 1 1 0 4 0 2 1 0 4 2 2 9 0 1 0 6 0 2 0 3
374 CAT 0 2 0 10 2 1 4 6 0 2 0 9 0 2 9 0 3 29 1 200703 0 0 0 0 1 0 0 4 0 6 0 10 1 0 0 4 6 5 5 4 4 0 0 0 5 0 0 1 0 0 1 24 4 0 0 1 2 0 7 0 0 0 3 7
375 AGT 10 5 0 42 3 1 7 10 6 20 1 199891 3 0 1 7 3 6 3 5 0 0 0 0 0 0 1 5 0 4 0 2 0 0 0 0 11 0 2 0 0 0 7 22 5 0 1 4 0 0 0 0 0 0 5 2 0 0 6 0 1 5 5 1
376 TTT 2 4 6 0 0 7 0 0 0 0 0 0 0 0 1 9 0 3 1 0 0 0 0 0 0 0 0 0 0 0 0 9 2 0 0 0 5 0 3 0 0 0 2 0 0 2 0 0 2 0 3 5 0 0 0 14 0 1 8 0 3 17 0 200396
377 AAT 3 10 5 200734 4 3 0 0 1 1 0 11 0 0 1 10 2 0 0 1 0 0 0 0 0 6 0 4 0 3 0 3 0 0 0 40 3 3 2 0 0 0 0 0 0 2 0 2 0 0 0 2 7 0 6 0 0 0 0 0 0 0 4 2
378 TGT 3 0 0 0 0 6 0 0 0 0 0 0 0 0 0 0 1 1 3 2 3 0 0 0 2 0 0 10 0 0 0 0 0 0 0 0 0 0 0 0 3 0 3 0 0 0 0 0 1 1 1 67 0 1 0 1 1 14 2 200435 3 0 0 6
379 GGA 0 0 1 0 0 0 0 0 54 0 1 0 0 0 0 2 4 0 0 0 0 0 0 0 0 3 0 4 0 0 0 0 45 1 0 0 0 0 1 0 200529 5 66 20 10 0 0 1 0 0 0 0 0 0 0 0 8 0 0 0 1 0 5 0
380 GGA 0 4 0 1 0 0 1 0 46 3 7 0 2 0 4 0 13 0 0 3 2 0 0 1 1 0 0 0 2 0 0 0 11 0 0 0 0 1 1 0 200770 5 13 4 9 1 1 3 6 0 0 1 3 0 0 0 5 0 0 0 1 0 0 0
381 GAA 47 0 0 2 4 2 3 0 1 0 0 1 0 0 2 0 4 6 0 0 3 1 0 0 0 0 0 0 2 3 0 0 200706 0 5 7 0 0 0 0 2 1 0 0 2 0 0 0 0 1 0 0 4 4 0 0 2 0 0 0 0 0 0 0
382 TTT 0 5 0 4 0 1 0 0 0 2 0 0 0 1 0 38 0 0 0 1 3 3 0 0 0 1 0 2 0 0 0 0 6 0 3 0 0 0 1 3 0 0 0 0 1 0 0 3 0 1 0 16 0 3 0 4 2 0 0 0 9 14 9 200392
383 TTC 0 9 0 0 0 2 0 5 0 0 0 0 0 8 0 0 0 0 1 2 3 3 0 0 1 1 3 0 5 1 10 0 0 0 0 0 6 0 0 0 0 0 2 2 2 2 0 1 2 3 3 0 1 17 0 1 0 3 2 2 32 200643 0 63
384 TAT 3 1 4 15 0 4 0 0 3 2 3 0 0 0 0 1 0 4 0 16 10 0 2 0 0 0 3 0 2 3 1 4 0 2 2 0 0 0 4 2 0 0 0 0 0 0 0 2 3 23 12 200527 5 3 0 3 1 0 0 8 1 0 3 14
385 TGT 0 1 0 0 0 1 0 0 4 0 3 1 2 2 0 0 0 4 0 0 2 1 0 0 0 0 0 8 0 0 1 0 2 0 1 0 0 0 0 0 7 0 2 1 1 0 0 9 0 3 7 61 0 0 0 3 13 60 2 200263 6 0 0 9
386 AAC 27 200469 0 56 6 11 3 3 1 38 7 1 2 3 1 0 1 13 4 1 0 12 5 0 3 0 5 2 3 6 0 0 1 37 7 1 2 9 1 5 0 2 5 2 7 2 4 7 0 2 0 3 10 3 3 2 0 1 4 0 12 2 0 2
387 ACA 19 0 0 0 200860 13 19 3 2 0 0 0 9 0 0 0 0 2 0 0 1 0 3 0 0 0 0 1 5 0 2 0 0 0 1 0 3 0 0 0 1 0 0 0 2 0 0 0 0 0 0 3 3 9 5 6 4 0 0 0 1 0 2 1
388 TCA 6 2 2 7 9 4 1 6 1 1 2 0 3 3 0 0 2 11 4 6 17 1 0 0 0 3 5 1 0 2 4 4 0 3 0 11 6 7 0 0 1 2 2 0 8 0 0 1 6 4 3 0 199839 7 102 12 0 0 0 0 29 6 0 0
389 GGC 11 3 2 2 1 13 0 0 2 64 0 0 1 3 7 3 19 4 5 0 11 0 1 5 1 29 14 11 0 3 0 2 0 101 0 2 7 15 2 5 12 198721 11 56 4 21 4 0 3 3 0 3 16 5 0 3 0 18 1 6 13 3 2 1
390 CTG 0 1 0 0 0 0 0 0 0 1 0 2 6 7 40 6 0 0 8 8 3 0 36 3 0 3 3 0 86 16 199868 7 0 0 1 0 0 3 0 0 0 0 0 4 0 0 0 2 4 0 0 0 0 0 0 4 1 0 5 0 3 0 22 4
391 TTT 4 5 0 0 2 1 1 4 0 0 2 0 0 3 0 13 1 2 0 2 2 1 0 0 0 0 5 5 0 2 5 14 3 1 0 2 0 0 2 0 0 3 8 0 5 0 1 4 0 1 0 14 0 0 5 17 2 0 4 0 6 31 1 199162
392 AAT 20 30 8 200468 15 4 17 3 6 18 9 39 7 5 6 8 1 4 0 9 13 5 4 4 1 7 3 12 2 3 6 1 2 6 9 8 7 4 10 7 8 0 6 3 0 1 1 3 5 7 1 3 7 16 5 11 0 0 4 7 1 6 1 6
393 AGC 4 104 5 2 13 7 7 4 6 197432 1 84 0 13 4 0 25 8 0 8 14 6 5 0 0 11 0 0 0 0 4 0 4 5 6 5 4 8 8 5 4 88 12 18 3 3 2 4 0 5 5 4 2 0 6 1 2 7 4 0 0 4 0 10
394 ACT 11 12 11 22 35 26 16 199747 13 17 10 17 8 0 2 61 10 9 5 3 4 8 10 9 5 13 7 5 5 1 0 3 10 2 13 11 9 0 7 4 7 0 10 14 8 24 3 7 1 2 7 4 6 8 13 0 4 5 10 3 8 0 4 1
395 TGG 5 11 6 1 0 9 5 7 0 3 9 7 8 2 18 7 1 4 3 9 1 10 1 2 0 4 36 0 15 5 2 5 1 4 2 4 11 2 9 0 0 1 17 3 1 6 6 1 0 6 14 8 9 5 8 4 24 5 198440 18 5 8 20 18
395a GAG 4 4 51 1 11 14 15 7 0 5 6 15 5 15 4 9 5 6 20 17 11 11 7 7 3 8 4 3 1 10 14 2 106 16 199077 27 7 0 7 0 11 12 27 5 6 3 9 11 3 11 11 5 5 5 18 2 0 3 10 12 7 8 13 11
396 TTT 4 10 0 0 7 9 0 6 1 3 4 0 3 9 8 13 0 16 6 4 5 14 7 11 3 1 19 0 6 5 1 29 5 2 11 0 7 3 1 3 4 3 0 7 5 1 1 11 5 9 6 18 3 0 0 32 0 4 7 1 14 37 8 198630
397 AAT 18 22 0 200418 4 4 0 1 2 1 1 26 1 5 0 10 0 11 0 2 7 4 4 3 2 1 5 4 4 0 1 0 0 2 0 22 0 1 0 8 0 0 1 0 5 4 1 1 3 1 0 15 4 7 3 3 0 0 2 0 0 2 0 0
398 AGC 4 98 0 0 3 14 0 9 14 196145 11 76 0 10 3 5 11 3 9 0 18 12 0 2 2 13 0 12 9 2 7 2 2 3 0 0 3 10 3 1 0 52 1 11 0 2 3 11 2 1 2 1 0 7 6 0 4 5 5 0 0 0 0 0
399 ACT 10 1 12 18 20 23 11 196769 4 2 6 7 4 7 1 43 10 3 0 4 11 17 0 7 11 8 4 7 1 1 3 11 3 6 15 0 5 18 3 9 1 1 6 11 8 2 5 8 3 2 0 2 6 4 0 17 0 0 1 4 4 0 6 6
400 TGG 16 8 6 11 10 2 22 0 11 8 10 7 5 1 0 13 1 1 3 1 5 2 1 4 3 5 78 4 5 0 13 14 5 0 6 4 4 4 1 1 0 4 2 23 4 0 4 5 0 0 26 3 1 5 2 2 34 12 197254 4 0 6 13 1
406 AAT 12 44 8 199718 12 5 9 0 4 0 4 18 1 5 2 14 0 19 5 7 13 19 7 3 3 2 8 5 3 1 6 3 6 2 0 9 4 8 14 0 3 5 4 12 3 11 4 9 0 6 0 12 0 3 5 5 0 0 8 5 5 4 2 2
407 AAT 9 7 1 198931 4 11 3 11 2 0 3 5 2 7 11 8 1 3 10 3 14 7 7 0 2 0 3 0 6 1 1 5 0 0 7 20 6 5 0 6 2 3 5 5 0 0 0 5 0 3 0 4 0 0 5 2 0 7 2 1 10 2 0 0
408 TCA 0 8 2 9 9 10 2 9 2 7 4 4 0 4 7 3 1 6 10 3 17 6 3 3 4 2 3 8 0 9 3 0 3 7 9 8 10 5 10 1 7 6 13 5 9 2 4 11 16 4 0 6 199271 6 46 2 6 5 7 11 34 3 9 2
409 AAT 23 17 6 200045 4 9 1 7 1 4 4 13 2 6 0 6 7 6 16 4 2 4 13 2 2 6 1 3 2 5 0 2 4 1 0 30 12 7 8 3 12 7 5 6 8 2 0 2 0 3 1 3 6 8 1 2 0 0 8 17 5 1 10 2
410 AGC 2 99 4 1 8 12 1 4 10 189753 4 84 3 7 2 2 4 16 11 3 12 6 7 4 2 6 3 0 11 0 6 2 0 12 2 18 7 6 7 1 0 45 2 0 0 5 2 0 0 3 0 3 0 6 8 0 0 10 2 2 0 1 4 1
411 ACA 21 5 1 4 198902 2 27 5 0 2 3 1 33 0 3 0 9 4 22 3 9 3 0 8 0 15 0 6 13 4 0 4 4 0 0 4 18 0 4 3 2 0 3 1 1 1 0 7 2 0 0 7 12 1 2 0 3 1 3 0 1 2 1 6
412 GAG 0 0 26 0 2 5 3 2 0 4 1 1 0 0 1 3 3 4 11 8 0 11 0 0 3 4 0 0 0 8 11 4 30 3 194638 5 0 2 5 0 2 4 8 0 2 4 14 0 0 2 2 0 0 4 6 1 2 0 0 0 8 0 3 0
413 AAT 16 13 3 196975 7 2 0 2 0 0 13 7 0 6 9 8 6 3 5 0 6 5 0 1 3 1 3 0 0 2 0 0 3 4 5 21 0 4 2 7 2 0 4 1 0 1 4 2 0 0 0 9 2 0 2 0 1 3 0 0 0 1 5 4
414 ATA 1 2 0 0 14 1 0 1 0 0 1 0 199137 0 14 4 1 6 3 7 0 0 0 0 0 0 0 0 6 0 0 0 1 0 0 0 0 2 3 0 0 4 4 0 21 3 4 1 1 0 1 1 0 0 0 0 1 0 0 0 2 5 4 0
415 ACT 4 1 0 35 16 19 0 183739 0 2 0 3 1 0 4 24 9 0 0 4 1 0 0 0 0 1 2 0 0 2 0 0 0 1 0 2 0 0 0 8 5 3 0 0 4 0 2 9 1 1 0 7 2 0 1 1 0 0 2 0 2 1 0 1
416 CTC 0 0 0 0 0 0 1 1 0 0 3 4 0 7 2 1 0 2 0 0 0 21 0 4 1 2 0 0 10 185615 1 51 0 3 0 0 0 0 0 1 0 1 0 0 0 8 1 6 0 0 2 4 0 0 0 2 0 0 0 0 2 23 5 0
417 CAA 21 10 0 4 0 3 5 1 0 7 0 0 13 3 0 0 196797 0 8 3 13 5 0 10 14 0 0 2 12 0 4 0 4 0 0 0 2 0 0 7 0 4 3 4 4 0 0 3 15 0 0 2 5 1 0 0 0 0 0 2 0 3 0 0
418 TGC 1 0 0 0 0 4 0 0 0 2 0 2 0 4 0 0 0 0 0 0 0 0 0 2 0 8 0 0 0 0 0 0 0 0 0 0 0 0 2 0 0 1 2 0 2 0 0 0 1 108 0 0 0 5 2 0 28 173348 0 190 0 6 0 1
419 AGA 44 9 8 6 6 0 0 7 185556 0 6 1 15 0 2 2 4 0 1 0 2 0 3 1 12 0 3 7 0 2 0 0 0 0 0 0 2 1 1 0 26 3 0 0 0 3 0 1 2 0 0 5 0 0 0 2 10 2 3 0 0 0 0 2
420 ATA 1 2 0 0 0 0 0 0 0 0 0 2 193440 6 20 3 1 1 0 0 0 0 4 1 0 1 2 0 8 3 0 6 5 0 0 0 0 0 0 0 0 0 0 0 7 0 7 2 3 0 0 4 0 0 1 0 5 0 0 7 3 6 5 2
421 AAG 101 5 189083 21 0 0 1 0 3 0 22 0 0 2 0 0 1 11 2 1 0 0 0 0 0 0 9 1 0 0 1 0 0 0 20 1 0 0 0 0 0 0 0 0 0 1 0 0 2 0 9 0 0 0 0 0 0 0 0 0 0 0 1 1
422 CAA 8 0 6 2 0 0 0 0 5 0 2 0 0 1 1 2 195129 1 9 0 0 0 0 0 1 0 0 2 0 0 0 4 0 2 0 0 0 0 0 0 1 3 0 0 0 0 0 0 36 0 0 0 5 5 1 1 0 2 0 3 0 0 0 0
423 ATT 0 1 0 24 0 1 0 2 2 0 0 4 6 18 0 140319 0 0 0 0 0 0 0 0 0 0 0 3 6 0 0 5 0 0 0 2 0 2 0 0 0 0 1 0 8 0 1 4 0 2 0 3 0 0 0 0 0 0 0 0 0 0 1 7
424 ATA 10 6 0 0 14 5 1 0 3 0 0 0 168683 21 21 9 0 0 0 0 2 0 0 2 3 0 0 0 6 0 0 2 0 1 0 0 1 0 0 0 0 1 1 3 2 2 1 2 2 0 0 1 0 1 0 1 1 0 0 0 6 3 0 0
425 AAT 36 16 9 181156 6 6 6 2 1 2 2 2 1 1 0 9 0 4 14 1 1 3 1 2 8 5 2 6 0 3 1 1 0 1 1 5 0 3 4 5 4 4 2 8 1 1 5 0 1 4 0 8 3 0 9 0 0 0 3 0 1 2 0 0
426 ATG 2 0 1 0 4 0 8 2 0 1 6 0 65 3 127916 4 1 3 1 0 3 5 0 1 0 0 0 2 2 2 2 2 0 0 0 0 0 2 0 0 0 0 0 0 4 0 8 4 0 0 1 6 0 0 1 0 0 0 0 1 8 2 2 1
427 TGG 5 0 2 3 0 0 0 0 0 0 8 0 0 1 0 0 0 0 0 0 0 0 0 0 0 3 7 0 0 0 0 0 0 0 0 1 0 0 0 0 0 1 0 0 0 0 2 0 0 0 37 0 0 0 1 0 79 5 154967 0 0 0 15 2
428 CAA 7 0 0 5 2 1 0 4 0 4 4 3 0 0 0 0 184732 5 15 7 0 2 0 0 16 3 0 0 0 0 0 0 0 1 0 1 6 0 0 3 0 0 0 0 0 0 0 0 47 4 0 0 4 3 3 4 2 0 1 0 0 0 1 0
429 AGA 53 8 5 0 5 2 2 4 177525 6 10 2 18 2 2 1 4 2 0 1 0 3 3 0 4 0 1 1 0 0 3 2 1 3 13 0 2 3 0 1 22 0 3 0 3 0 1 0 0 0 0 6 1 0 0 0 91 0 0 0 1 0 0 0
430 GCA 1 11 1 7 88 7 1 6 2 8 0 4 7 4 2 12 11 3 15 0 9 6 3 5 0 0 0 3 4 7 0 2 11 4 0 2 127670 6 76 8 4 3 0 7 167 4 2 1 0 8 0 0 12 4 0 8 0 0 1 1 0 1 1 4
431 GGA 0 0 0 5 0 0 0 2 48 0 4 0 2 1 1 0 1 6 1 3 0 1 0 2 7 8 0 0 0 3 0 4 24 8 4 0 1 0 0 3 126227 7 24 2 1 2 0 1 0 1 0 0 2 3 0 0 10 2 3 0 1 2 0 1
432 CAA 32 13 18 4 5 5 3 3 6 3 4 1 3 3 1 3 151639 9 39 8 5 6 2 6 8 3 6 5 18 4 1 5 8 0 1 2 11 5 1 10 0 0 1 0 8 5 6 0 11 5 0 12 0 2 5 1 3 1 1 0 4 1 4 1
433 GCA 2 2 2 2 69 4 6 0 7 8 3 7 2 0 1 0 11 2 1 5 6 0 0 2 0 0 1 5 2 1 1 5 14 0 0 0 131368 8 9 1 1 2 3 2 75 5 2 8 0 4 0 2 13 1 0 1 0 1 3 2 2 7 0 4
434 ATA 2 0 0 15 6 6 2 3 3 0 0 0 175917 6 39 13 2 1 2 4 2 0 0 1 2 4 0 0 11 0 2 0 0 5 0 0 0 0 0 0 0 0 0 0 10 5 2 2 0 2 0 4 0 2 2 2 0 0 0 1 5 0 3 3
435 TAT 5 0 0 6 0 0 1 0 1 0 1 2 14 0 2 0 0 0 0 7 0 0 0 0 3 0 2 0 0 0 0 0 2 0 5 3 3 0 0 0 0 0 0 3 0 2 0 4 4 17 6 165264 0 0 0 3 1 0 2 30 7 6 0 3
436 GCC 7 4 0 0 2 89 8 2 0 0 0 0 4 1 1 4 5 2 6 0 3 1 0 0 3 0 0 3 1 2 4 0 0 9 0 0 9 146215 8 20 0 1 0 1 3 118 1 0 0 4 0 0 0 11 3 0 1 8 4 0 6 0 0 1
437 CCT 0 2 0 0 0 1 0 8 0 0 4 2 0 0 0 0 8 1 0 20 10 32 0 110483 0 0 2 1 0 0 0 35 0 0 0 0 0 0 0 0 0 0 0 0 1 0 1 2 0 2 0 6 0 1 0 13 2 0 0 0 2 1 0 2
438 CCC 0 6 0 2 6 16 9 0 0 2 0 1 0 0 4 0 0 39 0 0 19 111853 3 7 3 3 0 0 1 14 0 0 2 0 0 3 1 5 3 1 0 1 0 0 0 0 5 7 0 2 0 0 0 13 3 1 2 0 0 2 2 0 0 1
439 ATA 9 0 1 4 18 0 0 3 2 0 2 0 190710 1 12 4 6 2 3 3 0 1 0 0 0 0 1 0 6 0 0 2 0 0 1 0 0 5 0 0 1 0 0 0 5 4 1 0 0 1 0 1 0 0 2 1 6 0 1 3 0 0 0 3
440 CCA 6 0 2 0 21 4 1 3 0 7 4 0 2 0 0 5 22 0 1 0 174945 11 52 22 6 2 2 1 23 0 0 2 4 0 3 0 3 0 0 0 2 0 0 0 5 0 8 10 0 1 0 0 26 2 2 5 2 2 0 0 2 0 2 0
441 GGA 2 0 1 4 3 1 0 0 15 0 0 0 3 0 1 0 0 5 0 7 0 0 1 0 0 0 1 5 5 0 0 0 20 5 2 5 0 0 0 3 168467 4 24 8 4 2 2 0 3 1 2 1 6 0 0 0 14 5 2 0 0 0 1 1
442 GTA 8 0 4 6 3 8 0 0 0 4 0 1 92 1 0 0 1 2 0 2 10 5 0 4 6 5 3 4 13 7 2 3 25 0 0 0 18 2 1 5 2 2 0 0 189458 1 9 5 2 6 3 4 1 0 0 5 0 0 2 1 4 2 10 8
443 ATA 19 0 0 1 11 0 0 0 0 0 0 1 190714 12 75 9 1 0 1 0 0 0 0 0 0 0 3 0 4 0 5 4 0 0 0 1 0 0 0 0 0 1 0 0 7 0 7 0 7 1 1 0 0 0 0 1 0 0 0 7 10 0 6 5
444 AGG 0 0 34 5 4 0 6 2 87 3 182991 13 6 0 16 0 1 0 0 0 0 0 2 0 1 2 19 6 0 0 11 1 1 0 3 0 1 0 0 0 0 1 32 1 0 0 1 0 2 1 0 2 0 0 2 0 0 1 12 5 0 0 0 0
445 TGT 0 0 0 0 0 0 0 0 0 4 0 1 0 0 1 0 0 1 1 0 0 0 0 0 0 0 0 15 0 0 0 2 0 5 0 0 1 0 0 0 2 0 2 1 0 0 1 0 0 0 6 54 1 0 3 2 0 32 2 192595 0 0 0 12
446 AAA 199518 4 5 5 5 7 0 0 5 0 2 0 2 0 0 0 0 7 1 0 0 1 0 0 0 0 0 2 0 2 3 0 15 0 3 5 0 0 1 0 0 0 0 0 0 0 0 0 1 0 0 0 1 1 4 0 0 0 0 0 1 0 0 0
447 TCA 0 2 1 1 7 0 0 2 0 0 0 2 1 1 0 0 1 2 2 0 6 0 0 0 1 0 5 0 2 0 0 0 0 2 0 0 6 0 0 2 0 0 4 0 0 0 0 0 7 0 1 0 187019 2 14 12 1 0 0 0 23 0 1 0
448 AAT 14 8 0 198082 0 0 0 1 0 1 4 5 0 5 2 1 0 0 3 0 0 0 0 0 0 1 0 0 2 0 5 0 0 1 1 18 0 2 0 4 0 4 2 4 1 0 0 3 0 4 0 1 0 8 1 6 0 0 1 4 0 0 2 1
449 ATT 0 0 0 14 0 0 0 14 0 0 1 0 2 15 4 187735 3 1 0 4 0 0 0 0 0 0 0 2 0 0 3 1 0 0 0 1 0 0 0 0 0 0 4 0 0 4 2 4 0 0 0 0 0 0 0 0 0 4 0 0 6 0 0 0
450 ACA 6 0 0 3 197440 17 127 20 8 6 0 1 93 0 1 0 1 0 0 0 4 0 0 0 0 0 0 0 0 0 0 3 0 0 0 0 17 0 0 0 1 0 0 0 0 0 0 0 0 1 0 0 4 3 0 0 0 0 3 0 0 0 0 3
451 GGA 3 0 0 0 1 0 0 0 31 2 0 1 1 0 1 0 0 0 0 0 0 0 0 0 0 0 0 0 0 0 0 1 58 0 0 0 6 0 0 0 197629 3 9 2 17 0 0 2 0 2 0 0 1 1 0 0 15 0 0 0 0 0 2 0
452 CTA 0 0 0 0 4 2 0 1 0 0 0 0 9 3 8 2 4 0 0 0 27 1 0 3 1 0 0 2 197196 11 16 7 0 0 2 0 0 0 1 0 0 0 0 0 3 0 8 13 0 2 2 0 0 0 0 0 0 5 0 0 33 2 2 2
453 ATA 8 0 0 0 7 3 0 0 1 0 0 0 196787 8 25 10 0 4 0 0 1 4 0 0 0 0 3 0 3 9 0 2 0 3 1 0 0 2 0 0 2 3 1 1 14 5 0 0 3 0 0 0 0 0 1 0 0 0 0 4 1 0 0 1
454 TTA 0 1 0 0 0 0 0 0 0 3 0 0 14 13 0 7 0 0 0 0 1 0 0 0 0 0 0 2 9 0 0 3 2 0 0 0 0 5 0 0 2 0 0 0 2 1 3 0 1 3 0 0 3 1 0 3 0 0 0 2 196943 10 8 4
455 ACA 8 0 1 0 198625 3 45 9 1 2 0 2 22 0 0 3 0 0 0 3 0 7 0 0 0 0 0 0 0 0 0 0 0 0 3 2 9 1 2 1 0 0 0 0 1 0 0 0 3 0 3 1 1 2 1 1 0 0 0 4 0 0 0 5
456 AGA 27 0 1 0 1 0 0 0 197119 1 25 5 15 0 0 0 0 0 0 0 0 0 0 0 1 4 1 0 0 0 0 0 0 0 0 0 0 0 0 0 8 0 0 0 0 0 0 0 1 1 0 0 0 0 0 0 3 0 0 0 0 0 0 2
457 GAT 0 0 1 29 0 0 1 0 0 0 0 0 0 0 0 0 0 0 0 2 4 0 0 0 0 0 0 0 0 0 0 0 7 18 0 197984 2 0 2 0 0 0 0 3 0 0 0 0 0 0 0 6 0 0 0 0 0 0 0 2 2 0 2 0
458 GGT 5 2 0 0 3 0 0 0 0 0 1 27 0 4 0 0 0 0 0 3 0 0 0 0 2 0 0 1 2 0 2 0 0 4 0 44 0 0 0 1 26 17 0 198697 6 0 0 2 4 1 3 0 0 0 0 0 0 0 0 11 2 0 0 2
459 GGG 0 0 0 4 0 0 0 0 0 0 35 0 0 3 0 5 0 0 2 0 0 1 0 0 0 0 0 0 0 0 0 0 0 0 86 5 0 1 0 0 34 0 196952 14 0 0 13 2 0 0 0 7 0 0 0 0 0 0 11 1 0 0 1 0
460 AGT 5 0 2 123 6 5 2 9 21 34 3 199510 2 0 5 5 8 6 0 3 1 3 5 2 3 0 4 2 0 0 2 0 0 2 4 7 4 0 0 0 0 4 4 70 4 0 0 5 0 3 1 0 3 5 0 0 1 4 2 20 0 2 0 1
461 AAT 19 26 5 199043 7 5 9 2 0 0 2 9 5 0 4 9 8 10 3 4 4 9 6 0 0 3 1 4 0 0 0 4 0 6 4 17 0 1 2 0 0 1 4 3 1 3 10 5 0 0 0 7 4 3 4 0 0 4 2 0 1 0 10 3
462 AAG 58 19 199488 24 3 0 2 0 7 3 39 1 1 0 12 0 2 12 9 4 5 9 5 0 5 8 5 5 0 7 13 0 4 0 113 3 5 3 3 18 2 7 2 6 0 3 12 3 3 5 4 9 15 12 5 0 1 5 7 3 7 1 13 9
463 AAT 14 28 13 200209 13 14 6 20 0 3 9 2 5 0 4 15 7 4 4 1 8 11 1 3 4 12 2 2 8 0 1 2 3 0 5 17 4 1 1 2 3 3 8 6 2 0 0 0 3 5 0 3 3 7 0 1 0 8 1 3 10 1 5 1
464 ACA 13 4 4 3 196335 19 48 8 8 7 8 1 45 2 13 4 20 9 4 9 16 11 12 1 3 3 3 0 3 9 3 8 3 2 13 4 32 2 13 0 0 1 11 11 8 0 16 2 4 10 0 3 8 2 3 1 0 2 7 11 4 8 4 8
465 AGT 0 0 4 40 2 0 2 6 18 25 8 198623 0 7 8 6 2 6 0 3 2 3 1 1 1 1 12 20 0 1 6 0 3 0 6 2 4 6 5 1 2 2 29 39 4 17 7 2 0 2 3 0 1 1 12 0 0 0 12 13 3 7 4 7
466 GAA 27 6 0 0 0 0 0 0 0 1 0 0 0 0 1 0 3 1 0 4 1 0 0 0 4 0 0 0 0 0 0 3 198106 4 16 4 0 0 0 2 1 0 0 0 4 0 0 0 1 5 5 1 2 0 0 0 2 6 0 0 0 0 0 3
467 ACC 2 7 0 2 25 199161 5 41 0 6 5 3 1 47 2 5 3 0 1 0 0 6 0 2 0 4 0 0 0 1 2 4 0 0 3 0 1 14 3 0 0 0 0 0 6 3 5 12 0 0 0 2 3 0 1 3 5 0 8 0 0 0 2 3
468 TTC 0 2 0 3 0 1 0 0 0 0 0 0 4 13 1 3 2 3 0 1 1 1 0 0 1 0 0 0 2 45 0 4 0 0 6 3 2 0 1 0 0 0 0 1 2 3 1 1 3 14 0 3 2 28 0 0 3 3 0 2 7 197777 0 58
469 AGA 37 1 0 0 4 3 0 4 199550 2 9 0 7 6 0 0 0 1 2 0 0 0 5 0 23 7 0 6 0 0 8 0 0 0 2 0 4 4 0 0 74 0 0 0 0 0 0 1 0 0 0 2 0 0 0 0 2 0 0 0 0 1 0 0
470 CCT 1 2 0 0 1 0 0 15 0 0 0 0 0 1 1 0 0 0 3 4 13 92 24 197542 0 0 0 2 0 0 1 28 0 0 0 0 4 0 0 1 0 0 0 0 0 0 0 0 0 0 0 0 0 0 0 13 0 1 1 0 0 0 0 0
471 GGA 0 1 1 1 2 8 11 5 30 2 0 6 5 4 1 7 3 3 5 3 0 1 0 0 1 0 0 0 3 5 5 0 30 0 1 3 7 1 4 1 198490 9 73 7 19 10 7 3 3 2 0 2 16 11 15 0 5 0 1 4 6 4 7 6
472 GGA 0 0 0 4 0 0 0 5 31 0 4 0 2 0 0 0 1 0 0 2 0 0 3 3 1 0 0 0 2 0 0 0 19 2 0 0 2 0 0 4 200590 3 51 8 9 2 0 0 0 1 0 3 0 2 2 0 10 1 1 1 0 0 5 0
473 GGA 4 0 0 0 0 5 4 0 40 2 0 0 0 0 0 0 0 1 2 1 0 0 0 0 1 0 1 0 0 0 0 0 30 0 0 3 0 0 1 0 200471 6 69 6 2 1 0 0 0 3 4 0 1 0 0 0 10 2 5 0 0 0 0 0
474 GAT 11 3 1 82 2 0 0 2 1 0 0 0 0 1 2 0 3 12 3 6 1 1 0 0 0 3 0 1 0 1 0 1 27 20 9 200410 7 0 5 1 5 0 7 1 0 0 0 0 4 0 0 6 0 1 0 1 0 2 0 0 4 0 0 1
475 ATG 3 0 4 0 3 0 7 0 3 2 5 2 41 0 200492 16 1 0 0 2 2 7 0 0 0 0 2 0 4 0 2 6 2 2 0 3 5 0 2 2 2 1 15 0 3 7 15 1 1 0 0 0 0 0 0 0 1 0 0 1 2 6 7 9
476 AGG 6 2 104 1 3 8 0 2 63 2 199404 10 1 0 73 3 5 8 3 10 2 6 0 3 1 17 19 1 0 3 4 0 0 0 4 0 0 2 2 0 0 2 47 0 2 0 6 3 0 5 7 1 4 0 0 0 1 0 10 5 3 0 2 1
477 GAC 0 36 0 2 3 1 0 0 2 0 0 3 0 0 0 0 1 0 0 1 4 5 0 0 0 0 1 0 0 2 0 4 9 200514 5 48 0 0 1 1 2 8 5 2 0 2 0 0 0 1 1 0 3 0 0 0 1 1 0 0 0 0 4 0
478 AAT 3 18 0 200365 3 2 3 4 0 1 1 9 5 3 1 18 5 3 1 2 0 0 2 0 0 5 0 1 0 2 5 2 0 0 0 10 1 2 4 5 1 0 5 1 5 1 5 1 0 0 0 2 0 2 0 0 1 7 3 1 5 0 1 0
479 TGG 0 1 1 3 0 1 4 2 6 0 2 0 0 0 0 0 0 0 0 0 0 0 0 0 0 2 4 2 2 9 0 12 0 0 5 1 0 0 2 0 0 3 7 4 0 2 0 0 4 2 24 1 1 0 2 5 22 0 199817 11 2 9 8 0
480 AGA 60 0 0 0 6 0 0 0 200800 2 5 0 6 1 5 0 0 5 0 0 6 2 0 0 5 6 0 0 0 7 0 0 0 0 2 2 1 4 2 0 36 0 0 0 0 0 3 6 7 0 2 0 0 1 2 5 6 0 5 0 1 0 0 3
481 AGT 0 1 2 73 12 3 2 1 2 43 4 307750 0 0 0 0 0 2 0 5 0 0 4 0 4 0 0 0 0 0 0 0 0 3 0 0 1 7 1 3 0 0 8 26 0 5 0 5 10 5 0 0 0 6 7 3 0 0 0 4 0 0 0 1
482 GAA 87 3 0 0 0 2 5 7 4 0 4 0 0 2 0 0 4 0 0 0 0 0 0 0 0 0 0 0 0 0 2 0 307832 5 6 14 2 0 0 0 2 0 0 0 5 0 0 0 27 0 0 5 4 1 0 0 0 0 0 0 0 0 2 0
483 TTA 10 3 0 0 0 0 6 0 0 0 3 3 42 2 2 0 0 0 0 0 0 2 0 0 0 0 0 0 22 0 2 0 7 0 0 0 0 3 0 0 0 0 6 0 1 0 1 8 20 1 0 0 16 0 0 1 0 0 0 0 307642 3 40 6
484 TAT 4 0 0 10 0 0 0 0 0 11 0 0 0 2 0 0 0 4 0 48 13 0 0 0 0 0 3 0 5 4 5 7 4 5 1 5 0 11 2 0 0 0 11 4 8 2 4 1 53 22 3 307788 0 9 3 1 5 4 3 8 17 0 3 8
485 AAG 93 4 307646 18 0 7 4 8 10 1 39 0 6 3 21 6 3 6 1 0 0 15 12 8 0 0 1 3 3 0 0 8 7 0 72 0 7 10 12 0 1 2 19 0 3 0 4 0 4 1 11 2 0 2 0 0 2 0 4 3 0 0 0 0
486 TAT 0 0 0 5 0 0 0 0 6 2 1 0 0 2 3 0 0 0 0 15 0 8 0 0 0 7 0 0 0 0 0 0 0 0 0 0 0 0 0 0 0 3 0 5 0 4 0 9 14 10 3 307766 0 0 0 0 0 7 0 8 0 0 1 11
487 AAA 307742 1 78 0 1 2 0 0 37 0 0 4 4 0 0 0 0 0 0 0 3 0 0 0 0 3 0 3 0 5 0 2 44 2 0 0 0 0 0 0 0 0 0 0 8 0 0 0 11 0 0 3 0 0 0 0 0 1 0 0 0 0 0 0
488 GTA 0 1 0 0 1 7 3 6 2 0 0 0 141 2 0 0 6 2 0 0 0 0 1 4 0 0 0 0 1 5 0 0 9 0 0 1 23 0 4 0 0 0 0 0 307643 5 29 7 0 0 8 0 0 0 0 7 5 0 0 2 27 0 4 0
489 GTA 0 0 0 5 0 0 0 0 0 0 0 0 65 4 0 6 0 4 0 4 0 7 0 0 0 0 0 2 4 0 3 0 63 0 0 1 24 0 3 0 0 0 4 0 307551 14 65 10 0 0 0 0 5 0 4 0 2 0 0 0 8 0 0 0
490 AAA 307268 7 25 10 17 2 0 13 17 0 0 4 17 12 0 19 12 3 4 0 5 0 0 0 0 0 3 4 5 3 5 1 7 3 6 1 0 24 7 4 0 3 0 0 10 9 4 0 6 8 1 0 1 16 7 9 1 0 0 1 2 4 3 3
491 ATT 2 0 1 16 0 2 3 18 0 0 2 8 30 29 0 304192 0 0 0 3 0 0 0 4 0 4 2 5 0 6 6 11 0 1 0 0 0 0 0 0 1 0 5 0 6 0 3 7 0 0 1 0 0 0 0 0 0 0 5 4 0 0 5 50
492 GAA 98 0 8 3 4 4 14 14 0 3 8 9 0 6 11 12 16 12 19 15 0 3 0 0 3 0 5 0 0 7 1 6 306805 0 112 21 10 21 0 7 61 0 3 0 27 5 4 0 5 3 4 2 2 0 9 4 0 0 3 9 8 6 7 0
493 CCA 3 0 0 0 5 1 1 0 1 5 0 4 0 0 0 5 19 0 0 4 307792 29 15 10 0 0 0 0 38 0 0 11 4 2 0 0 11 11 0 0 2 0 0 0 0 0 2 0 4 0 0 0 39 1 0 1 0 0 0 0 0 0 0 1
494 ATA 2 3 0 0 0 0 0 0 0 0 0 0 106900 12 34 3 0 4 0 0 3 0 0 0 0 0 0 0 2 0 0 2 0 0 1 0 3 0 0 0 0 0 0 0 2 0 0 0 0 0 1 0 0 0 0 0 0 2 0 0 6 2 3 0
495 GGA 1 4 0 2 0 2 0 3 19 1 0 0 0 0 0 1 0 1 0 0 0 3 2 0 1 0 0 0 0 0 2 0 12 0 0 1 0 0 2 0 106889 5 10 4 3 1 0 0 2 1 0 0 0 2 0 0 11 0 0 0 0 0 0 0
496 GTA 0 0 0 2 0 1 0 0 0 0 2 0 41 4 0 0 4 0 0 0 1 1 0 0 2 1 1 0 6 5 1 0 6 0 0 0 3 0 0 0 1 0 1 0 106862 8 40 12 1 0 0 3 0 0 0 4 2 1 0 0 3 0 2 4
497 GCA 0 2 0 1 33 1 0 0 0 0 0 0 0 0 0 0 0 0 0 2 10 0 0 0 0 0 0 0 0 0 0 0 4 0 0 2 106715 8 24 15 0 0 0 0 89 0 1 3 0 0 0 0 4 0 0 0 2 0 0 3 0 1 0 1
498 CCC 0 0 1 0 0 3 0 0 0 0 0 0 0 0 2 0 0 5 0 0 22 106809 1 10 5 0 1 0 2 9 0 0 2 1 0 1 0 1 1 0 3 0 1 1 1 0 0 0 2 0 0 0 2 12 2 0 1 1 0 1 2 0 0 0
499 ACC 0 2 0 2 8 106875 1 29 0 4 2 2 0 13 0 0 0 0 1 0 0 0 0 0 0 0 0 0 0 0 0 0 0 0 0 0 0 4 1 0 0 0 1 0 0 0 1 0 0 1 0 0 0 2 3 0 0 0 0 0 0 0 0 0
500 AGG 0 1 25 0 0 0 1 0 30 7 106694 6 0 0 5 3 3 0 1 0 3 0 0 2 0 0 4 2 5 0 0 0 1 0 6 0 1 0 0 0 0 2 45 0 0 0 1 2 0 0 0 3 0 1 6 1 0 0 4 0 1 0 0 1
501 GCA 0 0 0 6 79 3 0 1 0 3 0 0 0 0 0 0 0 0 0 3 2 0 0 0 4 3 1 0 0 0 0 0 11 1 1 0 106510 9 9 3 0 0 2 0 13 0 0 0 1 3 1 0 9 2 1 1 0 0 2 2 1 0 0 0
502 AAA 106891 0 16 2 3 0 0 1 15 0 0 0 7 3 0 2 1 0 0 0 0 0 0 1 0 3 0 12 0 4 1 0 1 1 2 0 2 2 0 0 0 0 0 1 2 0 0 2 3 0 0 1 1 0 0 1 0 0 1 1 0 0 2 0
503 AGA 16 0 1 0 0 1 0 2 106775 2 10 0 3 2 0 3 3 0 1 0 0 0 0 0 6 1 1 1 3 3 2 0 1 1 0 0 0 0 0 1 66 0 0 0 1 0 0 0 1 0 0 2 1 0 0 0 1 0 0 0 2 0 3 1
504 AGA 16 4 0 1 1 0 0 0 106808 0 14 1 21 1 4 6 6 0 5 3 2 0 0 0 8 4 1 1 1 0 0 3 0 0 0 0 0 0 2 0 20 0 0 5 1 0 3 5 3 0 0 2 1 0 0 0 2 3 0 1 0 7 5 2
505 GTG 0 0 0 0 1 0 0 0 0 3 0 0 0 1 26 0 0 0 0 3 0 0 0 0 0 0 0 0 0 0 0 0 0 0 1 0 0 0 6 0 0 0 2 1 30 0 106325 0 0 0 0 0 0 0 0 0 0 2 0 3 0 0 2 0
506 GTG 0 0 0 0 0 0 0 0 0 0 1 0 0 0 18 0 0 0 0 0 0 0 0 0 0 0 0 0 0 1 1 0 0 2 1 0 0 0 3 0 0 0 1 0 18 0 106025 7 0 0 0 0 0 0 0 0 0 0 1 0 3 0 7 0
507 GAG 1 2 24 1 0 0 0 0 0 0 0 7 0 1 2 0 2 1 2 1 0 2 0 0 2 0 6 0 0 0 0 0 8 0 106435 4 0 1 3 5 3 0 14 1 2 0 2 0 0 1 7 3 1 3 5 1 0 0 0 1 0 2 2 0
508 AGA 11 1 0 0 0 0 0 0 106709 0 18 0 3 0 10 4 0 0 0 4 2 0 0 0 5 1 0 2 0 0 2 0 0 0 0 0 0 0 0 0 10 0 0 0 0 0 0 1 0 0 1 0 0 0 1 0 2 0 1 0 0 3 0 4
509 GAA 29 0 0 3 1 3 1 0 2 2 0 5 0 0 0 0 0 1 1 0 3 5 3 3 1 1 3 6 0 0 0 7 106594 5 6 5 18 7 2 5 13 4 4 3 5 4 0 3 0 0 0 0 0 4 1 2 2 0 0 1 2 3 1 0
510 AAA 106832 5 11 0 3 1 0 0 2 3 0 0 0 2 0 0 6 0 0 0 6 3 2 4 2 6 5 4 0 0 0 0 10 5 2 0 0 3 2 0 0 4 0 0 2 2 0 0 1 4 0 0 0 5 1 0 3 0 0 3 3 0 0 0
511 AGA 15 0 0 0 0 0 0 0 106295 1 3 0 2 0 0 0 0 0 0 0 1 0 0 0 1 3 3 0 0 0 0 0 0 0 0 0 0 0 0 0 198 0 0 0 0 0 0 0 0 0 0 0 0 0 0 0 0 0 0 0 0 0 0 0
512 GCA 1 3 0 1 67 1 1 0 0 2 0 0 0 2 1 1 2 6 1 4 0 0 0 0 0 0 0 0 0 2 3 0 11 4 2 4 106189 0 9 8 3 0 0 0 93 6 1 1 2 1 0 2 0 0 1 0 0 5 4 3 0 6 0 4
513 GTT 0 0 0 0 0 5 0 2 0 6 0 3 0 0 0 17 2 0 0 0 14 14 13 8 0 0 0 0 1 8 2 4 0 0 0 1 6 6 0 21 1 1 1 5 2 6 2 101888 0 0 0 0 4 0 0 0 0 0 0 0 1 0 1 0
514 GGA 0 11 0 1 3 7 0 0 36 0 0 1 0 0 0 0 4 8 0 0 4 8 2 2 0 0 0 0 0 3 1 0 20 4 2 0 1 1 0 0 106022 7 25 3 4 3 0 0 0 0 0 0 3 1 0 0 8 1 0 0 0 0 2 0
515 ATA 0 0 0 0 1 0 2 0 0 0 0 0 106502 0 28 10 0 0 0 0 0 0 0 1 0 0 0 0 0 0 1 5 0 0 0 0 1 2 0 0 0 1 0 0 5 0 0 1 2 5 0 4 0 0 0 1 0 0 0 0 8 9 3 6
516 GGA 0 1 0 1 0 1 0 0 12 0 0 2 0 0 0 0 0 0 0 0 0 1 0 0 0 0 0 0 0 0 0 0 8 0 0 0 0 0 0 0 106166 0 13 3 4 0 0 0 0 0 0 0 0 1 0 0 3 0 0 0 2 0 1 0
517 GCT 0 0 0 0 0 0 0 37 0 0 0 0 0 0 0 0 0 0 0 0 0 2 3 0 0 0 0 0 0 0 0 0 0 0 0 2 1 13 0 104902 0 0 0 3 0 1 0 16 0 0 0 0 0 0 0 1 0 0 0 0 0 0 0 0
518 GTC 0 0 0 0 0 1 0 0 0 0 0 0 0 20 1 0 0 0 0 0 0 0 0 0 0 0 1 0 1 0 0 1 0 0 0 1 4 21 1 0 1 3 3 0 11 104738 1 23 0 0 1 0 0 0 0 0 1 0 5 0 0 0 3 2
519 TTC 0 0 0 0 0 3 1 1 0 0 0 0 2 5 3 0 0 0 0 0 0 2 2 0 0 0 0 0 3 11 0 3 0 0 4 0 4 3 2 0 0 0 1 4 1 9 2 3 0 0 0 1 0 8 0 0 1 0 0 0 10 102753 1 7
520 ATT 0 0 0 2 2 2 2 15 0 0 0 0 5 2 1 105371 1 2 0 0 0 0 0 0 0 2 0 0 4 3 5 3 0 0 0 0 0 0 0 0 5 0 0 1 0 0 0 4 0 1 0 0 0 7 0 3 0 1 0 0 4 3 4 15
521 GGG 0 2 0 0 2 4 3 0 1 0 19 0 0 0 1 0 0 0 0 0 3 0 0 2 0 0 0 0 0 0 0 2 0 0 5 0 0 0 0 0 26 0 104675 7 0 0 7 0 0 1 0 0 1 0 0 0 0 0 10 0 3 0 3 0
522 TTC 0 0 0 0 0 0 0 0 0 0 0 0 0 3 1 0 0 0 0 0 0 0 0 0 0 0 0 0 0 3 0 0 0 0 0 0 0 0 0 0 0 0 0 0 0 3 0 0 0 2 0 0 0 2 0 0 0 0 0 1 6 102338 0 4
523 TTA 0 0 0 0 0 0 0 0 0 0 0 0 1 5 0 0 0 0 0 0 1 0 0 0 0 0 0 0 10 1 0 0 0 0 0 0 0 0 0 0 0 0 0 0 1 0 0 0 0 0 0 0 4 0 0 1 0 0 0 0 105218 2 46 2
524 GGA 0 0 0 5 10 6 6 3 20 6 0 0 0 1 1 1 3 5 1 1 0 0 0 0 2 4 0 0 2 0 1 0 14 0 1 0 15 6 0 1 104197 2 13 8 5 2 0 2 0 0 0 1 4 6 4 0 6 3 0 0 0 0 4 1
525 GCA 0 0 0 0 76 0 1 0 0 0 0 0 0 1 0 0 0 1 0 0 1 0 0 0 0 0 0 0 0 1 0 0 4 0 0 0 105524 5 11 2 0 0 0 0 22 0 0 0 0 2 0 1 3 4 0 0 0 0 0 0 0 0 0 0
526 GCA 0 0 0 0 30 0 0 0 0 0 0 0 0 0 0 0 0 0 0 0 1 0 0 0 0 0 0 0 0 0 0 0 6 0 0 0 105329 6 58 11 0 0 0 0 19 9 0 0 0 0 0 0 1 0 0 2 0 0 0 0 0 0 0 0
527 GGA 3 0 0 0 0 0 0 0 22 0 0 0 3 0 1 0 0 0 0 0 1 0 0 0 0 0 2 0 0 0 0 0 20 0 4 1 1 0 2 2 102360 0 16 2 2 0 0 0 0 0 2 0 0 0 1 7 4 2 0 0 0 0 0 0
528 AGC 0 24 0 0 0 0 0 0 0 103310 0 23 0 0 0 0 0 0 0 0 0 0 0 0 0 4 0 0 0 2 1 0 0 0 0 0 0 0 0 0 0 5 0 0 0 1 0 0 0 0 0 0 0 0 1 0 0 0 0 0 0 0 0 0
529 ACT 0 0 0 0 3 28 2 102452 0 0 0 1 0 0 0 3 0 0 0 0 0 0 0 0 0 0 0 0 0 0 0 0 0 0 0 0 0 0 0 3 0 0 0 0 0 0 0 0 0 0 0 0 0 0 0 0 0 0 0 0 0 0 0 0
530 ATG 0 0 1 0 0 0 7 0 0 0 0 0 7 0 102061 6 0 0 0 0 0 0 0 0 0 0 0 0 0 0 0 0 0 0 0 0 0 0 0 0 0 0 0 0 0 0 10 0 0 0 0 0 0 0 1 0 0 0 0 0 0 0 0 0
531 GGC 0 0 0 0 0 0 0 0 0 9 0 0 0 0 0 0 0 0 0 0 0 0 0 0 0 0 0 0 0 0 0 0 0 7 0 0 0 0 0 0 10 100902 0 27 0 4 0 0 0 0 0 0 0 0 0 0 0 13 0 0 0 0 0 0
532 GCG 0 0 0 0 0 0 19 0 0 0 0 0 0 0 0 0 0 0 0 0 0 0 0 0 0 0 0 0 0 0 0 0 0 0 8 0 71 0 105117 3 0 0 0 0 0 0 35 0 0 0 0 0 0 0 16 0 0 0 0 0 0 0 0 0
533 GCG 0 0 0 0 0 0 14 0 0 0 0 0 0 0 0 0 0 0 0 0 0 0 0 0 0 0 0 1 0 0 0 0 0 0 2 0 66 1 101807 3 0 0 0 0 0 0 20 0 0 0 0 0 0 0 0 0 0 0 0 0 0 0 0 0
534 TCA 0 0 0 0 5 6 2 1 0 1 0 3 4 1 2 5 0 2 0 6 24 0 2 3 2 0 0 0 1 0 0 3 0 0 1 0 6 6 2 4 2 1 2 5 2 2 6 7 9 0 1 1 103691 5 82 18 1 0 1 10 28 2 6 0
535 GTA 0 0 0 3 0 0 0 0 0 3 0 0 65 4 0 1 0 0 0 0 0 0 0 0 0 0 0 0 0 0 0 0 0 0 1 0 6 0 0 0 2 0 0 0 103671 3 30 0 0 0 0 2 0 0 0 1 0 0 4 0 6 3 0 0
536 ACG 0 0 5 0 39 3 100587 2 0 0 0 0 0 0 23 0 0 0 0 0 0 0 0 0 0 0 0 0 0 0 0 0 0 0 0 0 0 0 8 0 0 0 0 0 0 0 0 0 0 0 0 0 0 0 2 0 0 0 0 0 0 0 0 0
537 CTG 0 0 0 0 0 0 0 0 0 0 0 0 0 0 4 0 0 0 0 0 0 0 19 0 0 0 6 0 9 0 99182 1 0 0 0 0 0 0 0 0 0 0 0 0 0 0 0 0 0 0 0 0 0 0 0 0 0 0 0 0 0 0 5 0
538 ACG 0 0 5 0 13 0 92475 2 0 0 0 0 0 0 61 0 0 0 0 0 0 0 0 0 0 0 0 0 0 0 1 0 0 0 0 0 0 0 12 0 0 0 0 0 0 0 0 0 0 0 0 0 0 0 0 0 0 0 0 0 0 0 0 0
539 GTA 0 0 0 0 0 0 0 0 0 0 0 0 31 0 0 0 0 0 0 0 0 0 0 0 0 0 0 0 2 0 0 0 5 0 0 0 12 0 0 0 0 0 0 0 97856 0 7 0 0 0 0 0 0 0 0 0 0 0 0 0 2 0 0 0
540 CAG 0 0 1 0 0 0 0 0 0 0 0 0 0 0 0 0 29 3 92719 17 0 0 1 0 0 0 34 0 0 0 7 2 0 0 1 0 0 0 0 0 0 0 0 0 1 0 0 0 0 0 39 0 0 0 0 0 0 0 0 0 0 0 0 0
541 GCC 0 0 0 0 0 46 0 0 0 0 0 0 0 0 0 1 0 0 0 0 0 0 0 0 0 0 0 0 0 0 0 0 0 2 0 0 0 94855 0 4 0 0 0 0 0 36 0 0 0 0 0 0 0 0 0 0 0 0 0 0 0 0 0 0
542 AGA 14 0 3 0 1 0 2 0 102660 0 3 0 0 0 3 0 0 0 0 0 0 0 0 0 0 0 0 0 0 0 0 0 0 0 0 0 0 0 0 0 10 0 0 0 0 0 0 0 0 0 0 0 0 0 0 0 2 0 0 0 0 0 0 0
543 CAA 5 1 0 0 1 0 0 0 2 0 0 0 0 0 0 0 95758 0 2 3 1 0 0 0 5 0 0 2 0 0 0 0 0 0 0 0 1 0 0 0 0 0 0 0 0 0 0 0 3 3 0 0 0 0 0 0 0 0 0 0 0 0 0 2
544 TTA 0 0 0 0 0 0 0 2 0 0 0 0 1 0 0 0 0 0 0 0 0 0 0 0 0 0 0 0 7 0 0 0 0 0 0 0 0 0 0 2 0 0 0 0 2 0 0 0 5 0 0 0 10 0 0 1 0 0 0 0 96854 0 4 0
545 TTG 0 0 0 0 0 0 0 0 0 0 0 2 0 0 5 0 0 0 1 0 0 0 0 0 0 0 0 0 0 0 4 0 0 0 0 0 0 0 5 2 0 0 0 0 0 0 1 0 0 0 2 0 0 0 2 0 0 0 1 1 9 4 99090 6
546 TCT 0 0 0 0 0 0 0 0 0 0 0 0 0 0 0 0 0 0 0 0 0 0 0 11 0 0 0 0 0 0 0 0 0 0 0 0 0 0 0 5 0 0 0 0 0 0 0 0 0 0 0 5 0 11 1 92745 0 0 0 1 0 0 0 18
547 GGT 0 0 0 0 0 0 0 0 0 0 0 12 0 0 0 0 0 0 0 0 0 0 0 0 0 0 0 0 0 0 0 0 0 0 0 15 0 0 0 0 1 5 0 98578 0 0 0 3 0 0 0 0 0 0 0 0 0 0 0 0 0 0 0 0
548 ATA 3 0 1 0 2 0 3 0 0 0 0 0 104461 0 14 7 0 0 0 0 0 0 0 0 0 0 0 0 0 0 0 0 0 0 0 0 0 0 4 0 0 0 0 1 11 0 0 0 0 1 0 0 0 0 0 0 1 0 0 0 0 0 0 0
549 GTG 0 0 0 0 0 0 0 0 0 0 0 0 0 0 13 0 0 0 0 0 0 0 0 0 0 0 0 0 0 0 0 0 0 0 0 0 0 0 4 0 0 0 0 0 17 0 102434 2 0 0 0 0 0 0 0 0 0 0 0 0 0 0 5 0
550 CAA 2 0 0 0 0 0 0 0 0 0 0 0 0 0 0 0 106147 3 20 5 0 0 0 0 11 0 0 0 3 0 1 0 0 0 0 0 0 0 0 0 0 0 0 0 0 0 0 0 19 0 0 0 2 0 0 0 0 0 0 0 0 0 0 0
551 CAG 0 0 3 0 0 5 0 0 0 0 0 0 0 0 0 1 35 2 103596 3 0 0 0 0 2 0 4 0 2 0 5 0 0 0 0 0 0 0 0 2 0 0 0 0 0 0 0 0 0 0 17 0 0 0 0 0 0 0 0 0 4 0 2 0
552 CAA 4 0 0 0 0 2 0 0 2 0 0 0 0 0 1 0 103366 0 3 0 0 0 0 0 9 0 2 0 2 0 0 0 1 0 0 0 0 2 0 0 0 0 0 0 0 0 0 0 12 0 0 0 0 2 0 0 0 1 0 0 0 0 0 0
553 AGC 0 52 0 0 0 3 0 0 6 103720 0 44 0 0 0 2 0 0 2 0 0 0 0 4 0 0 0 0 0 0 0 0 0 0 0 0 0 0 0 8 0 3 0 1 0 2 0 0 0 0 1 0 0 0 0 1 0 1 1 0 0 0 0 1
554 AAT 1 12 2 104398 0 0 0 0 0 0 2 3 0 0 0 3 0 0 0 0 0 0 0 0 0 0 0 0 0 0 0 0 0 0 0 0 0 0 2 0 0 0 3 1 2 0 0 2 0 1 0 0 0 0 0 0 0 0 0 0 0 0 0 0
555 TTG 0 0 0 0 0 0 6 0 0 0 0 0 0 0 1 0 0 0 0 0 0 0 0 0 0 0 0 0 0 0 5 0 0 0 0 0 0 0 0 0 0 0 0 0 5 0 1 0 0 0 0 1 0 0 2 0 0 0 0 0 21 0 104981 4
556 CTG 0 0 0 0 0 0 0 0 0 0 0 0 0 0 2 0 0 0 4 5 0 0 12 0 4 0 2 2 21 2 105430 4 0 0 0 0 0 0 0 0 0 0 0 0 2 0 0 0 0 0 0 0 0 0 0 0 0 0 0 0 0 0 44 0
557 AGG 1 0 32 1 2 2 0 0 21 0 106099 9 0 0 19 0 2 7 1 1 0 0 0 2 0 0 4 0 0 0 6 0 0 0 0 0 0 1 3 0 0 0 32 1 2 0 0 0 0 0 0 0 0 0 0 0 0 0 1 0 0 0 1 1
558 GCT 0 0 0 0 2 2 0 80 0 0 0 0 0 0 0 0 0 0 0 0 0 0 0 1 0 0 0 0 0 0 1 0 0 0 0 6 1 37 1 105403 1 0 1 0 6 0 0 35 0 0 0 0 0 0 0 1 0 0 0 0 0 0 1 2
559 ATA 5 2 0 0 7 0 2 2 0 0 0 0 106320 6 53 2 0 0 0 2 0 0 0 0 0 0 0 0 0 1 1 1 0 0 0 0 0 0 0 0 0 0 0 0 3 0 5 0 0 1 0 0 2 0 0 0 0 1 0 0 3 0 0 1
560 GAG 6 6 11 2 1 3 6 0 0 0 2 1 0 0 0 0 0 2 0 0 0 0 0 0 2 0 6 0 1 0 0 0 14 0 106083 6 0 0 6 0 1 0 31 8 0 0 16 0 0 0 5 0 1 0 1 2 0 0 14 0 0 0 3 0
561 GCT 0 0 0 1 0 1 0 76 0 2 0 0 0 0 0 0 0 0 0 0 0 0 0 7 0 0 3 1 1 0 0 0 0 0 0 3 2 21 1 104759 0 0 1 2 0 1 0 28 0 0 0 2 1 0 1 5 0 0 0 1 0 0 0 0
562 CAA 0 0 0 0 0 0 0 0 0 0 0 0 0 0 0 0 106693 2 4 0 0 0 0 0 14 0 0 0 0 0 0 0 0 0 0 0 0 0 0 0 0 0 0 0 0 0 0 0 2 0 0 0 0 1 1 0 0 0 0 0 0 0 0 0
563 CAG 0 0 1 3 1 0 3 2 0 0 0 0 0 0 1 0 103 7 106453 4 0 0 6 0 0 0 17 0 0 0 0 1 0 0 1 0 0 0 0 0 2 0 0 2 0 0 0 1 0 0 10 0 0 0 1 0 0 0 0 0 0 0 0 0
564 CAT 0 0 0 13 1 1 0 0 0 0 0 0 0 0 3 0 18 8 6 106294 3 0 0 0 0 0 0 4 1 0 0 3 0 0 0 2 2 0 0 0 0 0 0 0 0 0 0 0 0 3 0 31 1 0 0 0 0 0 0 0 2 0 2 0
565 CTG 0 0 1 0 0 1 1 2 0 1 0 0 0 0 22 0 1 1 4 0 0 0 24 0 0 0 1 0 26 4 105820 3 0 0 0 0 2 0 1 2 0 0 0 1 0 0 3 0 0 0 0 0 0 0 0 0 4 0 1 0 0 0 25 0
566 TTG 0 0 0 0 0 0 0 0 0 0 0 0 0 0 1 0 0 0 1 1 0 0 0 0 0 1 0 0 0 2 13 0 0 0 0 0 0 0 0 0 0 0 0 0 0 0 0 1 0 0 4 2 0 0 31 0 0 2 0 0 12 1 106472 4
567 AAA 106199 0 4 0 4 2 0 2 8 1 0 3 2 0 0 0 0 0 4 0 0 2 0 1 0 0 0 0 0 2 0 0 12 0 1 0 2 4 1 3 1 1 3 5 0 0 0 0 1 0 0 0 0 0 1 0 0 0 0 0 0 0 0 0
568 CTC 0 0 0 2 0 0 0 0 0 0 0 0 0 4 0 1 0 0 0 0 0 9 0 0 0 1 0 0 6 105800 2 7 0 0 0 0 0 0 0 2 0 0 2 0 0 1 0 0 0 0 0 2 0 0 0 1 0 0 0 0 0 3 0 0
569 ACG 0 0 6 0 40 0 106206 15 0 2 1 1 0 0 80 0 0 0 0 2 1 2 0 0 0 2 5 0 0 0 0 0 0 1 1 0 0 0 15 0 0 2 0 3 0 0 1 0 2 2 0 0 0 0 5 2 0 3 0 2 0 0 0 2
570 GTC 0 0 0 0 2 0 0 0 0 0 0 0 0 24 0 0 1 4 0 2 0 0 0 0 0 0 1 2 1 0 3 3 0 0 0 0 0 11 0 1 0 3 0 0 5 106154 0 10 1 0 0 4 0 0 0 0 0 0 2 0 1 8 0 0
571 TGG 0 3 0 0 0 0 0 0 0 1 3 0 0 0 2 0 0 0 0 0 0 0 0 0 0 0 26 0 0 0 0 0 0 0 0 0 0 0 0 0 0 2 0 0 0 0 0 0 0 0 9 0 0 0 0 0 19 1 106702 5 0 0 3 0
572 GGC 0 0 0 1 0 0 0 0 0 13 0 0 0 0 0 0 0 0 0 0 0 0 1 0 0 4 0 1 0 0 0 0 0 55 0 0 0 3 0 0 7 106614 0 37 0 2 0 0 0 0 0 0 0 0 0 0 0 0 1 0 0 0 0 0
573 ATT 0 0 0 0 5 2 0 42 0 1 0 0 10 24 5 106602 0 0 0 1 2 1 0 3 0 0 0 0 7 4 0 4 0 0 0 0 0 3 7 0 0 0 0 0 0 4 3 5 0 0 0 1 0 0 0 0 0 0 0 0 0 0 0 4
574 AAA 106162 3 6 2 0 0 0 0 5 0 0 0 0 0 0 0 4 0 2 0 0 0 0 2 0 3 2 0 1 0 0 0 6 0 0 0 3 0 0 0 0 1 0 0 0 1 0 1 1 0 0 0 0 0 2 0 0 0 0 0 0 0 0 0
575 CAG 0 1 4 0 0 15 0 4 1 2 0 2 2 0 0 0 56 3 106582 4 0 0 0 0 0 0 15 4 1 1 2 0 4 0 9 5 0 1 5 2 0 0 2 1 0 0 1 6 0 0 32 3 0 0 1 2 0 0 3 2 2 1 0 3
576 CTC 0 0 0 0 0 3 0 1 0 0 0 0 0 3 0 0 0 1 1 0 0 5 0 3 0 0 0 0 11 106098 0 32 0 0 0 0 0 0 0 2 0 0 0 0 0 2 0 0 0 0 0 0 0 4 0 0 0 1 0 0 0 17 0 1
577 CAG 0 0 7 0 1 4 0 0 0 0 0 0 0 0 0 0 29 3 106856 3 0 0 2 0 2 0 53 1 1 0 5 0 0 0 0 0 0 0 0 0 0 0 0 0 0 0 0 0 0 0 10 0 2 0 0 1 0 0 0 0 1 2 0 0
578 GCA 0 0 0 0 43 1 0 2 0 1 1 0 0 0 1 2 0 0 0 0 3 0 0 0 0 0 0 0 1 0 0 0 4 0 0 0 106369 1 5 4 1 0 0 0 15 0 0 2 0 0 0 0 2 0 0 2 0 0 0 0 2 1 0 0
579 AGA 8 0 0 0 1 0 1 0 106742 0 14 0 6 0 0 3 0 0 0 0 0 2 3 0 8 0 6 3 0 0 0 0 0 0 0 0 0 1 0 0 20 0 0 0 0 0 0 0 0 0 0 0 0 2 0 0 1 0 0 0 0 0 0 0
580 GTC 0 0 0 0 0 0 1 0 0 2 0 0 0 28 0 0 0 0 0 0 0 0 0 0 0 0 0 2 0 3 0 0 0 3 0 0 0 5 0 0 0 0 0 0 2 105144 0 1 0 0 0 0 0 0 0 0 0 0 0 0 0 3 0 1
581 CTA 1 0 0 0 0 2 0 2 0 0 0 0 4 0 0 0 4 0 0 0 3 0 2 0 2 3 0 1 106411 6 48 3 4 0 0 0 0 2 0 0 0 1 0 0 1 0 0 1 0 1 0 0 0 1 2 0 0 0 0 0 3 1 0 0
582 GCT 0 0 0 0 0 0 0 8 0 0 0 0 0 0 0 0 0 0 0 0 0 0 0 1 0 0 0 0 0 0 0 0 0 0 0 5 1 11 1 106631 0 0 0 0 0 0 0 9 0 0 0 0 0 0 0 4 0 0 0 0 0 0 0 0
583 GTG 0 0 0 0 0 0 0 0 0 2 0 0 0 1 15 0 0 0 0 0 0 0 1 0 0 0 0 0 0 0 2 0 0 1 0 0 0 1 23 0 0 0 0 0 17 4 106781 14 0 0 0 0 0 0 0 0 0 0 0 0 0 0 4 0
584 GAA 13 0 0 0 1 0 0 0 0 0 5 0 0 0 0 0 0 0 0 0 0 0 0 0 0 0 0 0 0 0 0 0 106595 0 18 1 0 0 0 0 5 0 0 0 0 0 0 0 1 0 0 1 0 0 0 0 2 0 0 0 0 1 0 0
585 AGA 18 0 1 0 1 1 1 0 106746 0 6 0 0 1 2 2 0 0 0 0 0 0 0 0 1 0 0 0 0 2 2 0 0 0 0 0 0 0 0 0 12 0 2 0 0 0 0 0 0 1 0 0 0 0 0 0 0 0 0 4 0 2 0 0
586 TAC 0 12 0 0 0 2 0 0 0 0 0 0 0 0 0 0 0 5 0 0 0 0 0 0 0 0 0 0 0 0 0 0 0 0 0 0 0 0 1 0 0 3 0 0 0 0 0 0 1 106334 0 5 0 0 0 0 0 16 0 0 0 0 0 0
587 CTA 0 0 0 0 0 5 0 0 0 0 0 2 7 0 1 0 1 0 0 0 11 0 2 0 0 0 0 0 106747 4 1 0 0 0 0 0 0 0 0 0 0 0 0 0 0 0 1 0 0 0 2 0 0 0 0 0 0 0 0 0 1 0 0 0
588 AAG 38 2 106653 12 0 0 7 2 0 2 44 1 0 1 8 3 0 0 0 6 0 0 0 0 0 2 0 3 0 0 3 6 0 0 4 4 2 0 3 5 0 0 0 0 0 0 4 2 0 0 0 6 0 0 3 3 0 1 1 3 2 3 5 1
589 GAT 1 0 3 21 0 0 4 2 0 0 0 0 0 0 1 2 0 1 0 0 0 0 0 0 0 0 0 0 0 0 2 0 5 8 1 105657 0 1 0 1 0 0 3 1 0 0 0 0 0 2 0 4 0 3 0 0 0 3 0 0 0 0 7 0
590 CAA 9 2 0 0 1 0 0 2 0 0 0 3 1 0 2 4 106157 4 6 0 0 0 0 0 15 2 0 0 0 0 0 0 0 0 0 0 1 0 0 5 2 0 0 0 1 0 3 2 12 0 0 6 0 0 0 0 2 0 2 0 4 1 2 4
591 CAG 0 0 1 0 0 0 0 0 0 0 0 0 0 0 3 0 27 0 106018 1 0 2 2 0 0 0 20 0 1 0 14 0 0 0 1 0 0 0 3 0 0 0 1 0 0 0 4 0 0 0 13 0 0 0 0 0 0 0 2 0 0 0 0 0
592 CTC 0 0 0 0 0 0 0 0 0 0 0 0 0 1 0 0 0 1 0 0 0 3 0 0 0 2 0 0 4 106273 0 5 0 0 0 0 0 0 0 0 0 0 0 0 0 3 0 0 0 0 0 0 0 0 0 0 0 0 0 0 0 9 0 0
593 CTA 0 0 0 0 5 0 0 0 0 0 4 0 11 0 4 0 0 0 0 0 19 3 0 0 0 0 0 0 106758 8 20 5 0 0 0 0 0 0 0 0 0 0 0 0 0 1 0 0 0 0 0 0 0 0 0 0 1 0 0 0 13 5 2 0
594 GGA 1 0 1 5 0 3 2 3 19 0 2 0 0 0 2 0 0 0 1 0 0 0 0 0 0 1 0 0 1 1 0 0 7 0 1 2 17 0 1 0 106679 4 7 0 4 1 0 0 0 1 0 2 2 2 0 9 12 0 6 0 3 2 3 1
595 ATT 1 1 0 3 5 0 0 1 0 0 0 6 3 8 4 106871 0 0 1 0 1 0 0 0 1 0 1 0 4 2 3 5 0 0 0 3 0 0 1 0 0 0 0 0 5 1 0 10 0 2 0 2 0 0 2 1 1 0 3 3 2 1 2 2
596 TGG 0 1 0 0 0 5 0 3 0 0 2 1 0 5 7 0 0 0 1 3 0 2 0 0 0 0 17 0 2 5 1 2 0 0 3 0 0 0 0 0 0 0 7 0 0 0 0 0 5 1 16 0 1 0 0 0 20 5 106448 19 2 5 12 5
597 GGC 0 0 0 0 0 0 0 0 0 12 0 0 0 0 0 0 0 0 0 0 0 0 0 0 2 0 0 1 0 1 0 0 0 35 0 0 1 0 2 0 11 106620 5 40 0 3 0 0 0 0 0 0 0 4 1 0 2 2 0 0 0 0 0 0
598 TGC 0 0 0 0 0 0 0 0 0 3 0 0 0 0 0 0 0 0 0 0 0 0 0 0 0 6 0 0 0 0 0 0 0 0 2 0 0 0 0 1 0 0 0 0 0 0 0 0 0 72 0 0 0 1 0 0 7 135829 0 30 0 0 0 0
599 TCT 2 0 2 1 0 1 0 28 0 0 0 0 0 1 0 0 0 1 2 0 0 0 5 22 0 0 0 0 0 1 0 0 0 0 0 1 0 0 1 1 0 0 0 2 0 0 2 0 0 2 0 5 2 73 11 112540 0 0 0 0 2 1 1 11
600 GGA 0 8 3 1 1 2 5 0 36 5 6 5 1 0 2 0 4 12 1 3 0 0 2 0 1 0 3 1 2 4 3 0 46 4 0 1 6 0 4 1 135633 6 11 7 2 1 0 1 2 5 1 1 4 2 4 1 7 0 4 0 1 0 0 4
601 AAA 136100 2 11 0 0 1 3 1 15 4 7 0 1 0 0 0 0 0 0 2 2 0 0 0 4 0 10 0 1 0 0 4 0 0 0 0 0 0 1 0 0 0 0 0 2 0 0 0 2 3 0 0 0 0 1 0 0 0 0 0 1 0 0 0
602 CTC 0 0 0 0 1 0 2 0 0 0 3 0 2 3 1 1 0 2 0 0 0 14 0 0 5 0 5 2 15 135599 0 13 0 0 0 0 0 0 0 1 0 0 0 0 0 3 1 0 2 0 0 2 0 0 0 5 0 0 0 2 0 15 0 0
603 ATC 0 4 0 0 0 0 0 0 2 0 0 0 17 136087 3 18 0 0 0 0 2 0 0 0 0 0 0 0 0 1 0 0 0 0 0 0 0 0 0 2 0 2 0 0 0 22 0 0 3 0 0 0 0 0 1 1 0 0 0 0 0 3 0 0
604 TGC 1 3 1 0 0 0 0 0 0 1 0 0 0 6 0 0 0 1 0 0 0 0 0 0 0 26 0 2 0 0 0 0 0 0 0 0 0 0 0 0 0 0 0 0 0 0 0 0 1 47 1 4 0 1 0 0 1 135938 0 59 1 6 0 0
605 ACC 0 6 0 0 0 136029 0 21 0 1 0 2 0 10 0 0 0 2 0 3 0 3 1 3 0 0 4 0 1 1 4 1 0 0 0 0 0 6 0 0 0 0 0 0 0 0 0 0 0 0 0 0 1 4 1 0 0 0 0 0 1 1 0 2
606 ACT 2 0 0 2 4 38 6 135511 0 0 0 10 0 0 0 7 0 0 0 0 0 0 0 3 0 0 0 0 0 0 0 0 0 0 0 0 0 0 0 6 0 0 0 0 0 6 0 0 0 0 0 0 0 0 0 0 0 0 0 0 0 0 0 0
607 AAT 20 7 0 135843 2 3 0 1 0 0 0 7 0 0 0 4 0 0 0 0 1 0 0 0 0 0 0 1 0 0 0 1 0 0 0 11 0 0 0 0 2 0 0 1 1 3 0 3 0 0 0 0 0 2 0 4 0 0 0 5 0 0 0 0
608 GTG 0 0 4 0 0 0 0 0 1 0 0 0 0 2 33 0 0 2 0 0 0 0 0 0 0 0 1 0 1 0 2 0 2 0 0 0 0 0 6 0 0 1 0 0 60 8 135717 2 0 0 3 0 0 0 4 0 0 0 1 2 0 0 4 1
609 CCC 0 0 6 0 0 1 0 0 1 0 0 0 0 1 0 1 0 2 0 2 10 135759 4 16 0 4 1 0 0 15 0 0 4 0 0 0 0 6 0 3 0 0 1 0 0 0 0 1 0 0 0 0 0 45 0 0 0 0 0 0 1 0 0 0
610 TGG 0 1 0 0 0 0 1 1 0 0 10 0 0 0 0 0 0 0 0 0 0 0 0 0 3 0 90 0 0 0 2 0 0 0 0 0 0 0 0 4 0 0 4 0 0 0 0 1 1 0 27 0 6 0 1 0 11 2 135847 1 0 0 3 0
611 AAC 17 135132 16 27 0 0 3 0 22 35 21 14 2 0 13 2 8 0 17 3 0 0 1 0 6 7 21 10 3 5 13 5 11 40 12 13 0 4 6 1 0 0 2 0 5 3 3 0 1 0 0 0 16 16 29 10 3 12 0 12 0 0 7 0
612 TCT 11 1 8 6 1 6 1 2 11 1 5 3 6 5 3 2 5 8 2 1 15 34 17 83 7 4 2 4 1 1 6 0 1 0 2 2 2 1 2 0 5 2 19 2 9 0 0 1 0 0 1 12 14 13 2 135577 0 0 1 1 4 1 5 25
613 AGT 22 25 21 86 3 0 6 3 110 9 52 134366 22 9 32 52 34 33 37 17 0 2 0 0 16 26 51 54 19 19 14 14 23 6 34 19 17 11 55 26 22 15 39 181 8 23 29 34 2 4 0 14 1 7 1 5 3 16 4 58 15 4 18 11
614 TGG 2 0 0 0 0 0 0 4 2 2 3 0 1 0 0 1 0 3 1 1 0 0 0 5 0 0 14 0 0 0 0 2 1 0 0 0 0 0 0 1 1 0 2 1 0 0 2 0 0 0 36 0 0 0 0 0 31 2 135879 5 0 0 3 1
615 AGT 0 2 0 74 0 1 0 1 4 17 1 135287 1 0 0 1 0 0 2 4 0 0 0 0 0 0 0 0 2 0 0 1 0 0 0 0 2 0 0 0 0 2 0 31 0 0 0 1 0 0 0 0 1 0 2 0 0 1 0 7 0 0 0 0
616 AAT 16 19 6 135654 0 0 0 0 0 2 2 8 0 0 0 2 1 3 1 0 0 0 0 0 0 3 4 0 0 0 0 0 0 0 2 7 3 4 0 6 7 3 3 0 0 0 0 0 0 0 0 0 0 0 2 1 2 0 0 0 0 0 0 0
617 AAA 135436 0 7 1 0 0 0 1 8 0 3 0 3 0 0 0 0 0 0 0 0 1 0 0 1 3 1 3 0 0 0 0 27 0 0 0 0 0 3 4 2 0 0 0 0 0 0 0 0 0 0 1 0 2 0 0 0 0 0 0 0 3 0 1
618 TCC 1 1 3 2 4 9 7 0 2 2 5 0 0 1 0 1 0 0 4 1 0 1 4 0 0 0 0 5 0 1 3 0 0 2 2 0 3 2 0 0 0 0 4 2 0 0 0 1 1 5 0 0 15 135117 5 22 5 1 3 4 0 1 3 4
619 CAG 2 0 6 0 1 1 0 1 0 0 0 2 1 0 0 0 45 3 135383 9 0 5 5 1 7 0 64 0 2 1 8 12 1 3 12 1 0 1 2 5 1 1 5 0 6 1 5 0 1 2 8 5 0 3 3 4 1 10 2 2 5 2 8 2
620 GAT 5 5 5 33 0 5 5 0 1 1 4 3 1 1 0 4 8 1 4 4 4 7 7 0 2 2 0 2 4 2 0 5 17 6 8 133638 1 7 6 5 0 6 9 10 6 3 10 14 0 3 4 17 7 4 3 3 9 2 3 7 0 0 3 7
621 GAG 5 0 55 3 3 1 4 7 5 5 0 4 3 3 0 4 3 5 11 3 1 0 0 6 0 2 5 2 3 1 3 4 49 3 133272 19 3 9 13 1 0 0 41 4 7 2 23 5 1 0 4 13 10 0 2 1 2 0 1 0 0 2 7 9
622 ATA 13 0 0 0 9 0 0 0 4 0 0 0 135328 6 12 7 2 0 0 0 0 0 0 0 1 0 0 0 1 1 0 2 5 0 1 0 0 0 3 0 0 1 3 4 5 0 0 0 0 0 7 3 0 1 0 0 0 0 0 0 7 0 2 1
623 TGG 0 3 4 0 0 1 0 0 0 0 20 0 0 0 0 0 0 0 6 0 0 0 0 0 1 0 8 0 2 0 0 0 0 0 4 0 0 0 0 0 0 4 0 0 0 1 0 0 7 3 17 0 0 0 1 0 24 0 135608 4 0 2 11 6
624 GGA 7 6 0 4 3 1 2 5 37 0 9 4 0 0 2 1 0 3 6 0 0 0 0 0 3 1 3 0 2 4 0 1 48 7 4 0 5 1 0 0 134841 7 28 15 1 1 0 0 0 2 0 0 2 12 3 0 10 3 17 2 2 8 1 3
625 AAC 39 135202 5 34 2 13 4 4 3 21 8 0 4 6 3 1 6 5 4 3 1 0 0 0 0 1 7 14 5 2 2 3 2 8 3 0 2 3 8 0 7 0 4 0 1 6 2 5 2 9 0 11 7 8 0 0 7 3 0 1 2 3 8 2
626 ATG 0 0 2 0 22 6 48 3 0 0 7 4 40 1 134817 2 0 0 0 0 3 0 0 0 0 0 3 0 0 0 7 1 3 0 2 1 0 1 2 0 1 4 0 0 3 0 18 0 0 0 1 0 0 0 2 0 0 0 1 0 9 0 7 5
627 ACC 0 6 0 0 14 135371 3 28 0 3 0 2 2 17 0 0 0 0 0 0 0 0 1 2 0 0 0 0 0 0 0 0 0 0 1 0 0 28 2 0 0 0 1 1 0 0 0 0 0 1 0 0 1 3 3 5 2 0 0 0 4 0 4 1
628 TGG 1 0 0 1 0 0 0 0 2 0 6 1 0 0 2 3 0 0 0 0 3 0 0 1 0 5 7 1 6 0 1 0 0 1 2 1 3 2 1 0 2 1 8 3 1 1 1 2 7 0 32 0 0 0 13 0 47 3 131915 5 0 0 1 3
629 CTG 8 5 5 6 2 1 1 0 5 3 8 1 5 0 8 6 0 0 14 2 1 0 7 2 3 10 13 7 182 6 132120 11 0 0 9 0 0 0 4 0 0 1 0 0 0 1 2 1 2 0 6 1 0 0 2 2 0 0 0 0 3 0 59 1
630 CAA 26 3 2 2 0 2 7 5 0 1 3 4 0 0 0 0 134578 3 10 4 1 0 0 3 16 4 3 3 4 0 1 3 7 1 0 5 1 1 2 9 2 0 0 0 0 0 0 1 58 0 0 0 0 0 1 1 0 0 2 0 1 0 2 0
631 TGG 1 0 1 3 0 0 1 0 0 0 19 0 1 0 2 0 0 2 1 0 0 0 1 0 0 1 6 0 0 1 0 3 3 1 0 0 2 0 1 0 3 0 2 0 0 1 1 0 6 0 22 3 3 0 3 0 25 0 133661 8 0 3 24 0
632 GAT 4 6 4 56 4 18 0 2 1 6 5 16 1 0 3 2 5 2 0 9 0 0 0 0 4 0 1 0 0 0 0 1 7 36 8 134169 5 14 6 0 3 5 11 20 7 1 4 10 0 9 6 10 5 6 12 8 0 1 4 0 0 2 0 6
633 AAA 134929 7 28 8 2 0 2 0 37 1 9 3 5 2 2 0 3 1 5 7 0 0 1 0 1 5 0 0 5 1 0 1 7 4 6 1 0 0 5 1 0 3 3 1 0 0 4 3 0 2 2 0 3 1 5 3 0 0 0 1 1 0 1 3
634 GAA 24 3 0 0 7 8 3 1 1 1 0 4 6 1 3 3 8 6 1 6 0 1 1 0 1 2 1 1 8 8 5 7 132307 5 6 4 7 7 6 9 4 0 0 1 17 12 12 13 5 2 1 1 7 0 1 0 1 1 1 4 11 0 10 0
635 GTT 0 0 0 1 1 2 0 3 0 0 1 0 18 3 4 56 0 5 0 0 0 0 0 0 0 0 2 2 9 3 4 4 3 0 2 11 0 0 1 3 2 3 0 0 4 5 14 131740 4 0 0 2 0 0 0 0 0 0 2 1 6 0 11 5
636 AGC 11 55 3 6 11 1 0 0 43 133190 3 110 2 14 1 5 0 4 0 3 0 0 0 0 3 10 4 5 0 0 0 8 3 2 4 0 3 3 0 0 3 22 3 9 0 8 0 4 0 0 2 3 1 4 1 1 0 9 1 7 5 2 0 3
637 AAT 66 21 12 134695 4 9 4 11 3 7 5 7 3 5 6 4 5 4 3 3 0 1 4 2 2 4 3 3 4 2 7 0 0 6 0 7 5 2 6 2 0 5 17 16 4 0 7 0 4 3 0 7 2 9 14 8 3 0 0 2 0 0 7 1
638 TAC 1 12 1 1 0 0 0 2 0 3 0 4 0 1 0 0 0 19 0 8 1 0 0 3 0 0 0 0 0 0 0 0 1 0 2 0 2 0 1 4 1 0 1 0 9 4 2 6 7 131656 0 46 2 3 4 2 0 20 3 0 0 9 2 0
639 ACA 28 2 10 1 133019 0 26 0 8 1 17 2 40 1 1 1 1 6 2 3 0 0 0 1 7 8 18 0 0 5 3 6 0 0 0 0 24 0 6 1 3 0 0 0 6 2 2 2 0 4 0 6 4 0 0 4 2 1 2 0 1 1 3 0
640 CAG 2 0 30 4 0 0 0 0 0 0 2 0 1 0 0 0 22 2 132840 3 0 0 1 0 6 3 44 5 2 0 1 2 0 0 2 3 2 3 0 0 0 0 4 0 1 0 0 0 0 2 27 0 0 1 1 0 3 3 0 3 3 3 0 0
641 ATA 70 0 3 3 16 4 2 0 7 0 10 3 129615 3 11 3 0 1 1 1 0 0 0 1 6 6 7 6 1 0 0 0 3 0 3 4 1 4 4 1 0 4 0 2 7 1 4 3 0 2 0 0 0 0 4 7 0 0 3 6 0 6 3 2
642 ATA 10 0 0 1 2 0 0 1 0 0 0 2 130576 4 6 6 2 2 0 2 1 2 0 4 3 0 0 0 0 0 0 0 0 0 0 0 0 0 0 0 0 1 0 0 2 0 0 0 0 0 1 0 0 0 0 0 0 0 0 0 0 2 0 1
643 TAT 0 0 0 2 0 0 0 0 1 0 0 0 1 1 2 0 0 0 3 2 0 0 1 0 0 3 0 3 3 0 4 2 0 0 1 0 0 1 0 0 1 0 0 0 0 1 0 4 41 6 3 130908 1 0 2 3 2 0 2 5 5 6 0 10
644 ACT 6 2 10 16 18 15 3 115027 13 0 29 4 0 0 0 36 5 3 2 4 1 0 0 5 6 9 11 1 8 2 3 1 4 2 7 11 1 6 0 8 15 0 1 7 0 0 2 0 0 3 0 5 11 5 3 5 0 1 8 0 7 1 0 4
645 CTA 18 0 4 0 1 0 1 0 3 0 6 1 23 2 0 3 10 0 0 1 11 0 0 0 10 8 7 22 123005 8 17 4 0 0 0 0 2 4 0 2 0 0 0 0 1 3 0 3 2 1 0 0 0 0 1 0 2 0 0 3 21 3 1 1
646 ATT 4 0 1 1 0 0 2 6 0 0 0 0 27 3 7 121208 0 1 0 0 0 0 0 0 0 0 0 0 5 4 0 8 0 0 0 0 0 0 0 0 0 0 0 1 5 0 2 6 0 0 0 0 0 2 0 0 3 0 0 0 2 0 6 1
647 GAA 41 0 2 0 1 1 3 2 0 6 2 3 0 0 4 0 4 1 4 1 0 0 0 0 0 2 1 2 2 2 0 1 118208 12 18 10 10 8 5 0 37 11 16 14 2 0 0 0 4 6 0 11 2 0 4 1 0 0 8 3 0 12 1 11
648 GAA 109 2 6 1 2 4 3 3 7 5 10 9 8 7 7 6 4 7 4 5 1 0 0 0 2 4 9 7 5 1 0 4 113999 2 10 1 7 4 3 3 7 7 11 0 16 2 9 17 2 4 1 3 2 7 6 6 0 0 1 2 9 0 7 2
649 TCG 0 0 1 0 5 0 0 0 0 0 1 0 0 3 0 0 0 0 0 1 0 0 0 0 0 0 0 0 0 1 0 1 1 0 0 0 3 0 0 0 0 0 0 0 0 0 2 0 0 2 1 1 116 1 83544 3 0 0 0 2 0 0 17 0
650 CAG 0 1 6 3 0 0 0 3 0 0 1 0 0 0 3 0 35 4 106030 2 0 0 0 0 3 0 32 3 0 0 3 0 2 0 7 3 4 2 1 1 0 0 1 0 0 0 0 0 0 1 23 0 1 0 0 0 2 0 5 0 0 3 0 0
651 AAC 2 122248 3 35 0 8 8 2 3 7 0 0 0 1 3 4 0 3 1 0 0 0 0 0 0 0 0 0 3 1 4 0 2 7 1 2 4 3 0 2 3 2 2 2 0 1 0 6 0 0 4 1 2 0 0 1 0 1 0 0 3 5 5 1
652 CAG 2 0 3 0 0 0 0 0 0 0 2 1 0 0 0 0 42 0 41670 1 0 0 0 0 0 0 3 0 0 0 0 0 0 1 2 1 1 0 0 0 0 0 0 0 0 0 1 0 0 0 0 0 0 0 0 0 0 0 0 0 1 0 1 0
653 CAA 9 0 0 3 0 0 0 0 0 0 0 0 1 1 3 0 64144 0 4 0 0 0 0 0 1 0 0 0 1 0 0 1 3 0 0 0 2 0 2 0 0 0 0 0 0 0 0 0 33 0 0 0 0 0 0 1 0 0 1 1 0 0 2 1
654 GAA 154 0 0 1 1 0 0 0 2 0 0 0 1 2 0 2 2 0 1 0 0 0 0 0 0 0 0 1 0 0 1 1 86157 3 3 1 3 0 0 0 0 0 0 0 0 0 0 1 2 0 0 2 0 0 1 0 0 0 0 0 0 0 2 0
655 AAA 113298 0 1 1 1 0 0 0 0 1 2 1 0 3 0 2 2 1 2 0 0 0 0 0 3 0 1 0 1 2 0 2 0 2 0 0 2 0 1 2 1 0 0 1 0 0 0 2 2 1 0 0 0 1 0 0 0 0 1 0 5 0 3 3
656 AAT 16 5 2 108151 1 1 4 1 4 1 0 9 2 1 1 16 2 1 1 4 1 0 0 0 0 1 1 1 1 0 0 0 1 2 3 3 1 1 0 0 0 2 2 0 1 1 2 0 0 0 1 4 0 1 0 0 1 0 0 0 1 0 0 0
657 GAA 55 2 0 3 1 2 2 0 7 0 3 4 2 0 2 6 12 1 1 1 0 0 3 0 3 0 0 1 0 0 3 1 110929 0 12 5 4 3 2 4 16 1 13 4 5 1 0 0 3 0 2 10 5 1 4 1 3 2 27 4 6 3 5 3
658 CAA 16 0 3 3 3 1 0 0 6 0 0 2 3 0 4 3 91414 3 7 5 0 0 0 0 5 0 1 0 8 0 5 11 4 0 1 0 0 0 5 0 1 0 0 0 5 8 5 5 8 2 1 2 0 0 5 2 1 1 7 8 2 5 7 19
659 GAC 3 31 0 3 0 3 0 0 2 0 0 3 0 3 0 3 3 1 1 0 0 0 0 0 0 1 0 0 0 1 3 4 15 89706 0 20 7 0 0 0 0 4 1 4 4 8 1 10 0 5 0 2 4 2 0 4 3 3 0 3 0 0 5 0
660 TTA 5 0 1 1 1 0 2 0 0 0 0 0 21 0 3 6 0 0 0 0 0 0 1 1 0 0 0 0 11 0 6 5 5 0 0 0 0 1 0 0 7 0 4 4 3 1 2 1 2 0 0 6 1 0 0 0 3 1 2 4 108090 0 8 0
661 TTA 0 0 1 0 1 1 0 3 1 0 0 1 8 0 0 2 2 0 0 0 0 0 1 2 0 0 0 0 13 1 0 0 0 0 3 0 0 0 0 0 0 0 0 0 2 2 0 5 4 2 0 3 7 1 0 0 5 0 0 0 120226 6 17 12
662 GCA 5 0 2 1 36 0 0 2 1 1 8 10 0 1 0 1 1 0 3 1 1 0 0 0 0 3 0 5 0 0 0 0 9 0 10 1 121639 3 6 7 0 1 3 4 56 0 7 1 1 0 0 0 9 1 9 1 0 2 0 5 5 3 0 5
663 TTG 1 3 0 0 0 0 2 0 4 0 0 1 1 0 8 4 0 0 1 0 4 0 1 0 1 0 1 0 0 1 12 2 3 1 1 0 0 0 1 2 6 1 0 2 1 0 1 0 0 5 0 9 0 4 9 2 0 2 16 0 37 7 98695 23
664 GAC 1 53 0 0 0 11 2 3 1 2 3 2 0 2 0 1 0 2 2 4 2 0 0 1 1 4 0 0 0 1 0 1 39 126697 12 16 1 1 0 0 6 37 8 15 3 0 3 2 4 4 0 0 2 2 7 5 0 0 0 1 0 0 2 2
665 AAG 57 0 132080 8 2 1 5 0 2 2 43 3 0 4 14 7 2 0 4 1 0 0 0 0 2 0 7 0 0 0 0 1 6 0 25 1 0 2 6 2 1 2 3 0 1 3 5 4 0 0 1 1 0 0 1 0 1 1 0 5 0 0 0 2
666 TGG 1 0 1 0 0 0 1 0 0 0 2 0 3 0 3 0 0 0 0 0 0 0 0 2 0 0 3 2 0 0 0 2 1 1 5 0 0 0 1 3 2 0 5 0 0 1 2 0 0 1 16 0 1 0 1 0 6 0 118179 4 0 0 9 1
667 GCA 0 2 12 5 85 0 0 2 0 3 0 0 7 2 2 0 3 0 4 2 0 0 2 0 1 0 3 1 3 0 0 0 2 1 1 3 80996 5 19 10 4 1 1 0 119 1 4 0 0 5 1 1 5 1 1 0 2 0 2 0 1 5 5 7
668 AGT 2 3 5 29 0 1 0 3 8 12 0 116101 4 3 10 5 0 1 1 3 0 0 0 0 0 0 0 0 0 2 0 1 0 2 4 3 2 0 0 1 3 1 12 4 3 0 1 4 1 4 0 2 0 0 3 1 0 0 0 2 1 2 0 1
669 CTG 0 2 0 0 3 1 0 0 0 0 0 3 0 0 11 1 0 0 2 0 0 1 26 0 1 0 5 1 65 1 109813 12 2 4 5 2 0 0 4 0 2 0 3 2 1 1 1 1 0 0 7 1 0 0 1 0 0 0 3 0 9 0 14 0
670 TGG 0 0 3 0 1 0 1 2 0 4 7 5 14 0 1 10 2 0 0 0 0 0 0 0 5 0 42 1 3 0 2 3 2 3 3 0 1 4 2 8 2 0 4 3 6 1 8 2 1 2 19 8 0 0 9 5 25 9 127507 15 6 3 14 12
671 AAT 5 17 1 134273 6 3 6 1 0 5 0 10 0 0 0 4 1 1 6 2 3 1 5 0 0 4 0 2 2 1 1 0 4 1 1 6 7 0 0 1 6 4 19 3 0 0 0 0 4 0 0 0 2 1 2 0 1 4 3 2 0 0 0 0
672 TGG 4 0 0 0 0 1 1 0 0 1 3 2 3 1 3 1 3 1 5 0 4 3 3 1 0 3 7 1 0 0 1 0 3 0 0 3 0 1 0 2 4 0 13 9 0 0 0 0 4 0 18 0 6 2 1 3 30 1 129776 4 2 4 6 3
673 TTT 0 0 0 1 0 0 0 0 1 0 0 2 0 0 3 3 4 0 3 7 2 0 0 1 2 6 1 2 0 0 2 15 0 0 0 2 1 0 2 0 0 0 0 2 2 0 0 6 0 2 0 22 2 2 0 7 0 2 6 7 8 20 0 133706
674 AAC 10 133676 1 23 6 1 1 4 6 34 13 9 4 9 0 3 6 2 2 15 0 0 0 0 1 2 4 3 5 0 3 0 2 20 1 1 7 0 4 0 0 13 14 2 4 3 3 4 0 4 0 1 0 2 0 1 1 0 1 4 4 0 1 1
675 ATC 1 4 0 0 0 9 1 3 4 1 0 0 7 131447 0 23 0 1 0 0 0 0 0 0 0 0 0 2 4 7 1 8 0 0 0 1 0 0 0 1 0 0 8 7 2 10 0 2 1 0 1 1 1 2 0 5 1 0 2 7 2 8 4 4
676 TCA 2 0 1 2 28 9 2 10 0 1 3 4 5 2 16 6 0 0 2 0 26 0 0 1 1 0 0 1 2 7 4 0 2 1 3 0 3 2 0 3 2 0 0 4 17 2 8 7 3 0 2 0 131695 2 25 17 0 1 2 3 25 0 1 3
677 CAA 24 2 3 2 4 0 1 0 9 6 0 6 6 6 1 6 134520 2 23 15 1 0 0 3 32 0 8 4 4 2 9 2 0 0 3 0 0 1 0 1 8 0 2 0 3 3 0 1 23 5 2 2 2 0 7 7 1 0 1 3 10 0 1 3
678 TGG 0 0 0 0 0 0 0 0 0 0 0 1 0 0 0 3 0 0 0 0 0 4 0 0 0 0 3 0 1 0 3 0 0 0 0 0 0 0 1 1 0 0 4 0 0 1 3 0 1 0 22 0 0 2 0 0 60 1 133351 3 0 0 0 0
679 CTG 0 0 0 0 0 0 4 0 0 0 3 0 2 0 8 0 1 0 1 0 1 4 8 0 1 0 6 0 34 6 122932 7 0 0 0 1 0 0 0 0 0 0 0 0 0 2 5 3 0 0 2 0 1 0 0 1 0 1 0 1 0 0 35 0
680 TGG 0 8 0 1 0 1 8 0 0 0 6 1 2 0 2 0 1 0 1 0 0 1 0 0 0 1 8 0 3 0 0 0 2 0 4 0 2 1 3 0 0 0 7 2 0 2 1 0 0 8 20 2 0 2 5 4 30 0 126495 1 0 6 12 1
681 TAT 1 0 0 14 2 0 0 0 2 3 6 0 0 0 0 0 0 4 2 23 0 0 0 0 5 3 3 1 1 1 0 0 4 0 3 3 0 0 0 0 2 1 2 6 0 2 5 1 7 21 3 135601 0 0 2 0 0 5 0 5 0 0 0 4
682 ATA 12 6 0 1 10 1 6 2 2 0 0 1 135869 4 17 0 3 1 6 0 0 1 1 0 0 4 0 0 4 0 0 2 0 2 2 3 0 0 1 0 0 0 4 0 5 6 1 0 0 0 0 2 0 3 5 1 0 0 1 0 2 7 3 0
683 AAG 30 3 135862 4 0 0 1 0 1 0 18 0 2 0 1 0 0 1 6 4 0 0 7 0 4 4 7 3 0 0 0 0 1 0 10 0 0 0 1 3 0 1 2 0 0 0 2 2 0 4 9 1 1 0 1 0 0 2 2 0 0 0 1 1
684 ATA 8 3 1 6 10 2 6 4 3 0 2 3 135603 2 16 10 0 1 1 4 1 0 3 2 3 4 0 0 9 5 7 5 0 3 2 8 1 0 1 1 7 1 2 2 1 1 0 7 0 2 1 7 5 0 1 6 0 2 5 8 8 3 7 2
685 TTT 0 4 0 5 2 1 1 5 0 0 1 7 4 2 5 2 1 0 1 3 0 0 0 0 0 0 3 0 2 0 0 20 0 0 4 1 8 2 1 1 4 3 5 2 5 2 2 5 2 2 1 6 0 1 6 16 0 3 3 15 20 19 10 135114
686 ATA 13 1 1 11 1 2 2 0 0 3 0 7 135534 11 15 13 3 2 0 2 2 1 1 0 2 0 1 3 2 9 3 4 3 1 3 2 0 0 0 0 0 0 4 9 28 2 6 8 2 4 1 13 0 0 1 0 1 5 11 5 13 0 5 7
687 ATA 13 2 2 3 18 0 0 0 3 0 1 5 135885 3 17 3 0 0 0 2 0 1 0 5 0 2 0 1 3 3 3 0 0 1 4 2 1 0 0 2 4 2 0 9 11 0 1 0 0 0 6 0 1 1 1 0 0 1 1 0 3 4 0 1
688 ATA 5 0 0 0 6 4 0 4 0 3 0 3 135768 6 46 2 0 0 3 0 0 0 3 0 0 0 0 0 3 3 0 0 0 0 1 0 0 0 0 0 5 3 5 10 12 1 0 0 0 3 1 2 2 0 0 2 2 0 5 13 10 6 2 4
689 GTA 2 0 0 0 2 2 2 0 0 2 2 0 37 3 3 2 0 0 6 1 0 2 0 6 0 0 0 0 0 3 1 0 3 2 2 0 23 2 0 0 1 3 3 1 135807 3 49 2 0 0 0 1 2 0 5 3 0 0 0 5 2 2 0 0
690 GGA 0 1 0 0 11 0 0 12 13 3 0 0 4 1 3 2 1 1 3 1 5 0 4 1 0 0 0 1 0 2 0 0 44 0 0 0 6 3 1 0 135480 4 52 11 4 0 2 11 0 0 1 0 4 0 1 2 2 4 2 4 2 0 11 1
691 GGC 1 7 0 1 0 0 2 4 0 41 3 0 0 1 2 0 0 0 0 2 0 0 1 0 0 2 0 0 2 0 4 3 3 21 0 0 0 5 0 1 8 134699 4 33 1 12 3 6 0 0 0 3 5 0 2 2 0 22 7 0 3 0 2 4
692 TTA 5 0 6 2 7 1 0 0 0 3 0 0 21 2 4 8 0 3 5 1 0 2 1 0 0 0 0 2 14 2 0 1 4 0 2 1 2 0 1 2 3 0 7 8 7 0 3 0 13 0 1 5 26 2 2 4 0 2 2 0 135283 12 12 2
693 ATA 13 2 0 2 2 3 4 3 0 3 0 0 135836 2 40 8 9 2 3 2 0 2 0 1 0 0 0 1 2 1 10 0 0 0 1 0 2 3 4 1 0 7 7 7 5 0 1 6 0 1 7 1 1 7 2 1 0 2 0 0 2 1 1 1
694 GGA 0 0 2 7 1 7 3 5 17 4 0 0 1 3 0 1 3 3 6 0 3 0 1 3 2 3 1 0 3 2 2 0 24 0 0 0 7 2 12 5 135376 7 17 18 10 6 0 5 0 0 0 1 0 2 1 3 20 7 8 8 3 1 0 1
695 TTA 3 5 3 4 10 7 6 3 5 7 0 1 5 3 0 1 5 8 1 2 0 9 5 1 2 3 4 2 1 10 5 0 5 0 10 5 1 3 5 1 2 4 4 6 14 4 0 5 8 5 0 3 15 2 9 6 0 2 9 2 135430 2 29 4
696 AGA 35 2 5 2 7 1 4 3 135593 0 7 5 8 1 0 2 4 4 2 6 4 2 4 0 2 13 2 3 5 0 4 2 5 2 4 0 7 3 4 7 14 3 12 3 6 3 0 5 3 0 0 13 5 0 0 4 3 4 5 5 1 1 1 18
697 ATA 1 0 0 0 2 4 0 0 0 3 0 5 135811 2 25 6 0 1 0 3 3 1 2 3 0 0 0 5 4 14 4 4 0 0 2 4 0 0 1 7 0 1 1 3 14 3 11 0 0 0 0 2 2 4 1 3 5 6 1 2 5 11 10 6
698 GTT 0 0 0 0 9 11 1 4 0 1 3 10 9 0 0 41 0 8 0 1 3 3 4 4 0 0 1 1 0 5 2 4 0 0 0 0 0 10 2 16 3 0 10 3 14 17 7 135721 1 2 0 4 0 11 2 0 0 0 8 5 3 5 1 8
699 TTT 3 9 0 5 2 7 2 2 2 0 2 0 2 0 0 25 0 0 4 0 0 6 4 2 6 1 3 5 3 4 6 6 0 2 9 0 9 1 4 2 1 5 10 3 4 3 4 10 1 3 3 10 2 3 0 12 0 0 4 2 13 4 5 135704
700 GCA 0 0 3 2 101 13 3 0 0 16 2 0 1 2 6 0 3 3 0 0 3 2 5 0 0 1 7 0 0 3 1 0 5 4 4 4 135415 1 44 19 4 9 4 3 204 0 3 2 0 2 3 2 2 2 0 1 0 0 4 9 5 5 1 4
701 GTG 0 0 0 0 0 1 2 3 0 5 0 2 4 8 62 0 1 0 1 0 0 3 1 0 0 0 1 0 0 3 3 2 0 4 4 0 9 0 17 6 6 2 0 4 184 3 135604 7 1 0 2 2 0 0 2 3 0 7 1 13 5 8 4 6
702 CTT 2 1 1 0 0 7 7 1 8 2 6 2 5 0 2 19 9 6 4 9 3 3 1 29 8 2 3 7 8 27 1 135888 1 0 2 1 8 3 2 1 0 3 1 2 4 2 2 18 0 3 1 2 8 2 0 3 0 0 4 0 6 3 5 37
