# POSITION WT AAA AAC AAG AAT ACA ACC ACG ACT AGA AGC AGG AGT ATA ATC ATG ATT CAA CAC CAG CAT CCA CCC CCG CCT CGA CGC CGG CGT CTA CTC CTG CTT GAA GAC GAG GAT GCA GCC GCG GCT GGA GGC GGG GGT GTA GTC GTG GTT TAA TAC TAG TAT TCA TCC TCG TCT TGA TGC TGG TGT TTA TTC TTG TTT
32 GGA 0 0 0 2 0 1 0 1 80 3 0 0 0 0 0 0 1 1 1 0 0 1 0 0 1 1 0 0 1 0 1 0 64 5 5 0 1 4 1 0 213831 6 12 15 0 1 0 0 1 0 0 0 1 3 1 3 4 0 0 2 1 0 0 0
33 AAC 13 214548 4 38 2 0 1 3 3 6 2 0 1 3 0 1 10 4 0 2 0 0 0 0 4 3 9 2 3 0 1 0 2 13 3 0 1 1 5 1 3 1 1 0 0 3 0 0 3 5 1 0 0 3 3 0 1 1 1 5 0 0 0 0
34 TTG 1 2 1 0 4 1 8 1 0 0 5 3 1 0 8 0 2 0 1 0 0 2 1 5 0 0 2 1 0 1 34 0 3 1 4 2 0 1 0 0 4 1 1 0 0 1 2 0 4 7 4 4 3 2 50 1 2 0 1 0 59 1 214461 3
35 TGG 0 0 0 2 0 0 0 0 0 0 4 0 0 0 0 0 0 0 0 1 0 2 0 0 0 0 6 1 3 0 0 1 0 0 0 0 0 0 0 0 0 2 2 0 0 3 1 0 0 0 42 4 0 0 0 0 30 0 214647 7 0 1 14 0
36 GTT 0 0 0 0 8 0 2 5 0 0 0 1 4 4 1 78 0 0 0 0 0 0 0 0 0 0 0 1 0 0 0 3 1 0 2 3 4 0 0 24 0 0 4 3 13 25 7 212215 0 0 0 0 0 0 0 0 2 0 0 1 0 1 0 1
37 ACT 3 2 0 36 15 19 2 214389 1 6 0 0 0 0 0 76 0 0 0 0 1 4 2 1 1 0 1 0 1 0 1 0 0 0 1 0 0 1 0 18 0 0 0 0 0 0 0 0 5 0 1 0 3 0 0 3 0 2 0 0 0 0 2 0
38 GTC 3 1 3 3 0 0 3 0 1 2 0 0 1 129 0 1 5 1 2 0 0 0 0 1 1 0 1 0 0 2 0 1 0 0 2 0 2 13 2 0 0 1 1 2 21 214070 7 31 2 2 0 1 0 3 3 0 1 0 0 2 0 4 0 0
39 TAC 5 6 0 0 1 0 2 1 1 0 0 0 2 0 0 0 0 15 0 5 0 2 0 1 0 1 2 0 0 0 0 0 0 1 0 0 0 1 0 1 1 0 1 0 0 0 0 0 19 214050 3 43 2 8 0 0 0 8 1 1 0 15 0 6
40 TAT 0 0 0 8 0 2 0 2 0 0 0 0 0 0 1 0 1 0 0 28 0 1 0 0 1 0 0 0 0 0 0 0 3 3 3 4 1 0 0 1 0 0 0 0 0 1 2 1 5 17 2 214655 0 2 0 0 1 2 0 9 1 1 1 0
41 GGG 1 4 1 0 0 0 4 1 0 0 28 0 0 0 0 0 0 1 1 0 0 0 3 0 0 0 1 3 0 2 0 0 0 0 48 0 0 0 4 2 57 11 212398 3 0 0 12 0 3 0 0 0 1 1 2 0 1 0 7 0 0 0 0 1
42 GTG 0 1 0 0 1 1 0 1 0 0 0 0 5 1 51 0 0 0 1 1 1 1 0 1 2 0 0 1 0 0 3 0 0 1 4 1 0 0 9 1 1 1 0 0 199 19 211921 8 1 0 3 0 0 1 0 0 0 1 0 1 4 0 1 0
43 CCT 0 0 3 0 1 2 1 7 0 0 0 0 2 3 0 0 1 0 2 23 38 199 35 212171 1 0 0 1 1 0 1 20 0 0 0 1 0 0 2 0 0 1 1 0 0 0 2 0 1 0 2 1 1 3 0 154 0 0 1 2 0 0 0 4
44 GTG 3 0 6 2 0 4 3 0 0 0 4 0 0 0 51 4 3 0 6 0 0 0 0 0 1 1 0 3 3 0 1 1 2 3 1 0 0 2 24 6 4 1 2 4 73 9 212682 20 1 1 0 1 1 0 2 4 0 4 1 3 2 1 1 0
45 TGG 1 0 1 0 1 0 1 0 0 0 6 1 0 0 1 4 0 1 0 0 2 3 1 1 0 0 17 1 0 0 1 0 0 1 1 0 0 0 2 1 0 0 3 2 1 0 0 0 0 4 32 1 0 0 2 0 28 4 214107 1 0 7 13 2
46 AAG 124 1 210647 67 1 4 12 6 2 2 90 0 3 5 17 3 4 1 9 0 1 3 0 0 1 0 0 4 1 0 4 0 2 5 76 0 0 2 5 2 0 0 6 4 2 0 3 0 0 2 3 1 5 0 1 3 1 4 0 10 3 0 0 1
47 GAC 0 61 0 0 3 0 0 5 1 2 1 3 0 0 1 0 2 5 0 3 3 2 1 2 1 1 5 1 0 0 0 0 35 212903 17 47 1 3 1 2 8 24 3 0 0 2 0 1 0 5 1 0 1 3 5 2 2 0 0 0 0 1 0 2
48 GCA 0 0 0 0 376 7 0 2 0 4 0 2 0 0 0 0 0 0 1 1 3 0 0 0 1 3 1 0 0 0 1 0 12 2 4 5 211378 4 79 17 0 0 3 1 53 1 1 2 0 3 0 1 8 1 4 4 0 2 6 10 0 0 0 0
49 GAG 0 3 31 1 10 1 2 1 6 1 1 7 1 2 14 1 2 0 3 0 1 1 4 0 6 1 1 2 2 1 1 1 77 11 212373 20 1 0 2 0 5 0 23 0 2 4 11 1 3 2 1 3 7 0 11 3 0 0 0 0 5 2 1 5
50 ACC 0 5 0 1 16 211103 3 36 0 6 0 0 2 20 0 0 0 0 0 0 5 8 6 1 0 0 0 0 1 0 0 0 0 0 0 0 0 19 0 2 0 1 4 0 2 7 0 0 0 0 1 0 4 0 1 0 0 0 0 0 0 0 0 0
51 ACT 0 4 2 15 8 29 7 210843 0 2 0 5 7 4 0 51 2 0 6 1 3 0 0 3 2 1 1 0 1 2 1 1 3 2 1 1 5 2 2 9 2 1 3 3 1 0 5 6 0 3 0 2 3 1 1 9 0 2 1 3 2 0 2 0
52 CTA 0 0 0 0 0 0 0 0 2 0 0 0 18 0 0 0 2 0 0 1 16 1 0 0 2 1 0 1 213474 0 3 6 0 1 0 1 2 0 0 0 3 0 0 0 1 0 0 0 2 0 0 2 0 2 0 0 0 1 0 0 22 0 1 0
53 TTC 0 0 0 2 1 2 0 2 0 0 0 0 5 8 0 4 0 0 0 0 0 2 0 0 2 1 3 0 0 10 1 1 0 0 0 0 2 1 0 0 1 1 2 0 0 6 0 0 0 9 0 0 1 10 0 0 0 3 1 0 11 214409 1 56
54 TGT 1 0 2 0 0 0 0 0 0 0 0 7 0 0 0 0 0 1 0 1 1 2 0 0 0 1 0 47 1 0 0 0 0 0 2 0 0 1 1 0 1 0 0 3 0 0 0 0 0 0 0 51 0 0 0 5 3 15 1 212003 1 2 0 1
55 GCA 1 0 0 0 173 3 1 0 0 1 0 0 0 0 8 0 0 4 2 0 0 1 0 0 0 0 0 0 0 0 0 0 3 0 0 1 212878 5 11 3 2 4 0 2 150 0 0 1 0 1 0 0 2 2 0 2 0 0 0 0 0 0 0 0
56 TCA 0 1 0 0 3 0 0 0 2 6 0 3 0 0 1 0 0 3 0 2 18 0 1 0 3 0 0 2 0 0 0 4 0 0 0 1 3 5 0 2 0 0 2 1 2 2 0 0 5 0 2 1 213235 11 122 9 0 0 2 3 28 0 0 1
57 GAT 0 0 0 43 0 0 0 0 0 0 0 0 0 0 0 0 1 0 0 1 0 4 0 0 0 0 0 0 0 1 0 0 7 13 0 212750 3 0 0 4 0 0 0 10 0 0 0 0 0 0 0 285 0 1 0 0 0 0 0 0 0 0 0 0
58 GCT 0 0 0 0 0 0 0 166 0 0 0 0 0 0 0 0 0 0 0 0 0 2 0 2 0 0 0 0 0 0 0 0 0 0 0 8 1 30 5 208438 0 1 0 1 0 0 0 41 0 0 0 0 4 0 0 4 0 0 0 0 1 0 0 0
59 AAA 213373 0 16 5 2 0 0 0 7 0 0 0 2 0 0 0 0 0 0 0 0 0 0 0 0 0 0 0 0 0 0 0 8 1 0 0 0 0 0 0 0 0 0 0 0 0 0 0 0 0 1 0 0 0 0 0 0 0 0 0 259 0 0 0
60 GCA 1 0 2 0 84 0 0 0 0 0 0 0 0 0 0 0 0 0 0 2 0 0 0 0 0 0 2 0 0 0 0 0 1 0 0 0 210154 3 8 5 0 0 0 0 80 0 0 1 0 0 0 2 6 5 0 0 0 0 0 0 1 0 0 3
61 TAT 1 2 5 0 0 0 1 0 0 5 1 0 0 1 2 0 0 0 0 36 0 0 0 0 0 2 0 1 0 0 4 1 0 0 2 1 1 1 0 0 1 1 1 5 0 0 3 0 4 5 2 212898 0 0 0 264 0 0 3 39 1 0 2 0
62 GAT 4 0 1 48 3 1 0 0 0 0 0 0 1 1 0 0 0 0 1 2 1 4 0 10 0 0 2 0 0 3 0 0 4 13 0 211490 0 0 0 2 0 4 5 22 1 2 0 5 0 1 0 2 1 3 0 2 0 0 3 0 0 0 1 0
63 GCA 6 3 1 3 131 6 2 0 4 2 0 1 1 0 2 1 0 0 0 1 2 3 0 7 2 3 0 4 0 0 0 0 3 0 0 0 211543 2 104 6 1 0 0 3 229 1 3 0 0 0 2 1 8 0 3 3 0 1 2 0 0 2 2 3
64 GAA 79 1 3 5 17 9 10 0 5 0 0 11 0 1 0 0 13 0 0 8 3 5 5 12 1 4 2 1 0 1 0 1 208301 4 11 10 1 2 2 1 8 0 1 2 13 7 0 9 3 4 0 0 5 1 0 3 0 0 1 0 0 5 0 1
65 GTG 10 5 4 2 5 3 0 2 1 0 2 0 4 1 44 3 7 0 1 0 4 2 1 0 1 10 1 3 0 1 1 1 2 3 5 0 1 2 21 0 1 0 7 2 190 2 191332 4 1 2 4 0 1 1 1 2 0 2 0 3 0 2 3 0
66 CAT 1 2 0 10 5 3 0 0 0 0 0 0 0 0 1 1 8 16 3 201038 4 5 3 0 0 0 0 3 0 3 14 8 0 0 0 0 0 3 4 1 9 1 3 0 0 0 1 1 0 1 0 107 3 4 3 0 0 0 0 0 5 6 0 0
67 AAT 2 5 0 209033 6 1 1 2 3 2 0 9 1 0 0 0 1 0 0 0 5 0 1 0 0 0 0 0 0 0 0 0 2 5 0 19 1 0 0 0 0 0 0 0 0 0 2 0 2 0 0 4 5 0 1 2 2 1 0 0 0 0 1 0
68 ATC 0 5 0 0 0 5 0 0 0 1 1 0 12 194403 4 30 1 1 0 0 0 1 0 0 0 0 0 0 1 0 0 1 0 0 0 0 0 1 0 0 4 0 1 0 0 8 0 0 2 0 0 0 0 0 0 1 1 0 1 0 0 5 0 0
69 TGG 0 1 0 1 0 0 1 0 1 0 17 0 1 1 0 1 0 0 0 4 0 0 1 0 0 0 16 0 3 3 0 0 0 0 0 0 0 1 0 2 0 0 1 0 0 0 1 2 0 1 40 4 0 0 0 0 27 0 186423 9 3 3 27 2
70 GCT 0 0 5 2 5 1 5 102 2 4 3 0 1 10 0 0 4 6 7 0 0 1 0 0 2 0 1 1 0 0 2 1 5 1 2 13 3 22 2 138071 8 3 9 1 2 0 2 18 1 1 0 2 1 4 0 3 0 0 4 0 1 3 1 0
71 ACA 0 0 1 3 208100 8 33 6 1 3 0 1 67 1 1 0 0 0 1 1 3 0 3 1 0 0 1 0 0 0 1 1 3 1 0 0 12 1 0 0 2 0 0 0 0 1 0 0 1 0 0 0 8 0 0 0 0 0 0 0 0 0 0 0
72 CAT 0 1 0 3 4 0 0 2 0 1 0 0 1 2 0 1 8 12 0 206240 3 1 0 5 0 1 0 11 3 2 1 2 2 0 1 6 1 1 0 0 0 0 1 1 0 0 0 0 1 2 0 47 1 2 0 1 0 0 0 2 0 0 0 2
73 GCC 0 0 0 0 2 103 1 2 0 3 0 0 1 0 3 5 2 0 6 0 0 1 0 0 0 0 0 0 5 0 3 5 0 6 0 1 28 131021 2 39 2 0 0 2 2 51 0 1 0 0 1 0 0 2 0 0 0 0 0 0 0 2 3 3
74 TGT 1 5 0 1 0 0 0 1 0 0 0 22 0 1 0 0 0 2 0 0 2 1 1 0 1 0 0 100 1 1 0 1 1 1 2 0 0 1 0 0 0 1 2 9 0 1 0 1 0 2 0 62 3 0 0 0 1 18 2 175949 0 0 1 1
75 GTA 1 1 0 1 6 1 1 1 1 0 0 0 75 0 0 0 6 1 1 1 9 3 2 2 0 1 0 0 9 3 0 8 5 1 0 1 17 6 2 1 3 0 0 0 198842 7 26 6 3 0 0 0 5 1 5 2 2 0 0 4 6 5 3 2
76 CCT 0 0 1 0 4 0 0 4 0 0 0 0 0 1 0 0 2 1 1 32 23 88 9 185457 1 0 0 2 3 3 2 24 1 0 0 1 2 6 2 14 1 0 0 3 2 0 0 0 0 1 0 3 4 1 8 56 0 0 0 1 1 0 0 2
77 ACA 12 0 0 7 188942 9 81 22 2 0 0 3 115 6 1 2 9 13 0 3 2 1 1 0 2 0 0 1 6 8 8 7 2 0 0 3 16 4 0 3 3 1 1 2 3 4 4 7 1 14 0 2 4 6 2 4 1 6 0 3 8 4 4 3
78 GAC 0 42 0 1 0 2 0 0 0 0 0 0 2 1 0 1 0 1 0 1 0 1 1 0 0 0 5 1 6 1 0 0 19 162449 5 35 1 4 0 3 4 9 1 0 0 6 0 0 2 5 1 0 1 3 0 0 1 3 0 2 1 0 2 1
79 CCC 0 0 0 1 0 53 0 0 0 0 0 0 1 0 1 0 0 25 1 0 34 106287 4 21 0 1 0 0 1 30 1 0 1 0 1 1 1 7 0 2 0 0 1 0 2 0 2 0 0 0 0 0 0 26 0 0 0 0 3 1 0 2 3 1
80 AAC 9 181682 2 63 2 29 1 1 1 32 0 0 1 1 2 0 1 3 1 4 0 0 0 0 1 1 2 2 3 1 1 1 9 27 2 1 3 0 1 2 0 2 0 0 0 2 0 1 0 11 0 2 1 1 0 0 0 1 2 1 4 1 4 5
81 CCA 9 5 0 0 12 15 1 1 7 1 0 3 6 0 2 0 23 29 4 10 191485 12 11 7 3 2 0 1 17 4 2 2 3 4 2 1 4 8 4 4 0 0 1 1 6 1 4 0 1 6 0 7 21 2 2 4 1 0 2 0 3 3 5 1
82 CAA 9 10 19 5 4 4 1 9 2 1 3 0 2 7 5 7 139036 7 9 7 8 5 0 5 34 4 2 8 4 4 5 6 0 4 3 1 0 1 3 3 0 3 3 2 1 0 2 1 5 1 2 4 4 2 5 1 0 4 0 2 1 6 1 0
83 GAA 11 0 0 0 0 0 0 0 0 0 0 1 0 0 0 0 1 0 0 0 0 0 0 0 1 0 0 0 0 0 0 0 95255 1 1 0 0 0 0 0 0 0 0 0 0 0 0 0 2 0 0 0 0 0 0 1 0 0 0 0 0 0 0 0
84 ATA 1 0 0 1 8 1 1 1 1 1 0 1 92872 2 8 3 0 0 0 3 0 0 0 0 0 0 0 1 1 1 0 2 3 0 1 1 1 0 1 0 1 1 0 0 6 0 1 0 0 1 0 4 4 0 2 0 0 1 0 1 3 0 1 1
85 AAT 15 7 1 112162 0 0 0 0 0 0 0 0 3 0 0 0 0 0 0 0 1 0 0 1 1 0 0 0 0 0 0 0 0 0 1 0 0 0 0 1 0 0 0 0 0 0 0 0 0 0 0 0 0 0 0 0 0 0 0 2 1 0 0 0
86 TTG 0 0 0 0 0 1 0 0 0 1 0 0 3 1 25 2 0 0 2 1 0 0 0 0 0 0 0 1 0 2 3 0 1 0 0 1 1 0 0 0 0 0 0 0 2 2 2 1 0 0 0 0 0 0 3 0 0 4 1 0 14 0 42819 26
87 GAA 52 0 0 1 1 0 0 0 0 2 1 1 1 1 1 0 0 1 3 0 1 0 0 0 2 1 2 0 0 1 1 1 153141 0 17 2 3 0 0 3 123 1 0 0 2 0 0 7 5 3 0 1 3 0 0 0 0 1 0 1 0 2 10 1
88 AAT 17 0 5 138233 3 0 0 1 1 0 1 6 2 0 2 5 1 0 0 2 0 0 0 0 2 0 0 0 0 0 0 0 0 0 1 0 0 0 0 0 2 0 1 6 0 0 0 0 1 0 0 6 0 3 0 2 0 1 0 0 2 0 0 0
89 GTG 1 0 0 0 0 3 1 0 0 0 1 0 0 1 38 2 0 2 0 0 0 0 0 0 1 1 1 0 0 2 2 0 0 1 2 0 0 1 4 0 0 0 2 0 45 2 178030 5 0 0 0 0 1 0 0 0 2 0 4 3 1 0 4 1
90 ACA 19 1 0 0 181259 2 20 4 3 0 0 1 47 1 0 0 5 0 5 2 1 0 1 0 0 0 0 1 0 0 2 1 1 3 1 0 55 1 2 1 1 0 1 0 0 0 4 2 0 1 0 0 5 0 0 0 0 0 1 0 0 0 0 0
91 GAA 40 0 2 0 3 0 0 5 1 0 0 0 0 2 0 1 7 0 0 0 0 0 0 0 0 0 0 0 3 1 0 0 169769 2 24 6 1 0 1 0 6 1 0 0 7 0 0 1 4 7 2 0 3 2 3 4 0 0 1 0 0 0 0 0
92 GAG 1 3 27 1 1 0 1 1 1 1 0 0 0 2 0 1 2 3 3 1 2 1 0 1 3 0 0 1 1 1 1 1 49 4 167374 4 2 0 0 0 1 0 3 0 1 0 3 0 0 0 5 0 0 0 0 0 0 0 0 1 1 0 0 1
93 TTT 1 0 0 2 0 1 0 0 0 2 0 0 1 0 2 7 0 0 2 0 0 0 0 1 1 0 0 0 0 0 0 9 0 1 0 1 0 0 0 0 1 0 0 0 0 0 1 4 1 0 0 21 0 1 0 4 1 0 0 2 6 4 0 142192
94 AAC 19 189109 2 44 3 6 8 2 2 76 3 0 1 2 2 0 1 7 1 0 0 0 1 0 4 4 1 0 1 0 0 2 3 27 0 1 0 0 1 1 4 0 4 0 0 0 1 1 1 6 0 4 1 0 1 1 1 6 1 0 1 0 2 1
95 ATG 2 0 4 0 1 0 17 0 0 1 3 2 77 4 199619 5 0 1 0 1 0 0 0 2 0 0 0 0 3 0 1 0 2 0 2 0 5 0 1 1 0 0 4 1 0 5 36 0 0 0 0 1 2 3 3 1 0 5 0 3 1 0 7 4
96 TGG 0 0 0 0 0 0 1 0 0 0 4 0 1 1 1 0 0 1 0 2 0 0 0 0 1 0 27 0 1 0 0 0 3 0 0 0 0 0 1 0 2 4 1 0 0 0 0 0 1 2 24 1 0 0 0 0 36 0 170304 1 0 3 9 2
97 AAA 211310 1 1 1 0 1 0 2 10 1 0 2 3 0 2 0 3 3 3 4 0 0 0 1 6 2 0 0 0 0 0 0 9 0 1 0 6 0 2 4 1 1 0 0 2 0 2 0 1 0 0 1 1 1 3 1 1 1 0 0 7 0 4 0
98 AAT 2 8 0 210785 1 3 0 4 1 3 0 8 0 0 1 68 3 3 0 1 1 0 3 2 0 0 0 0 1 5 2 1 0 0 1 3 1 4 0 1 0 0 1 1 0 0 0 0 0 1 1 3 3 0 1 5 2 2 0 0 4 0 1 0
99 AAC 22 204868 4 37 0 2 5 6 1 32 1 0 2 9 3 5 11 2 6 5 1 4 0 4 2 5 16 0 3 1 0 4 0 63 2 0 0 0 0 0 0 2 2 5 1 0 2 0 1 0 0 3 1 1 0 1 0 1 1 0 0 2 4 3
100 ATG 2 0 3 0 0 0 1 1 1 0 3 1 33 0 189986 6 1 1 0 1 1 2 1 0 1 0 0 0 3 1 1 2 0 2 1 0 1 1 2 0 0 3 0 0 2 0 34 0 0 0 1 2 0 2 0 0 0 0 0 1 1 1 4 2
101 GTA 0 0 0 0 1 4 0 0 0 3 0 3 82 3 0 2 0 0 1 0 0 1 1 1 0 1 0 0 1 0 0 0 2 1 0 0 16 3 0 7 1 0 0 1 187655 8 28 3 0 0 1 0 0 0 0 0 0 1 0 0 1 0 0 0
102 GAA 57 0 2 1 1 0 3 1 0 1 2 1 0 0 0 0 2 2 1 2 0 1 1 1 6 2 2 1 2 1 0 1 206954 3 16 3 0 0 0 0 7 0 3 1 0 0 0 0 6 0 2 0 2 0 0 3 0 0 0 0 1 0 1 0
103 CAG 0 0 8 5 0 2 1 4 0 0 0 0 0 0 1 2 59 3 212434 4 2 1 4 0 0 0 53 2 4 1 11 2 2 0 2 0 5 1 4 0 0 0 2 1 1 0 2 0 0 3 28 0 0 0 0 3 1 0 1 0 1 0 0 0
104 ATG 2 1 12 0 0 1 7 0 0 0 0 0 93 1 212339 4 1 0 0 0 1 0 0 0 0 1 0 0 5 3 1 2 1 0 0 0 0 0 2 1 0 2 0 0 0 2 3 1 0 1 2 5 0 0 0 0 0 0 0 2 5 7 8 1
105 CAT 4 0 3 15 3 6 0 0 0 5 1 0 0 0 4 5 20 26 1 210679 0 0 0 1 0 2 1 14 7 0 0 11 0 0 0 6 3 2 4 3 0 1 1 3 4 2 0 3 1 6 1 128 4 6 5 0 2 2 3 1 1 2 1 0
106 ACA 33 1 1 10 213002 9 39 24 2 1 1 0 96 9 4 1 1 2 4 7 0 1 1 0 4 0 0 4 4 1 3 3 4 3 8 0 61 4 2 7 2 4 0 0 0 5 9 0 2 2 0 9 3 3 3 5 0 0 3 4 5 7 0 3
107 GAT 0 0 0 49 2 2 0 1 0 0 3 0 0 0 1 0 0 1 0 5 1 0 1 0 0 1 1 0 0 2 0 0 10 34 0 212489 0 0 1 1 1 2 3 11 0 0 3 1 1 0 2 9 0 0 1 4 1 0 2 0 0 0 1 1
108 ATA 6 0 0 1 26 4 2 2 8 2 2 1 212950 6 32 10 5 1 1 0 0 0 0 0 2 0 0 2 9 4 5 11 0 0 0 2 4 2 4 0 0 0 0 0 16 1 6 6 2 2 0 2 3 1 0 0 1 1 1 2 4 7 9 1
109 ATC 0 20 0 2 5 15 0 0 2 7 1 0 17 211952 6 45 0 1 1 0 2 0 0 0 0 0 2 0 4 16 7 9 1 0 4 1 0 0 0 0 0 1 2 1 6 8 0 0 0 2 1 0 0 1 1 0 3 3 1 0 1 7 0 0
110 AGC 4 82 2 4 7 4 2 2 8 210896 0 86 0 7 5 0 2 6 2 1 2 0 1 0 6 5 3 1 1 7 3 2 1 7 7 2 21 13 6 5 2 35 3 6 2 3 0 1 1 4 3 1 4 3 5 1 3 9 3 3 0 0 6 2
111 CTA 6 4 0 0 3 5 1 0 0 0 0 3 19 0 0 0 12 1 2 7 48 0 0 0 1 2 1 0 213712 1 15 3 0 1 0 0 4 4 1 3 0 0 2 3 1 2 1 2 1 0 1 0 1 1 1 2 0 2 0 2 19 0 5 0
112 TGG 0 1 1 0 0 2 0 2 0 0 7 0 0 2 0 1 0 0 0 0 0 0 0 0 0 0 9 0 0 0 0 0 0 0 0 0 2 0 1 0 0 0 3 0 0 0 0 0 1 2 29 0 0 1 0 1 57 0 212258 15 2 4 9 5
113 GAC 0 51 2 2 1 3 0 1 1 3 0 1 4 1 1 0 8 2 0 0 0 2 2 5 0 1 0 0 0 0 2 0 19 213441 3 42 0 0 3 2 2 13 0 0 1 6 3 0 2 12 0 1 1 1 0 5 0 0 2 1 0 4 0 1
114 CAA 8 1 0 4 0 1 2 5 2 0 1 0 0 0 1 2 211186 6 78 12 0 0 0 1 39 1 0 0 6 0 2 1 14 4 1 2 3 2 3 1 0 0 0 0 1 0 2 0 19 2 0 3 1 3 0 1 1 1 1 1 1 3 3 3
115 GGC 1 0 1 0 0 0 5 9 2 55 2 6 2 1 0 0 1 0 0 0 0 0 2 0 1 1 0 1 0 0 0 0 2 67 2 4 2 9 17 9 16 206993 18 30 3 4 0 0 0 0 1 1 1 0 2 3 2 48 0 0 0 1 0 0
116 CTA 0 0 1 0 3 6 0 5 1 1 0 1 29 3 2 1 9 3 0 0 53 0 0 2 2 0 2 0 213446 7 48 4 0 0 0 0 0 0 0 0 0 0 0 0 1 0 0 0 1 0 0 0 0 1 0 0 0 1 1 0 18 0 1 0
117 AAG 85 9 213648 10 5 3 6 2 4 3 9 6 1 0 21 2 6 1 9 4 1 0 1 0 2 2 0 2 2 3 0 6 0 0 31 0 4 0 7 4 0 7 8 2 1 0 2 1 3 3 7 2 4 3 3 2 1 0 0 0 2 0 2 7
118 CCA 0 1 0 1 10 0 2 1 0 0 1 1 0 0 1 0 7 5 3 8 211798 3 14 1 0 2 0 0 11 0 0 0 0 0 2 1 0 0 8 0 2 4 6 5 0 2 3 1 0 1 1 2 79 6 3 0 1 6 0 0 2 0 0 1
119 TGT 0 1 2 2 1 0 1 0 6 0 3 8 2 0 0 0 0 0 2 1 0 0 0 0 0 0 0 33 0 1 1 0 2 2 0 2 3 3 1 2 1 1 0 6 4 0 1 1 4 2 1 53 0 1 2 7 8 26 7 214018 0 0 0 4
120 GTA 2 0 2 0 4 1 5 3 1 2 1 0 74 0 1 0 1 0 0 3 0 3 0 0 0 0 0 0 5 7 5 9 0 3 1 2 25 1 0 0 2 0 0 0 214084 5 24 7 1 2 0 3 0 0 0 3 1 1 2 0 4 3 0 3
121 AAG 52 4 211288 5 3 0 0 1 3 1 14 3 1 1 7 1 2 0 14 1 0 0 0 1 0 3 2 4 2 1 0 2 1 2 18 2 1 5 3 0 0 0 0 0 2 0 2 0 1 2 2 0 3 5 3 1 0 0 1 2 0 0 3 2
122 TTA 1 1 4 0 0 0 0 2 0 2 0 0 4 2 0 1 1 3 0 3 0 0 1 0 2 0 0 0 22 3 6 2 0 0 2 0 0 0 0 0 1 0 0 0 3 0 0 0 10 0 0 0 11 0 0 0 0 1 0 0 212616 2 27 5
123 ACC 2 8 0 2 9 211767 0 26 0 4 0 0 0 41 0 1 0 0 1 2 0 1 0 0 0 0 0 1 2 0 0 0 2 1 0 0 0 23 2 0 0 0 0 1 2 1 1 0 0 2 0 0 2 5 3 0 0 0 1 0 1 3 0 0
124 CCT 4 2 0 1 0 0 0 16 0 0 0 0 0 1 0 1 3 0 0 12 0 62 8 214273 0 0 0 1 3 2 1 21 16 0 6 1 2 0 2 0 1 0 0 5 0 0 0 0 0 0 0 0 0 6 1 17 0 0 2 0 0 0 0 5
125 CTC 5 0 0 1 0 0 0 0 1 0 0 0 0 7 1 0 2 1 0 0 0 21 0 1 0 2 1 1 18 213738 4 17 1 0 1 2 3 0 0 0 0 1 0 0 2 1 2 1 2 0 1 0 0 1 1 0 1 0 0 1 0 17 1 0
126 TGT 2 1 1 1 0 1 0 0 0 1 0 8 1 0 0 1 0 0 1 1 2 1 0 0 0 0 0 53 0 1 0 1 0 1 0 0 0 1 1 0 2 0 0 6 0 0 0 1 0 0 0 29 0 0 0 2 2 79 1 213869 1 0 0 3
127 GTT 1 2 0 0 1 2 3 7 0 0 2 1 0 0 0 82 0 0 0 0 3 0 0 0 0 0 0 0 0 0 1 2 2 0 0 3 0 0 0 29 2 1 2 2 11 9 9 214080 0 0 1 0 0 0 0 1 0 0 0 0 0 0 0 0
128 ACT 0 0 0 3 2 28 4 214394 3 0 1 6 0 2 0 26 1 1 1 0 5 12 0 0 2 0 0 2 0 3 0 0 0 3 0 0 1 0 1 4 0 0 0 0 2 1 2 0 1 0 1 0 3 2 3 3 0 0 3 2 0 0 0 0
129 TTA 0 1 0 0 0 2 0 0 0 0 1 1 10 0 1 0 1 2 0 0 1 0 0 0 0 0 5 0 37 0 0 0 0 0 0 0 0 2 0 0 0 0 0 0 4 0 2 0 1 0 3 1 8 1 0 0 2 0 2 2 214382 0 48 4
130 GAT 2 1 1 31 3 4 0 0 0 1 0 1 2 2 0 5 0 2 0 2 1 3 0 1 3 4 0 1 0 0 0 0 20 14 3 214317 3 0 1 0 0 1 0 9 0 1 1 5 1 0 1 3 0 3 1 0 0 0 0 0 1 0 0 0
131 TGC 0 3 0 0 0 0 0 0 0 19 0 0 0 0 0 0 0 2 1 1 1 1 0 0 0 11 0 0 0 0 1 2 0 0 0 0 0 0 0 1 0 2 1 0 0 0 0 1 0 137 0 0 0 0 1 0 10 214028 2 168 0 2 0 0
132 CAT 11 1 0 11 5 1 5 3 0 4 10 5 9 2 1 3 12 29 5 214245 1 0 1 0 0 1 12 14 1 1 0 4 7 2 3 2 3 0 3 0 0 2 1 2 4 3 9 2 1 0 0 15 2 2 0 0 0 0 0 0 0 0 1 0
133 AAT 5 9 7 214432 5 11 1 3 4 0 0 14 2 1 4 9 8 5 1 4 17 10 11 10 0 2 0 9 10 1 0 11 10 6 4 49 3 5 9 1 2 0 1 2 0 2 2 2 2 10 1 6 6 1 5 3 0 3 1 0 3 1 3 3
134 GTC 0 1 0 0 5 4 0 1 0 0 1 0 0 68 0 0 1 2 0 0 8 23 3 8 0 1 0 0 0 2 1 0 0 3 0 1 0 16 0 0 0 3 0 0 5 214469 8 33 1 0 0 0 0 0 0 0 0 2 0 0 3 5 5 0
135 ACC 5 10 0 3 65 214400 1 19 0 6 0 3 5 31 1 0 0 8 0 1 7 16 0 3 3 4 8 3 10 11 0 0 2 1 2 1 3 22 0 0 0 0 11 1 0 9 0 2 1 3 0 4 0 10 2 1 1 0 8 2 1 1 1 0
136 TAT 1 0 0 21 0 6 1 0 0 0 0 0 0 0 0 0 0 0 0 94 0 1 2 1 1 0 0 0 0 0 1 0 1 0 0 10 0 0 0 0 0 0 0 0 0 0 1 0 5 21 0 214294 0 4 0 0 0 0 0 2 0 0 0 3
137 AAT 36 13 0 214342 2 0 2 1 0 0 0 8 4 0 0 5 2 1 1 7 0 2 3 0 3 0 0 0 0 0 0 3 0 0 0 14 0 0 0 0 0 0 0 3 0 0 2 0 0 0 0 1 1 0 0 1 1 1 0 0 1 0 1 0
138 ATC 0 17 0 0 1 13 0 2 0 0 0 0 18 214025 1 39 0 0 0 0 2 4 0 0 0 0 0 0 0 0 0 1 0 0 0 0 0 1 0 1 2 0 1 1 0 19 0 0 0 1 0 0 2 0 0 0 0 2 0 0 0 4 0 0
139 ACC 0 4 1 0 28 214424 1 48 0 3 0 0 0 39 0 0 0 0 0 0 0 3 0 0 4 0 0 0 0 0 0 0 0 0 0 0 1 31 0 0 0 1 0 0 0 1 0 0 0 0 0 0 0 5 1 0 0 0 0 0 0 0 0 0
140 AGT 8 1 2 56 2 6 4 1 13 6 8 214377 1 0 0 6 0 0 1 0 0 0 0 1 0 0 0 0 0 0 2 0 7 0 0 1 2 0 1 0 0 0 2 30 0 0 0 0 3 0 2 0 1 0 5 0 0 0 1 4 3 7 0 0
141 GAC 10 103 3 0 5 5 0 2 3 4 4 5 2 6 0 0 8 1 2 0 3 14 3 4 3 1 2 1 3 1 0 5 10 284619 0 81 9 5 3 2 6 45 2 6 1 5 3 0 0 14 0 4 0 3 3 2 0 0 4 0 8 0 0 7
142 ATG 1 2 4 2 0 2 29 3 0 0 2 2 52 5 284387 4 4 3 1 3 1 0 0 1 0 0 0 1 7 1 3 3 1 0 0 0 0 4 0 2 4 0 0 2 2 0 80 0 0 13 0 5 1 0 2 1 2 1 0 3 15 4 3 0
151 AAG 83 9 284308 55 4 11 19 3 1 0 54 1 2 9 27 0 9 13 10 1 0 5 5 2 8 6 8 5 0 0 3 1 0 4 32 0 0 3 3 0 0 1 1 4 10 2 0 1 0 1 0 0 2 7 1 0 0 0 3 0 0 7 0 8
152 GAA 94 6 5 4 5 3 4 1 2 2 5 3 2 5 4 0 19 4 2 4 5 26 3 7 1 6 1 0 0 2 0 0 284454 22 34 14 4 9 0 0 35 4 2 3 6 3 0 0 8 2 0 5 3 0 4 1 0 0 4 0 2 10 3 0
153 GAA 41 0 0 2 2 2 3 0 0 0 1 0 0 0 1 0 12 3 0 0 0 2 1 3 3 2 0 4 1 0 0 0 284805 2 17 0 1 5 0 0 11 0 6 3 3 1 0 0 6 1 1 1 0 4 2 5 2 0 0 0 1 1 0 1
154 ATA 7 0 0 2 14 4 0 0 9 0 0 0 284725 5 34 6 0 1 0 0 1 0 0 0 0 1 0 0 4 3 0 2 0 0 0 0 2 1 0 0 0 0 0 0 14 0 0 2 0 2 0 4 0 0 0 0 0 0 0 0 5 6 0 10
155 ACA 18 1 0 0 284709 14 31 6 1 0 3 0 49 0 0 0 0 0 0 1 4 6 1 0 2 1 2 0 4 0 2 4 1 0 1 0 17 7 3 1 0 0 0 0 0 0 3 5 1 6 0 3 1 0 4 3 0 3 0 0 1 0 1 3
156 AAC 4 284589 1 52 0 2 1 1 0 10 1 0 0 3 2 0 0 1 0 0 1 3 0 0 0 1 0 0 0 1 0 0 1 6 0 0 0 0 0 0 0 0 2 0 0 0 0 0 1 3 0 0 0 0 0 0 1 0 6 0 0 0 0 0
157 TGC 1 0 0 1 1 0 0 0 0 3 2 0 0 0 0 0 0 1 0 0 0 0 2 1 0 11 1 0 0 1 0 0 0 0 0 0 0 2 1 1 0 0 2 1 0 0 1 0 0 84 0 0 2 3 3 0 6 284093 2 61 0 5 0 0
158 TCT 2 0 0 0 10 2 5 8 0 1 0 6 1 0 0 0 2 5 1 1 0 2 1 15 0 0 0 0 2 1 0 0 1 1 1 0 1 2 2 0 0 0 0 0 0 0 0 0 1 0 2 7 13 33 6 284742 0 0 1 1 1 0 0 12
159 TAC 3 4 0 1 0 0 0 0 1 3 0 0 0 0 0 0 0 41 1 0 0 0 0 1 0 3 0 0 0 0 0 2 0 4 1 0 0 2 0 0 2 1 0 0 0 0 0 0 19 284475 1 70 0 2 2 0 0 20 0 0 0 8 0 2
160 AAT 27 22 7 284518 3 3 1 3 2 5 7 31 3 0 1 3 6 10 0 0 5 1 4 0 0 2 0 3 5 4 0 1 1 3 0 36 2 1 3 1 3 0 2 0 3 0 1 1 0 0 0 11 0 0 0 2 0 1 0 1 0 4 0 1
161 GTG 0 0 0 3 0 2 0 5 0 0 0 3 0 0 72 0 0 2 3 0 2 0 1 4 0 1 0 1 0 2 5 0 1 0 3 3 0 4 11 0 1 0 5 1 91 2 284335 5 4 0 1 1 0 3 1 0 0 0 0 0 2 0 5 0
162 ACC 1 19 0 0 11 284593 0 43 0 5 0 0 0 28 1 0 5 4 0 0 2 8 2 0 1 3 2 1 0 0 4 1 2 0 3 0 0 35 2 0 1 1 0 0 0 0 2 0 1 0 1 1 0 4 0 0 0 0 10 0 0 0 2 0
163 ACA 5 3 0 0 284278 21 193 17 2 0 0 0 56 0 0 0 0 0 0 0 7 12 0 0 0 1 0 0 0 0 0 0 0 0 0 3 8 0 0 0 0 1 2 2 0 1 0 0 1 0 0 4 7 0 0 0 0 0 0 0 0 0 3 5
164 GTA 0 1 1 2 2 2 3 0 0 0 0 2 85 0 0 0 0 1 0 0 3 8 0 4 4 0 3 0 6 0 0 0 15 0 5 1 34 0 0 6 5 4 5 3 283949 7 18 7 1 0 0 0 0 2 0 0 0 0 0 2 8 2 0 2
165 ATA 6 0 0 0 10 0 2 1 5 0 1 0 283919 2 88 7 2 0 1 0 0 8 5 3 1 0 0 2 1 3 1 0 0 1 0 2 0 2 0 0 1 0 6 5 11 3 5 1 1 3 1 3 0 1 0 0 0 0 0 0 6 0 0 3
166 AGG 3 4 80 0 1 10 0 4 80 4 283700 8 2 1 45 0 2 7 7 0 4 3 1 0 3 8 32 0 4 10 0 3 0 2 0 1 3 3 1 9 3 0 114 1 9 2 0 1 0 2 0 0 1 0 5 0 0 0 22 0 2 0 0 4
167 GAT 0 0 0 38 2 0 1 0 0 0 0 0 1 0 0 0 1 1 0 0 0 6 0 3 0 0 0 0 0 0 0 0 7 14 1 283604 0 0 0 0 0 0 0 6 2 0 0 0 0 0 2 7 0 0 0 0 0 2 1 1 0 0 0 1
168 AAG 69 7 283704 17 2 4 33 2 4 4 122 0 1 9 19 2 4 4 4 8 0 2 1 1 0 5 0 1 2 8 0 6 1 0 127 0 1 3 1 0 0 0 10 2 1 0 10 5 0 4 0 3 3 4 1 1 0 0 3 0 3 0 1 1
169 AAA 284620 0 6 6 7 3 2 0 13 1 2 1 14 7 0 8 2 5 3 1 15 36 5 12 2 0 1 4 1 13 2 3 2 0 1 2 0 0 0 0 0 2 0 3 2 3 4 3 3 2 0 0 1 2 1 0 0 0 2 0 2 3 1 0
170 CAG 1 0 1 0 4 1 3 0 1 1 0 0 1 0 0 2 45 5 283547 4 1 0 3 1 1 2 36 0 0 2 3 3 1 0 1 0 5 1 7 1 1 1 0 0 10 0 0 0 0 1 38 2 0 3 0 0 0 0 0 0 1 2 2 1
171 AAA 284758 2 22 1 1 2 12 3 8 5 12 0 5 0 1 6 9 6 0 2 1 0 0 1 14 2 4 2 1 1 3 0 19 0 1 0 6 1 2 4 6 0 2 0 1 4 0 2 5 0 0 2 1 1 0 0 0 0 0 0 0 0 1 4
172 GTA 2 1 1 1 1 0 0 2 0 1 0 0 132 2 2 2 1 0 3 1 0 2 0 3 3 0 0 0 10 1 0 0 18 0 3 0 16 1 0 0 4 0 2 0 284265 1 24 9 1 0 1 2 0 0 1 0 0 0 0 0 4 3 0 1
173 TCC 2 1 0 0 3 18 3 3 0 2 0 0 0 0 1 0 1 0 5 2 0 10 2 0 0 0 2 1 2 0 1 0 0 0 3 0 2 0 0 5 2 0 0 1 1 0 3 2 0 12 0 1 27 282824 5 58 4 1 4 1 0 33 1 2
174 TCA 0 6 2 0 3 3 1 2 0 3 0 6 0 3 2 3 4 0 0 0 55 0 2 2 0 1 0 0 0 0 0 0 2 1 0 0 0 1 1 0 0 1 0 0 0 0 0 0 1 0 0 0 283651 2 4 13 1 0 1 0 15 0 0 0
175 CTT 0 0 2 0 0 0 0 0 0 0 3 0 3 0 1 13 1 3 0 2 2 4 0 930 0 2 0 2 25 13 1 282755 0 0 0 0 0 0 3 2 1 0 3 2 0 0 2 3 0 0 0 0 0 0 0 0 0 0 0 2 4 0 1 81
176 TTT 2 0 0 3 0 0 0 0 0 0 0 0 0 1 0 19 0 1 0 0 0 0 0 0 0 0 0 0 0 0 0 5 0 0 0 0 0 0 0 0 0 0 0 0 0 0 0 4 0 0 0 7 0 0 0 17 1 0 0 0 16 21 3 282234
177 TAT 2 0 0 1 1 0 0 0 1 0 0 1 1 0 2 0 2 0 0 32 0 0 0 0 0 0 0 0 0 0 0 0 2 0 0 0 0 1 0 0 0 0 1 0 0 0 0 0 5 15 2 284257 6 0 3 11 0 0 0 8 1 0 0 14
178 AAA 283704 8 4 1 7 0 3 0 13 0 11 0 2 5 4 4 1 1 0 1 0 0 1 0 3 2 9 0 0 2 0 1 18 0 0 0 0 0 0 1 0 0 0 0 0 0 4 0 5 1 0 2 0 1 0 1 3 0 0 0 3 0 5 0
179 CTT 1 1 0 0 2 2 0 0 0 0 0 0 8 0 0 44 1 0 1 6 1 2 0 14 0 0 0 4 49 27 16 282189 0 0 1 3 2 0 1 0 0 0 0 0 0 1 3 2 0 3 0 0 0 0 0 0 0 0 0 0 1 0 1 25
180 GAT 2 1 0 54 0 0 0 0 0 2 0 4 0 0 0 0 0 2 0 4 0 2 1 0 0 0 4 0 2 0 0 0 3 8 4 283635 1 0 0 1 1 0 0 6 0 0 0 3 0 1 0 6 0 0 0 0 0 0 0 0 1 0 0 0
181 GTA 0 2 1 1 3 4 0 3 2 0 0 0 137 2 0 0 1 2 0 0 2 1 1 0 0 0 0 0 13 4 3 1 5 0 0 3 14 0 0 0 4 1 0 0 283024 1 79 13 2 0 0 0 0 0 2 0 2 0 0 1 15 0 10 0
182 GTA 1 1 2 0 4 2 2 1 1 0 0 3 130 4 0 0 2 1 0 0 1 2 0 0 1 0 0 0 1 0 0 0 10 0 4 0 47 1 0 0 7 0 0 1 279188 0 59 1 0 1 0 0 2 0 0 0 0 1 0 0 10 0 0 0
183 CAA 21 1 1 0 1 5 0 0 2 0 13 1 0 0 3 3 282635 9 7 9 8 2 3 1 16 2 3 0 8 1 2 0 0 0 3 0 0 1 7 1 2 1 0 2 0 0 2 0 44 0 0 5 0 0 0 0 0 0 0 0 0 0 0 4
184 ATT 2 0 0 10 0 0 0 9 0 0 0 2 7 19 3 277110 0 1 0 0 0 1 0 0 0 0 0 0 0 1 1 0 0 0 0 0 0 0 0 0 1 0 0 2 0 0 0 2 0 0 0 1 0 0 0 0 2 0 0 0 0 1 1 15
184a GGA 0 8 1 0 2 1 0 7 69 1 0 0 2 0 0 0 0 4 0 1 0 4 0 0 1 3 1 0 1 8 0 2 53 0 3 0 1 3 5 0 257097 10 134 23 2 0 1 0 4 1 0 0 1 0 0 1 2 0 0 2 3 1 2 1
184b GGT 0 1 1 10 1 5 2 0 10 6 0 92 0 0 0 0 1 2 2 0 7 16 2 1 1 6 2 1 0 3 0 0 1 4 2 152 4 1 3 4 25 50 1 260379 1 0 1 16 2 2 1 1 0 1 1 1 1 1 1 27 0 0 4 8
185 AAT 45 28 2 281096 4 4 4 2 1 1 0 5 3 1 4 7 3 1 3 4 3 4 1 2 1 5 0 0 5 4 1 0 1 0 0 21 3 0 1 0 1 0 2 4 0 2 6 0 0 0 0 4 9 0 2 0 0 0 5 2 0 3 8 1
186 AAT 16 11 2 280252 4 2 3 4 0 3 0 26 2 0 7 7 5 4 0 5 1 2 2 2 1 0 1 0 0 3 1 0 5 3 2 29 5 2 1 1 9 3 3 1 2 1 7 3 2 4 3 1 5 3 0 1 0 0 0 0 2 0 0 1
187 AGG 5 3 103 3 6 4 6 0 107 8 266320 12 1 0 47 3 2 1 0 2 0 12 2 3 1 1 2 0 2 2 1 1 0 0 8 1 0 0 3 2 1 0 116 1 3 4 6 2 0 1 0 0 0 1 4 0 0 1 16 0 2 0 4 5
188 ACT 2 4 0 12 3 50 3 272850 3 1 0 2 1 16 4 30 3 3 7 1 3 9 2 2 7 4 4 0 0 1 0 0 0 1 0 0 0 12 0 26 0 0 0 0 0 0 3 4 0 4 1 1 3 0 6 5 0 0 1 0 0 0 0 3
189 AAT 31 6 0 280916 7 3 0 2 0 4 1 11 1 1 0 10 2 0 0 2 17 7 0 2 8 2 2 0 1 1 0 2 2 0 0 30 0 0 3 0 5 1 1 0 1 0 1 4 0 2 0 7 0 0 0 0 0 0 0 0 2 0 0 1
190 AGT 10 9 3 68 1 6 0 3 60 25 5 266498 0 2 7 4 0 6 1 0 1 5 0 5 0 6 4 5 0 1 0 2 2 4 0 0 1 2 0 0 0 0 1 28 3 1 1 0 1 0 0 5 3 3 2 1 1 0 1 2 2 2 1 1
190a CAG 1 9 24 5 2 1 4 2 2 1 2 1 4 8 6 0 135 15 267237 29 1 4 2 3 4 4 12 5 10 5 10 0 1 0 0 0 5 1 0 0 2 0 6 0 1 1 0 2 0 4 25 8 6 3 0 1 0 0 5 1 0 2 0 8
191 TAT 3 1 0 11 1 1 0 0 0 0 0 0 0 0 2 0 4 1 0 11 0 1 0 0 0 0 0 1 0 0 3 1 0 0 0 4 0 1 0 1 0 1 2 0 0 1 0 0 14 1 1 255877 2 0 3 1 1 0 0 8 0 0 4 15
192 AGA 39 1 0 1 6 5 0 1 251949 2 3 6 26 1 2 6 0 5 1 5 4 2 0 0 2 5 2 6 3 6 3 2 0 0 1 0 0 2 2 1 47 0 2 0 0 0 1 1 2 1 0 0 0 0 0 0 6 0 0 2 5 0 2 1
193 TTA 1 1 1 0 1 1 4 0 2 0 1 0 41 4 0 3 0 2 0 0 0 1 0 0 0 0 0 0 12 7 3 0 1 0 0 0 0 0 0 0 0 0 2 1 4 0 0 1 13 1 0 1 18 0 0 0 1 0 3 0 255689 2 14 2
194 ATA 9 5 0 2 15 4 0 5 12 2 4 5 273833 5 26 2 4 4 1 1 0 0 0 0 1 0 1 6 9 2 3 0 0 0 1 2 3 0 1 3 0 4 2 0 18 0 3 4 9 1 0 15 4 13 0 2 1 0 2 3 7 5 0 0
195 AAC 23 263937 1 64 2 1 1 9 3 12 2 0 1 4 0 1 6 1 0 2 0 0 0 1 0 1 0 0 0 0 0 0 0 11 1 0 0 4 0 0 0 0 7 1 1 0 0 3 3 1 0 1 2 4 0 2 0 0 1 2 1 0 0 1
196 TGT 1 0 0 3 1 2 1 1 2 0 0 6 0 1 0 2 0 1 0 1 0 0 2 0 0 0 1 23 0 0 2 0 0 0 0 0 0 5 0 0 3 0 1 4 22 0 1 3 3 0 0 91 0 0 0 4 9 60 1 257930 1 0 1 2
197 AAC 17 261154 2 77 29 2 0 0 0 38 0 0 0 1 0 1 0 2 0 2 1 1 3 0 0 0 0 0 2 0 1 0 0 54 0 1 0 1 0 0 0 0 1 0 1 0 2 1 3 1 0 0 0 3 0 0 0 0 0 4 1 1 0 0
198 ACC 2 8 0 1 36 192461 5 35 0 6 1 1 0 14 1 0 1 6 0 4 0 4 0 0 0 2 0 1 0 0 0 0 0 0 0 0 3 1 0 0 0 0 1 0 0 0 0 1 3 0 1 0 2 11 0 1 0 0 0 0 0 0 0 0
199 TCA 2 2 2 1 4 4 4 0 1 0 0 3 0 0 0 2 0 1 0 3 46 2 0 0 0 1 0 2 0 1 0 0 1 1 0 0 3 1 0 0 0 1 1 0 0 1 0 0 4 0 0 0 190974 5 74 18 0 0 0 0 18 0 0 0
200 GCC 4 0 2 0 13 79 1 3 4 2 5 0 3 0 3 4 11 2 2 1 0 1 2 0 0 2 0 1 13 14 0 19 2 11 12 2 21 176703 4 13 0 0 4 0 25 154 0 3 0 0 0 0 1 10 0 0 1 2 0 2 7 2 2 3
201 ATT 1 3 2 1 0 0 0 26 0 0 0 0 9 24 1 216755 0 2 0 1 2 0 1 0 0 0 0 0 0 3 0 3 0 0 0 0 0 0 0 0 0 0 0 0 0 0 0 3 0 0 2 0 0 0 0 0 0 0 0 0 2 0 2 3
202 ACA 2 0 0 0 240600 4 21 5 2 6 2 1 46 0 1 1 0 3 1 0 0 0 0 0 1 2 0 1 0 0 0 0 0 1 1 0 17 0 0 1 0 0 0 0 2 0 4 2 4 6 0 0 1 0 0 1 1 0 0 0 1 0 2 0
203 CAG 1 0 8 0 3 3 2 0 2 0 2 0 0 0 1 0 63 1 234495 12 1 0 5 1 1 6 116 1 0 1 10 0 1 1 4 3 2 1 3 1 0 0 0 2 1 0 1 0 2 0 48 0 3 0 0 2 0 0 2 0 0 0 0 0
204 GCT 0 0 0 0 3 5 2 89 0 0 3 0 1 0 5 13 0 3 0 0 1 7 0 3 1 1 0 0 6 11 2 16 0 0 0 5 13 33 8 233581 0 1 1 0 10 4 9 68 0 0 0 2 0 1 0 3 3 2 2 4 2 1 9 1
205 TGT 0 0 0 2 1 0 0 2 0 1 0 2 0 0 3 0 1 1 0 2 0 4 0 0 0 0 0 33 3 0 0 0 0 0 1 2 0 0 0 0 0 2 0 9 0 2 0 0 0 0 0 55 0 0 0 2 2 91 5 262647 0 0 0 0
206 CCA 3 0 2 4 13 1 0 0 2 2 0 1 1 5 4 3 12 3 0 3 258592 18 16 17 0 1 0 1 13 1 1 3 0 2 0 0 3 1 1 0 0 0 2 1 3 5 0 1 0 0 0 0 33 8 2 1 0 0 0 0 0 2 0 0
207 AAG 61 1 262871 10 3 4 13 0 3 0 42 0 3 0 16 3 2 2 13 2 4 6 6 0 3 1 0 2 0 0 1 0 0 0 31 2 2 1 1 2 1 1 1 0 2 0 3 1 2 1 3 0 2 1 0 0 4 3 0 0 2 1 0 1
208 GTA 3 8 0 0 3 6 0 7 1 0 2 2 151 2 3 1 2 5 0 5 0 2 0 0 2 0 0 1 10 6 7 0 1 0 0 0 29 0 1 0 2 2 0 0 274835 3 14 6 0 1 0 0 0 0 0 0 1 0 0 2 14 1 12 1
209 ACC 4 17 0 1 25 256054 1 54 0 14 4 12 2 45 5 3 3 1 1 3 2 2 0 0 7 2 0 0 1 6 0 3 0 2 0 0 0 18 3 1 2 5 1 0 0 1 0 2 6 0 0 0 0 6 0 0 1 0 0 3 2 0 6 0
210 TTT 1 5 0 12 2 3 1 3 0 6 0 6 1 5 2 14 4 3 3 3 0 3 1 0 0 0 1 7 0 2 3 57 0 0 4 0 1 3 1 3 5 5 4 4 8 1 5 16 1 3 0 9 1 8 0 23 3 0 12 4 8 54 10 272657
211 GAG 4 3 24 0 6 5 8 1 0 1 1 0 3 0 0 0 3 3 9 7 0 0 1 0 1 2 0 2 0 3 3 0 110 2 264673 6 3 0 4 2 0 0 61 2 0 0 13 2 1 1 4 3 2 6 4 0 0 0 0 0 1 1 3 2
212 CCA 0 0 1 0 20 7 0 1 1 0 2 3 0 1 0 0 15 2 0 0 241829 2 25 4 2 3 0 0 11 0 0 0 0 0 0 0 6 0 1 1 2 0 1 2 0 0 4 0 0 0 0 0 252 0 0 0 0 0 6 0 1 1 1 0
213 ATT 9 2 16 37 4 4 1 31 16 5 3 6 7 30 3 267819 5 6 12 6 4 9 4 8 1 4 2 0 3 0 4 8 1 0 4 0 9 4 3 3 2 1 3 3 12 1 1 15 1 0 1 2 7 11 1 12 0 1 5 0 1 5 3 8
214 CCC 3 2 0 7 7 30 0 0 3 0 1 0 5 0 1 2 7 20 2 2 34 256972 7 40 0 7 1 2 1 31 1 2 6 2 9 1 2 2 4 14 6 16 0 5 1 0 7 1 0 9 0 3 1 47 0 4 2 2 2 0 0 2 1 3
215 ATA 16 2 5 0 22 3 1 1 11 0 0 3 279102 7 26 10 2 0 1 3 1 1 2 1 7 3 0 0 6 2 0 4 0 1 0 1 2 1 0 0 0 0 0 4 13 2 7 0 5 5 7 0 0 0 0 0 4 0 2 0 2 13 3 7
216 CAT 8 5 0 20 3 4 6 0 1 1 6 5 4 1 0 5 27 29 2 276330 1 2 4 2 7 5 3 8 4 0 3 3 4 2 0 4 3 8 0 1 0 0 0 0 1 1 4 1 0 5 0 59 1 1 6 6 6 0 3 0 2 1 0 7
217 TAT 4 2 0 5 0 0 1 0 1 0 0 0 2 0 1 1 4 1 0 22 0 0 0 1 0 0 0 0 3 5 2 1 1 4 2 6 0 0 1 0 0 0 0 0 2 1 1 0 3 19 1 276558 0 0 0 1 1 1 1 20 3 4 9 8
218 TGT 2 1 0 1 0 1 2 0 1 0 0 16 0 0 0 0 1 1 0 3 0 3 3 1 0 1 1 13 0 1 0 0 0 2 0 0 0 0 0 4 1 1 0 6 0 0 4 0 1 1 2 77 0 0 3 2 16 23 4 279227 2 0 1 5
219 GCC 0 0 2 0 1 234 8 7 0 0 0 4 0 1 1 0 0 3 1 1 2 19 2 2 0 3 1 1 2 0 0 0 0 6 0 1 21 276781 6 53 1 8 7 1 1 148 8 2 0 1 0 0 0 21 4 4 1 0 0 8 0 1 1 1
220 CCA 3 4 0 0 17 1 0 0 0 3 0 0 0 1 0 0 12 0 0 1 279160 39 27 17 1 0 1 0 26 0 3 2 0 1 0 0 5 1 2 0 1 3 0 1 0 0 2 0 0 0 0 1 26 0 0 0 1 0 0 0 0 1 0 0
221 GCT 1 3 0 1 11 12 2 223 4 5 0 4 0 0 2 0 0 0 0 3 6 54 6 4 0 3 1 4 2 2 1 0 2 6 1 6 16 92 4 280572 6 4 18 2 1 5 0 62 0 5 0 1 8 2 3 13 0 3 0 0 0 0 0 0
222 GGT 6 0 0 1 2 8 8 2 1 6 1 63 0 0 0 2 0 12 2 14 3 5 2 2 1 2 1 0 4 1 1 1 0 1 0 47 1 10 0 3 11 17 27 282453 1 0 2 13 2 4 1 9 6 14 1 3 0 0 1 7 0 0 4 2
223 TTT 0 1 3 4 0 2 6 2 0 0 0 0 0 5 1 1 1 10 0 1 0 2 0 0 0 0 0 0 0 0 0 9 1 0 0 0 3 0 0 0 0 0 0 1 2 0 0 2 0 6 0 11 0 0 0 7 0 0 13 2 6 54 7 279447
224 GCG 2 2 1 1 8 0 84 11 0 2 0 0 0 2 0 0 0 2 0 0 1 0 3 0 3 0 0 1 0 0 0 0 2 1 3 0 64 11 280632 17 0 4 4 1 1 3 382 3 0 0 0 0 0 2 10 1 0 0 0 2 0 2 0 0
225 ATT 2 1 0 3 0 0 0 11 1 0 0 2 7 32 10 281882 1 0 0 0 1 0 0 0 0 0 0 1 0 0 0 0 0 0 0 0 0 1 4 1 0 0 1 0 0 3 0 16 0 0 1 0 0 0 0 0 0 0 1 0 1 1 3 4
226 CTA 0 1 0 1 0 0 0 0 1 0 0 0 27 7 2 4 0 4 1 0 44 0 1 2 2 0 0 0 280800 3 119 4 0 0 0 0 0 0 0 2 0 4 2 3 0 5 6 2 2 2 0 0 0 0 0 2 0 0 0 0 22 2 7 1
227 AAG 103 7 283809 11 6 8 6 0 0 2 37 1 0 6 11 1 1 2 13 3 0 2 0 0 4 7 3 2 1 2 2 1 2 0 15 1 4 2 5 2 1 0 0 0 5 5 0 9 0 0 4 0 2 3 2 0 2 0 3 0 3 0 4 0
228 TGT 0 1 0 3 0 1 0 3 1 0 4 9 0 0 0 0 0 1 0 0 0 3 0 0 0 0 0 15 0 0 0 0 0 0 0 0 0 1 1 0 0 2 0 5 1 0 0 1 0 0 2 112 1 0 0 3 18 31 0 283454 0 0 0 4
229 AAG 134 8 283410 28 3 1 54 5 1 6 177 4 1 4 40 2 0 6 4 2 0 3 2 0 2 5 6 0 2 10 5 1 1 1 42 0 2 19 0 4 2 0 0 0 0 1 0 0 1 10 4 0 3 5 12 4 0 0 5 0 0 10 15 13
230 GAT 0 1 4 64 0 8 0 0 2 0 0 7 0 0 1 0 2 2 1 1 2 0 2 0 0 0 2 0 0 0 9 0 12 11 4 284403 2 0 4 2 1 1 1 13 0 5 1 0 0 1 2 8 7 1 3 0 2 5 1 5 0 0 0 4
231 GAG 9 4 58 8 10 6 16 0 3 6 4 6 5 9 3 1 8 10 4 2 7 10 5 6 0 4 0 2 3 1 4 2 92 5 284129 14 0 5 8 5 0 0 103 5 2 0 9 2 0 0 6 8 3 4 3 0 0 0 8 2 9 10 0 0
232 AAG 94 12 283770 15 3 6 3 2 3 6 20 5 0 5 13 3 14 2 5 6 14 18 4 7 4 9 6 6 4 6 0 9 5 3 13 0 4 9 10 3 2 1 6 0 1 0 1 3 0 7 1 2 5 9 8 4 1 3 0 0 0 5 0 1
233 TTC 2 3 1 3 1 1 2 0 2 1 0 0 1 6 0 0 4 22 0 2 0 1 0 0 0 0 0 3 2 10 0 1 1 0 1 1 3 1 1 0 0 2 5 0 0 7 1 0 1 18 0 4 0 16 2 0 0 2 3 1 14 283414 2 50
234 AAT 26 14 13 283495 2 8 1 9 2 4 4 143 9 1 2 6 9 3 4 11 7 8 1 9 7 10 4 2 11 8 0 2 2 0 8 137 6 3 0 5 7 0 1 2 6 1 3 0 0 3 0 18 4 9 3 1 1 2 0 1 6 0 7 7
235 GGA 3 0 2 0 1 0 0 0 46 1 0 0 0 0 0 0 0 0 0 0 0 0 0 0 1 0 5 0 1 0 0 0 49 1 0 0 5 0 0 0 282165 0 27 5 2 0 1 0 1 0 3 1 0 0 0 0 15 0 0 2 0 2 0 0
236 ACA 12 14 8 1 284092 29 218 19 2 0 4 7 47 9 4 0 11 10 1 6 4 4 0 1 2 3 3 3 5 5 10 0 1 4 1 0 32 1 0 5 0 1 1 3 2 2 8 5 0 4 4 0 7 8 4 0 3 0 3 1 0 2 9 4
237 GGG 0 3 0 2 0 1 1 0 0 3 38 7 0 3 0 1 2 13 1 5 0 8 0 0 0 3 2 0 2 2 0 0 0 0 47 4 1 6 1 3 116 5 283083 7 0 0 9 0 0 0 6 0 1 0 0 0 2 0 31 0 0 0 2 3
238 CTA 6 4 0 6 22 2 3 3 0 8 6 6 17 4 5 4 18 15 1 12 50 18 11 20 5 2 4 6 283980 15 27 5 1 0 1 1 5 5 6 2 2 5 0 5 3 0 12 3 3 6 1 4 2 3 4 9 0 1 3 2 47 3 0 4
239 TGT 1 0 3 0 0 4 0 0 0 0 0 5 1 1 0 0 5 3 4 3 0 1 0 0 0 0 0 38 2 0 0 1 0 0 0 1 0 2 0 0 0 1 0 3 3 0 0 0 1 2 0 56 1 0 0 1 9 45 1 284416 1 0 0 9
240 AAA 284012 15 22 3 5 16 10 3 12 12 11 6 3 4 3 12 20 16 4 2 6 17 5 14 0 7 9 3 1 2 2 9 36 0 3 0 4 2 2 0 13 5 5 11 6 6 2 5 2 2 0 3 12 2 10 4 0 6 11 2 6 4 18 4
241 AAT 18 13 9 283783 4 19 0 12 11 7 7 17 5 1 2 30 2 10 3 7 4 5 1 0 5 2 7 1 7 3 6 3 2 5 8 23 0 0 0 1 0 3 4 1 2 0 1 2 2 0 3 5 1 7 6 3 0 3 2 2 3 1 6 3
242 GTC 0 3 0 1 1 8 0 4 0 0 1 0 12 77 1 8 0 1 2 0 1 3 1 1 0 2 0 1 11 9 1 4 0 15 0 1 2 21 3 4 1 4 0 0 17 284007 12 100 1 0 1 0 0 0 1 0 0 3 2 3 3 2 4 4
243 AGC 2 177 0 1 6 6 0 4 5 283622 4 144 0 6 0 3 2 5 0 2 7 3 1 1 0 4 0 0 1 0 0 0 2 2 0 0 5 12 8 10 5 80 3 4 0 6 3 2 0 1 3 0 5 0 4 3 0 4 6 3 0 4 1 0
244 ACA 9 3 0 2 284292 8 86 6 0 0 1 2 46 0 0 0 4 4 0 0 1 0 2 1 1 7 0 1 1 0 0 1 0 0 0 5 24 6 10 10 2 5 7 1 0 7 12 0 0 4 1 1 5 0 0 8 0 0 2 1 1 0 0 1
245 GTA 0 7 2 4 9 6 0 1 1 2 0 1 196 1 1 0 2 1 2 2 0 14 0 1 1 4 1 0 13 4 3 0 1 2 1 0 53 6 1 0 3 1 1 0 284102 0 47 11 0 0 1 0 4 3 0 2 3 0 0 5 11 0 5 0
246 CAA 12 0 0 3 4 5 6 4 2 2 0 0 2 0 1 9 284159 17 42 20 5 3 4 0 19 3 0 0 7 1 0 2 4 0 0 0 0 0 8 0 0 0 2 4 0 0 1 0 67 2 0 0 5 3 1 0 0 0 0 0 3 0 0 2
247 TGC 0 2 0 0 0 4 0 0 0 14 1 0 0 4 0 0 0 3 1 0 2 3 0 0 0 9 0 2 2 0 1 3 0 0 0 0 1 1 1 2 1 5 4 2 0 3 0 1 3 220 3 0 2 8 1 0 9 284315 1 155 3 7 0 0
248 ACA 12 0 0 1 284453 9 28 24 5 2 0 4 89 0 0 1 1 0 0 0 3 5 3 1 0 1 1 0 0 0 0 0 0 0 2 0 10 2 0 1 0 5 0 0 3 0 2 0 0 1 3 1 9 1 4 5 5 0 0 3 0 0 0 1
249 CAT 4 5 2 9 4 3 1 1 2 1 0 6 0 0 0 1 11 85 7 283404 0 1 1 1 1 4 3 22 4 1 4 1 1 5 4 11 3 5 0 1 10 1 4 6 0 0 1 0 1 0 0 46 0 3 0 4 0 0 0 5 1 1 1 0
250 GGA 1 1 0 0 0 5 1 2 56 6 0 0 0 0 0 0 3 0 0 1 6 1 14 0 0 3 2 3 0 1 2 2 49 0 0 0 9 12 3 1 284596 8 28 13 3 0 1 0 3 0 0 0 6 1 2 0 29 0 0 0 1 0 2 2
251 ATC 0 4 1 2 1 10 2 1 0 0 3 0 34 284640 5 50 1 1 1 0 0 5 2 2 0 5 0 0 7 11 1 0 0 1 2 1 0 3 0 0 0 0 0 0 3 12 2 0 1 3 0 5 0 0 1 1 0 0 2 0 5 13 2 2
252 AAG 112 1 284142 11 6 5 4 0 0 11 76 2 5 3 13 4 9 1 9 3 2 11 10 3 6 3 7 1 8 2 2 6 0 0 107 7 7 4 5 2 0 2 6 4 1 0 4 1 3 0 2 0 10 6 4 0 5 2 12 1 12 1 7 1
253 CCA 0 1 0 0 12 5 0 2 0 7 1 1 2 0 5 0 8 0 1 0 284472 29 12 21 1 0 0 1 19 2 0 0 1 0 0 1 5 10 3 1 0 0 5 1 1 4 7 1 0 0 0 0 115 0 1 0 3 0 0 0 2 0 0 2
254 GTA 0 1 0 0 13 10 3 9 1 5 0 8 110 2 3 1 7 8 5 11 1 1 1 1 0 1 1 1 16 6 6 2 16 0 0 0 29 6 0 0 7 3 7 1 284411 1 85 14 0 1 2 2 3 8 1 3 0 8 2 5 22 3 12 4
255 GTA 2 0 3 0 13 17 6 8 1 2 0 2 197 9 19 7 2 3 3 1 14 37 17 20 2 4 0 1 29 9 3 3 8 1 0 0 88 9 8 3 1 2 4 1 284211 9 27 7 0 9 0 9 5 4 5 2 0 5 3 8 15 4 5 32
256 TCA 4 1 0 1 12 1 11 0 0 4 0 2 0 0 0 0 0 0 0 0 9 1 0 2 0 0 0 0 0 0 0 2 3 0 0 0 8 6 0 0 6 0 5 2 1 0 6 0 4 3 0 0 284410 4 54 10 1 5 1 1 25 0 1 1
257 ACT 0 0 0 12 26 39 7 283626 0 0 2 8 1 1 0 30 0 1 0 0 1 5 0 1 0 3 0 0 0 0 0 1 0 0 0 3 1 5 0 5 1 0 1 0 0 1 2 0 0 0 0 0 3 11 8 13 0 0 0 0 0 0 3 0
258 CAA 15 2 1 0 0 0 0 0 0 0 0 1 1 0 0 3 394876 30 42 55 0 7 1 0 49 2 0 1 1 2 5 0 3 0 0 1 3 5 1 3 4 0 2 0 0 2 0 6 43 0 0 0 8 2 0 2 0 1 4 9 0 2 0 1
259 CTG 2 2 0 3 1 2 1 2 1 0 4 1 0 7 27 2 0 3 1 0 3 0 8 0 0 2 7 1 256 13 395101 7 0 0 1 0 0 1 1 0 0 0 3 0 1 2 12 2 0 1 1 1 0 3 1 2 0 0 0 3 0 6 53 7
260 CTG 0 2 0 0 5 0 0 1 0 4 2 0 4 0 34 9 3 0 13 2 0 1 52 0 1 0 11 0 133 4 394365 3 0 1 0 0 1 0 0 2 0 4 0 1 0 0 8 5 3 2 2 0 0 0 0 0 2 0 2 0 4 4 153 1
261 TTA 0 0 0 1 2 6 0 1 3 0 0 0 15 0 0 7 2 0 1 2 1 3 0 0 1 1 0 3 59 6 0 0 3 1 0 2 0 0 1 0 0 0 0 0 3 0 4 11 9 0 1 0 22 0 0 0 2 0 0 0 394605 1 32 0
262 AAT 20 18 15 395530 0 0 2 1 1 2 0 12 0 0 0 19 2 0 0 0 0 2 0 0 0 0 0 0 1 0 1 0 0 0 0 9 2 0 2 0 2 0 1 1 0 0 0 0 0 0 0 1 1 0 0 0 0 0 0 0 0 0 0 0
263 GGC 0 3 0 4 0 1 3 1 2 46 1 2 0 1 1 0 2 3 4 0 9 2 1 0 2 2 0 0 0 12 0 5 1 381 0 0 6 22 14 0 17 393685 14 526 0 6 2 0 4 0 0 0 0 5 1 14 1 16 0 2 1 0 2 0
264 AGT 0 1 0 96 0 3 4 24 5 28 0 394429 0 1 0 6 0 0 1 0 2 1 0 1 1 0 0 0 0 0 0 3 0 0 0 0 0 1 5 1 0 1 0 31 0 0 0 2 0 0 0 0 0 5 2 4 0 0 0 3 0 0 3 0
265 CTA 5 2 0 10 4 5 1 2 1 1 7 0 65 0 3 3 16 11 4 5 25 5 4 2 5 4 13 3 394351 5 83 13 1 0 1 0 2 9 0 0 3 13 1 1 11 8 19 5 4 10 1 4 3 3 6 5 0 2 25 2 75 2 9 5
266 GCA 0 3 0 0 204 4 8 3 2 0 1 14 2 5 6 0 20 9 0 1 1 1 0 1 0 2 5 8 1 1 3 6 8 6 2 0 393684 21 114 6 10 7 12 9 185 6 9 11 1 1 0 0 16 4 1 1 3 5 0 5 0 2 4 1
267 GAA 135 7 2 5 7 7 4 2 1 0 6 0 19 15 13 0 23 21 0 5 15 14 5 0 1 1 6 0 0 7 0 0 393928 25 61 28 2 8 24 4 50 6 14 5 8 1 3 6 11 4 1 3 6 1 4 1 0 1 21 1 6 0 7 4
268 GGA 9 5 0 19 17 24 1 4 106 7 8 15 1 5 0 2 10 9 9 4 3 5 10 7 18 4 5 8 7 11 1 5 57 7 9 2 9 0 1 1 394420 14 77 18 4 4 2 5 5 8 4 6 4 9 5 4 11 7 10 4 0 1 3 10
269 GAG 8 4 85 2 9 13 2 5 6 2 4 12 6 2 0 1 15 7 10 0 9 14 0 0 10 22 6 4 1 12 1 4 158 2 393828 40 7 1 5 5 13 1 105 7 5 0 14 15 1 7 9 1 1 10 11 8 0 5 5 5 5 12 4 8
270 GTA 3 4 0 0 5 4 0 4 1 3 0 2 172 5 9 9 0 2 0 2 21 23 2 10 0 0 0 3 15 0 0 0 7 3 2 2 40 5 0 1 0 0 6 3 394937 8 112 6 3 1 3 0 9 8 2 2 1 1 3 3 16 0 8 1
271 AGA 120 17 10 1 18 9 2 4 394885 2 8 25 40 0 8 4 12 15 2 3 1 2 1 0 4 5 3 7 11 2 3 1 2 0 0 1 1 10 1 8 25 0 12 7 1 3 1 3 2 3 0 1 5 11 4 8 0 1 0 2 7 7 5 1
272 ATT 0 0 1 12 6 13 1 18 2 2 1 4 16 37 1 395522 0 2 0 0 0 0 0 0 1 0 2 0 1 5 1 4 0 1 2 0 11 2 3 8 0 4 1 0 16 6 2 25 0 4 0 0 0 0 0 1 1 0 0 7 12 0 8 7
273 AGA 75 2 8 1 5 1 5 2 394820 5 29 6 7 5 3 2 3 5 3 6 0 0 0 0 15 3 10 0 0 1 5 0 1 0 6 2 8 3 7 9 106 2 7 3 3 1 5 0 2 3 0 6 2 5 5 3 2 3 14 2 5 5 0 8
274 TCT 1 6 1 1 12 17 4 25 4 12 1 4 11 9 7 6 1 7 1 0 7 16 0 30 4 6 0 1 3 7 1 7 0 1 0 4 9 3 7 12 2 10 4 8 13 0 6 18 3 1 3 22 61 237 25 393507 4 2 12 2 3 7 5 61
275 GAA 127 4 6 13 3 5 4 5 8 0 9 2 3 0 3 0 17 11 1 10 21 6 17 5 2 4 3 5 3 4 5 2 393333 10 28 16 9 5 8 8 11 3 10 11 2 0 7 1 6 3 1 5 2 4 3 1 0 1 17 1 6 3 7 8
276 AAT 25 46 6 394656 2 5 3 9 1 2 1 17 4 1 7 14 14 8 4 7 0 0 0 4 0 0 2 8 0 2 5 2 2 13 1 12 4 0 5 7 1 1 2 5 7 2 4 2 2 8 0 8 1 2 18 3 2 3 1 3 8 0 0 2
277 ATC 1 21 0 0 8 33 9 2 0 3 0 1 20 393305 5 75 1 7 0 0 7 15 1 4 3 0 0 1 6 16 0 0 0 0 0 0 1 0 1 0 0 1 0 0 2 45 2 3 0 7 0 10 0 2 0 0 4 1 9 0 5 8 0 4
278 ACA 14 4 3 0 394245 23 33 23 2 2 3 3 39 0 0 4 0 6 2 9 8 2 6 6 1 5 0 6 3 3 2 0 0 0 0 6 78 2 6 1 7 4 2 0 3 4 6 1 0 5 0 3 16 5 0 1 0 3 3 6 3 5 0 4
279 AAC 15 394589 3 59 2 1 0 0 0 14 1 2 2 3 1 2 0 2 0 7 1 0 0 0 3 0 0 4 0 3 0 1 3 8 0 2 0 2 0 0 0 1 0 1 0 1 0 0 1 2 0 2 0 3 2 0 3 0 7 2 0 0 2 0
280 AAT 5 16 4 392855 1 1 3 2 0 1 0 13 1 0 0 6 2 2 2 0 9 1 2 5 0 0 2 1 0 1 1 0 0 2 0 29 0 0 3 4 2 3 0 3 0 0 2 4 0 3 5 12 6 1 1 0 3 0 1 1 1 0 0 0
281 GCC 3 9 0 3 0 282 0 0 3 3 0 9 5 3 8 3 0 10 2 8 1 1 4 3 0 0 2 1 1 8 0 7 0 13 0 0 11 388696 10 38 1 9 0 9 1 189 7 8 0 2 1 3 1 7 3 3 8 1 3 3 7 4 14 8
282 AAA 394895 4 25 0 8 5 5 1 14 0 13 0 2 10 12 7 64 10 11 1 5 8 2 1 16 6 3 3 3 6 2 16 7 9 8 5 6 9 9 11 1 5 2 10 2 2 5 8 9 9 2 4 0 5 0 0 2 2 2 1 7 8 13 13
283 AAC 14 393921 5 49 5 11 5 12 0 16 0 14 3 9 1 2 2 3 0 0 1 4 1 1 0 3 0 1 7 1 0 0 1 9 1 1 0 1 2 2 9 3 4 4 0 3 4 4 2 2 1 0 6 3 0 1 1 2 0 2 1 2 0 1
284 ATA 5 1 1 1 31 1 1 0 3 0 0 0 394421 7 84 10 3 6 1 2 2 0 0 2 4 0 2 0 7 12 1 2 1 2 1 0 1 1 0 2 1 0 4 0 7 4 6 2 2 3 1 2 0 2 0 1 1 1 3 4 16 4 9 13
285 ATA 20 3 2 4 18 0 0 2 15 4 2 2 395043 1 54 6 3 5 4 1 7 1 1 0 0 5 4 3 9 5 10 8 0 1 2 1 2 1 1 0 0 0 3 0 51 3 8 4 1 8 3 4 0 4 1 0 0 1 15 3 22 10 18 2
286 GTA 7 4 3 0 9 7 0 0 1 1 2 0 168 11 0 8 5 6 1 2 0 5 1 0 4 4 0 1 16 4 1 5 22 4 0 0 110 16 17 7 2 0 3 7 390143 17 114 19 5 0 5 0 0 7 0 1 2 9 0 2 11 0 9 0
287 CAA 15 5 6 0 9 14 1 4 0 12 0 3 9 3 1 4 393167 8 37 12 5 1 3 2 25 6 7 4 8 4 2 4 1 2 1 0 3 0 5 3 3 3 2 1 3 0 0 0 71 2 0 3 0 2 0 1 0 0 2 2 0 9 1 7
288 CTT 1 2 0 2 0 1 1 0 0 0 0 0 3 6 1 19 4 1 0 14 5 2 2 16 1 0 1 1 27 55 16 390024 1 0 0 0 0 1 0 0 0 0 0 5 3 0 2 7 3 0 4 4 0 0 2 4 2 0 6 1 2 5 1 72
289 GCC 6 5 1 2 4 360 2 11 0 0 8 2 6 0 1 4 0 0 13 6 8 28 5 0 6 7 2 0 0 7 4 6 3 49 11 0 70 385494 19 204 4 7 6 10 5 360 2 15 0 12 5 3 5 9 12 1 2 4 0 14 10 6 5 3
290 AGC 4 137 0 6 6 9 2 7 13 383957 13 142 4 8 4 4 0 9 2 9 0 0 0 3 7 14 8 11 3 13 4 0 0 3 3 0 2 14 0 3 0 65 2 11 2 4 1 2 1 7 0 2 5 4 8 4 0 6 3 3 0 5 3 0
291 CCT 4 0 0 0 9 1 6 25 0 2 9 7 1 5 0 1 0 6 1 74 53 309 42 387980 0 0 2 0 1 1 3 31 4 0 2 0 0 9 5 2 1 0 6 9 0 3 3 1 2 1 2 0 0 0 0 32 0 0 1 0 0 2 0 0
292 GTA 0 0 4 0 5 0 7 3 1 1 3 0 263 6 0 0 2 1 0 0 4 1 3 0 2 0 1 0 1 13 1 4 1 0 0 0 42 1 0 0 5 0 0 0 381617 3 31 3 5 0 0 0 1 3 1 5 0 3 3 0 20 0 7 1
293 ACA 49 14 19 12 389326 23 23 12 15 8 9 2 67 13 2 9 13 7 16 11 37 24 11 5 7 9 2 9 19 6 8 8 0 9 3 6 20 3 4 11 4 4 10 7 6 2 15 7 0 2 1 6 8 8 0 22 4 3 1 1 10 5 11 6
294 ATT 6 1 3 18 6 3 0 25 0 0 4 6 66 34 21 389357 3 1 0 2 2 4 1 6 0 0 2 2 10 7 1 17 0 3 1 1 0 7 0 1 0 0 4 0 6 8 26 32 2 3 1 1 2 4 0 1 4 1 6 1 4 12 16 7
295 AAT 17 44 9 393810 8 11 7 5 9 12 1 15 1 8 5 36 17 11 10 6 0 0 0 2 3 2 1 4 16 0 2 10 5 2 15 28 9 9 10 11 3 2 4 9 8 8 8 2 0 5 4 16 1 0 11 7 0 1 15 2 10 10 11 13
296 TGT 0 1 0 4 2 7 0 0 1 0 0 6 0 3 7 1 0 1 1 3 4 2 3 4 0 1 1 13 0 2 2 2 0 2 0 0 6 0 1 2 0 0 1 2 2 0 4 0 3 0 3 118 1 0 0 3 9 77 5 337646 1 2 6 7
297 ATC 4 27 3 1 11 26 6 3 6 7 8 7 15 384951 6 141 11 0 5 3 1 0 0 0 3 1 2 5 4 4 0 1 0 0 0 2 4 3 6 5 2 0 5 0 2 14 10 1 0 0 0 0 1 0 2 7 0 0 0 2 2 3 4 6
298 AGA 65 2 2 3 3 0 0 0 367551 1 19 5 4 3 1 2 0 2 0 0 0 0 0 0 23 2 0 12 1 0 0 1 0 0 0 0 1 0 0 1 181 0 1 0 0 0 4 0 1 0 0 0 2 0 2 1 17 0 4 7 1 0 0 0
299 CCT 1 0 0 0 0 0 0 14 1 0 0 2 0 1 0 0 1 0 0 18 53 91 14 367210 2 1 0 1 2 2 0 13 0 0 0 0 0 0 0 1 1 1 1 4 0 0 0 2 0 0 5 0 1 0 0 23 0 0 2 4 0 0 2 0
300 AAC 40 387263 0 73 3 9 0 6 12 6 0 1 5 6 2 0 5 4 3 9 0 3 0 1 2 0 1 1 0 2 0 0 0 13 3 3 0 4 0 0 0 1 4 1 0 0 0 3 0 12 5 4 0 1 2 2 0 0 0 0 1 0 2 3
301 AAC 45 390061 0 92 1 2 0 1 0 10 2 2 0 5 0 0 2 6 0 4 2 4 0 0 2 0 1 2 0 0 1 2 1 14 0 1 0 0 0 0 3 3 6 1 0 2 1 1 2 5 0 1 1 1 0 1 0 3 2 0 1 0 1 0
302 AAT 20 29 7 367882 2 0 1 4 4 2 1 24 0 0 1 7 17 19 3 17 3 2 5 3 2 0 1 0 4 7 0 7 0 5 9 21 3 3 6 5 0 0 5 0 1 2 2 3 0 10 2 22 15 2 3 7 1 3 2 5 0 3 0 4
303 ACA 8 2 1 2 378023 19 99 13 1 0 3 0 50 1 1 4 5 0 2 5 2 3 0 5 0 0 1 3 3 1 0 2 0 0 3 0 40 2 1 1 2 0 0 2 3 8 0 1 3 4 0 0 8 7 0 0 0 0 1 2 0 0 0 1
304 AGA 54 2 1 2 4 2 0 0 380303 5 11 8 29 15 3 15 3 12 2 6 0 2 0 1 14 6 1 5 3 6 7 5 2 0 0 1 1 7 1 0 40 0 5 3 14 13 17 8 0 2 2 9 2 2 1 3 12 12 5 4 0 3 3 6
305 AAA 387000 14 12 6 4 33 1 11 11 2 3 5 30 1 5 6 7 3 2 5 4 0 1 3 6 1 1 0 9 9 6 4 10 0 0 0 6 2 0 6 3 1 0 4 15 5 10 3 4 0 1 6 3 6 2 5 2 1 2 3 7 4 9 6
306 AGT 3 1 7 33 6 13 2 17 28 34 1 258229 4 6 2 12 0 0 5 0 3 17 5 0 0 1 2 17 2 3 0 3 6 3 3 1 2 7 3 2 5 3 3 684 2 3 89 1 4 0 0 1 2 3 2 6 3 2 0 2 7 0 1 0
307 GTA 5 0 0 0 5 0 0 1 1 1 0 0 231 0 0 0 3 3 0 0 0 1 2 0 2 0 0 0 9 3 2 0 4 0 1 0 30 0 0 0 0 1 0 0 292347 4 36 2 1 174 0 2 0 0 0 0 0 0 0 0 2 1 1 0
308 CAC 1 21 3 1 19 246 0 1 0 1 0 2 1 0 2 2 22 344761 7 59 14 12 1 4 1 7 0 1 6 11 23 2 2 1 1 0 4 2 0 3 2 0 0 0 0 1 8 0 0 172 4 4 0 0 1 0 0 2 7 0 6 4 3 8
309 CTA 3 4 4 0 2 4 0 0 1 4 2 0 65 14 2 4 9 6 0 0 67 3 2 9 3 2 0 0 311297 15 90 10 0 0 0 0 10 0 0 0 19 0 2 3 3 0 3 0 1 1 239 2 1 0 0 1 1 0 0 1 25 4 1 0
312 GGA 14 5 11 0 7 10 0 1 53 2 4 0 2 0 1 1 49 6 3 9 4 2 0 1 9 8 0 2 1 2 1 3 73 135 2 0 14 3 1 1 206539 11 11 2 13 6 5 0 0 5 0 5 7 2 1 0 6 0 0 1 3 5 4 0
313 CCA 6 0 0 1 8 10 2 2 0 2 1 0 0 0 2 4 62 5 146 0 318970 20 120 15 1 0 0 1 53 5 2 3 2 0 1 0 25 5 0 1 0 0 4 0 0 0 3 0 1 4 1 8 42 0 0 0 0 0 1 0 2 0 1 0
314 GGA 6 3 4 1 9 3 0 1 60 2 1 3 2 0 0 1 7 2 5 1 5 1 0 1 4 2 0 2 5 5 0 0 44 131 1 5 18 6 5 1 267329 7 11 8 4 1 1 0 5 2 0 0 3 6 1 1 10 1 0 0 1 8 1 0
315 CAA 17 0 0 0 0 0 0 0 0 0 0 0 0 1 0 1 262841 4 3 0 1 0 0 0 2 1 0 0 3 0 0 0 25 0 0 0 0 0 0 0 2 0 1 0 0 0 0 0 26 0 0 0 0 0 0 0 0 0 0 0 0 1 0 1
316 GCA 0 2 5 0 190 2 4 5 0 3 0 1 1 3 2 2 6 1 3 1 8 3 1 4 1 2 1 0 4 0 1 4 16 0 1 0 192105 1 5 5 1 0 0 2 229 0 2 0 1 7 0 3 8 0 1 2 1 2 1 0 10 0 1 1
317 TTC 1 0 0 0 0 0 0 0 0 0 0 0 3 7 0 10 2 3 7 5 3 1 0 1 5 0 0 1 2 7 0 0 0 1 0 0 0 0 0 0 2 1 0 0 0 0 5 2 2 3 1 4 0 2 0 2 0 3 1 0 14 125227 5 25
317a TAT 2 1 1 12 1 2 1 3 3 3 0 0 14 1 22 6 2 5 1 47 2 1 0 0 0 0 0 0 11 1 3 0 2 1 6 5 1 0 0 2 2 0 0 0 5 0 4 5 5 22 4 292234 0 1 0 0 4 0 2 7 3 8 18 1
318 GCA 3 1 0 0 272 8 4 2 0 1 3 3 1 1 2 1 11 17 0 6 1 0 1 0 2 1 1 0 2 0 0 1 9 1 0 0 165462 0 11 4 1 0 1 1 227 0 2 9 3 0 3 0 5 0 2 2 4 3 2 1 2 0 0 0
319 ACA 34 4 2 1 317535 5 70 13 12 0 1 0 107 4 5 2 3 4 3 2 1 0 0 1 3 0 1 1 2 6 7 0 1 0 1 0 16 1 0 3 0 0 0 4 0 2 0 2 0 1 1 0 6 1 3 0 0 0 1 2 7 1 2 7
320 GAT 10 4 4 44 6 0 1 0 19 6 2 9 7 0 1 1 2 1 3 3 1 0 0 0 1 0 1 1 0 1 1 0 15 21 15 217315 11 1 4 10 0 4 3 13 8 3 1 7 2 0 0 13 6 0 2 2 2 0 0 2 1 0 1 3
321 GGC 12 3 3 1 5 3 12 1 6 75 4 2 1 2 1 3 7 4 1 18 0 0 0 1 0 3 3 1 2 1 2 0 0 218 3 0 6 5 5 0 15 168926 0 159 0 5 1 0 0 5 0 5 4 0 1 0 1 10 2 1 3 0 2 2
322 ATA 13 0 0 1 30 0 0 1 2 0 0 0 375103 0 25 1 0 0 1 5 0 0 0 0 0 0 0 1 0 1 0 2 0 0 0 0 2 0 1 0 0 0 1 1 14 0 8 0 5 0 0 5 2 0 0 0 0 0 1 3 5 0 1 0
323 ATA 26 7 0 22 12 0 4 1 4 4 5 0 365554 6 122 7 7 12 7 6 1 0 0 0 0 2 1 1 8 2 0 2 0 0 0 5 1 0 1 0 0 1 1 1 39 1 9 4 0 4 5 2 3 0 1 2 0 0 3 6 18 0 3 2
324 GGG 0 1 4 2 2 4 4 0 1 1 65 0 0 0 1 0 0 1 6 0 2 2 1 0 0 1 3 4 0 1 3 1 1 0 48 0 4 0 0 0 98 7 306872 45 0 0 9 1 3 1 3 0 2 2 3 3 6 2 41 1 0 2 5 1
325 GAG 8 11 87 2 5 5 6 4 0 6 0 4 2 1 6 2 6 2 5 4 3 4 3 1 0 0 6 1 1 7 4 0 180 6 373070 22 2 3 6 4 0 2 78 1 1 2 13 12 1 1 9 2 3 3 1 3 1 3 4 5 7 0 2 8
326 ATA 26 2 2 0 22 1 0 2 1 0 1 0 389403 8 123 4 0 1 1 2 1 5 1 2 1 1 2 1 2 5 0 14 3 1 2 1 0 0 5 0 0 2 0 3 17 5 3 2 1 0 3 0 0 1 0 1 0 0 0 1 2 4 4 8
327 AGA 78 1 14 3 3 4 0 4 389917 0 12 1 7 1 3 2 4 7 0 7 0 0 1 0 18 16 0 5 0 1 1 3 0 1 2 1 3 2 2 2 24 0 2 0 0 0 3 0 0 1 1 0 0 2 2 1 12 0 0 0 0 0 5 1
328 CAA 102 6 9 8 9 8 5 1 3 6 0 4 5 6 6 11 384412 8 55 17 3 4 3 4 39 10 7 13 13 5 2 1 3 6 14 0 7 13 4 1 4 6 6 1 9 0 1 6 46 6 0 2 4 6 2 7 0 2 11 3 0 2 3 11
329 GCA 0 0 2 2 199 2 4 13 1 4 1 6 1 0 0 3 0 0 6 0 3 0 3 2 0 1 1 0 1 0 0 1 11 0 2 0 360940 10 18 1 0 0 3 1 214 2 4 3 2 0 0 3 9 8 0 8 0 4 0 0 0 1 1 2
330 CAT 5 6 2 50 9 2 0 1 4 2 1 1 2 2 4 3 40 49 16 348932 0 1 1 0 0 2 1 5 2 2 1 7 2 0 4 0 0 2 1 2 6 1 0 2 2 1 2 0 1 2 1 37 5 1 2 0 4 0 0 0 1 0 3 0
331 TGT 5 5 0 0 0 2 0 0 0 0 1 14 3 0 1 2 0 4 0 0 2 0 5 0 0 1 1 29 2 0 0 1 1 2 0 1 0 2 0 2 2 3 2 5 0 5 3 1 0 1 0 86 0 0 3 0 37 52 10 369825 2 2 2 12
332 AAT 25 20 5 389653 2 1 3 1 4 0 5 24 5 1 9 11 1 3 1 15 1 3 0 0 0 3 0 2 5 2 6 0 3 1 1 46 1 2 8 4 1 0 0 0 4 2 4 9 1 0 0 12 0 1 7 0 0 0 3 0 2 5 8 4
333 GTT 0 1 0 0 3 4 1 0 3 0 1 0 0 7 2 112 0 0 3 0 3 1 0 1 0 4 2 0 3 13 5 16 1 2 1 21 2 9 5 34 1 2 1 1 10 25 27 374178 3 3 2 0 3 0 0 1 1 0 5 3 7 1 7 9
334 AGT 0 1 2 102 7 7 6 10 15 34 2 386981 0 0 2 5 2 2 0 0 1 2 0 0 1 6 2 10 0 2 0 0 0 1 4 2 2 2 0 1 3 2 4 57 0 2 0 0 2 0 0 0 5 6 7 0 1 2 2 5 4 0 2 0
335 AAA 393491 14 20 11 9 2 2 5 25 1 12 0 7 1 5 4 12 7 4 0 0 0 0 0 6 0 25 1 10 5 11 4 23 3 0 3 3 0 0 3 8 8 0 2 10 11 2 0 1 6 3 6 12 9 9 4 1 4 11 7 6 1 7 14
336 AAA 394206 20 430 15 7 2 0 4 38 2 4 0 25 4 0 6 8 8 2 1 7 12 18 9 6 6 2 1 0 3 1 6 22 3 0 1 1 2 1 8 7 3 4 2 3 8 0 12 5 5 0 6 0 3 1 0 5 2 4 0 10 11 3 27
337 GAA 87 2 1 13 5 4 0 0 0 7 5 0 12 3 2 2 15 0 3 2 2 5 1 3 0 3 0 1 5 0 0 0 394124 4 31 9 0 3 0 2 22 2 5 0 16 0 2 1 8 0 0 3 18 1 0 2 2 0 0 0 0 0 7 3
338 TGG 0 1 2 1 0 4 0 0 1 1 7 2 0 0 2 3 0 6 1 0 0 0 0 0 0 1 14 0 1 0 2 0 0 0 0 0 2 0 0 0 1 0 6 0 0 0 0 0 0 1 83 0 3 0 0 1 52 0 392024 8 0 1 27 0
339 AAT 49 12 9 393232 4 12 3 5 1 2 2 41 0 0 2 4 5 19 1 11 5 7 6 4 10 0 0 0 3 4 0 0 5 0 2 19 3 8 2 0 1 0 0 3 3 0 0 1 0 1 0 1 2 6 2 1 0 4 1 4 1 1 4 0
340 AGC 23 255 5 1 4 22 18 3 42 389057 13 223 6 20 11 4 5 6 2 3 6 10 7 5 0 17 10 9 2 16 12 6 8 3 8 4 7 22 9 1 11 104 8 0 2 14 11 5 0 22 1 4 1 9 1 7 0 15 8 4 3 12 5 31
341 ACT 6 4 4 19 66 25 19 363748 5 7 7 14 3 8 6 51 10 9 7 10 4 1 1 4 2 2 4 3 7 3 15 1 8 2 5 5 9 8 11 30 3 6 9 5 1 4 8 4 3 0 0 3 10 4 2 7 2 10 2 9 6 3 7 1
342 TTG 0 2 4 1 2 0 0 1 5 2 1 5 4 3 17 12 0 0 3 0 0 3 1 2 2 0 3 0 29 7 50 1 1 0 2 0 1 2 2 0 7 1 0 1 6 2 7 1 3 0 4 4 0 0 93 1 2 2 2 4 422 7 380313 8
343 CAA 24 4 4 6 11 6 5 0 2 1 6 0 13 2 2 5 393298 7 23 7 4 6 1 1 71 3 7 10 15 25 16 3 4 0 0 2 5 8 7 2 10 0 8 1 9 3 7 0 286 4 0 5 4 4 11 5 0 8 1 1 2 8 13 8
344 AAG 140 19 393525 25 8 25 24 7 2 1 294 2 1 3 9 2 14 9 9 1 3 7 1 0 1 6 7 8 3 7 7 0 0 2 37 5 4 2 5 2 2 3 15 5 3 8 7 6 5 20 10 11 3 6 6 2 7 0 5 5 5 0 0 1
345 GTA 3 3 1 1 5 5 3 2 0 0 2 0 171 4 3 14 2 0 0 0 3 7 0 3 2 0 1 0 14 9 7 1 1 0 4 2 20 2 9 2 0 1 4 3 392427 10 80 7 4 3 2 1 0 1 0 0 0 0 0 0 12 1 3 5
346 GCC 9 1 5 2 16 209 3 3 0 0 6 1 14 3 6 3 2 5 0 5 0 7 2 0 5 9 2 2 1 0 2 1 3 17 6 0 26 375062 8 44 5 14 15 10 6 256 11 6 2 11 0 1 16 26 1 1 4 0 0 1 4 1 3 0
347 AAC 20 393217 15 93 2 11 4 2 0 21 2 13 1 11 0 2 13 24 3 3 1 2 1 0 3 6 4 0 0 4 3 1 3 8 4 1 12 0 0 1 0 4 3 1 5 5 8 2 3 15 0 0 3 0 5 3 0 0 2 0 14 3 11 3
348 CAA 18 11 5 1 10 16 16 6 4 4 6 6 4 1 4 6 393111 16 13 5 0 5 1 3 16 10 1 2 37 1 2 4 10 0 1 1 16 6 7 3 5 3 6 2 1 8 9 9 38 0 1 5 3 8 14 4 5 9 9 3 8 3 22 11
349 TTA 1 4 1 0 0 1 3 1 0 0 0 1 22 9 8 19 0 0 1 0 1 0 0 1 0 0 3 0 43 9 2 5 2 2 0 1 0 1 0 0 1 0 0 0 6 0 1 7 21 0 0 0 27 0 0 2 7 0 2 0 394372 8 66 19
350 AGA 150 3 15 7 14 4 7 3 393960 6 35 15 46 1 5 1 6 5 3 2 3 0 2 5 9 6 1 2 11 4 7 4 4 0 4 1 5 1 7 0 32 2 3 4 2 3 6 2 4 2 0 4 13 2 3 4 10 8 9 0 5 3 5 5
351 CCA 14 17 8 5 48 20 6 13 0 1 3 3 10 10 6 10 60 21 9 1 393791 16 17 15 0 13 16 10 58 8 10 2 7 5 5 0 8 12 6 4 2 0 11 2 3 17 9 1 1 4 0 0 79 8 3 14 0 6 18 2 3 3 2 4
352 TAC 6 38 2 4 4 5 1 2 5 0 2 5 0 12 2 8 11 37 1 5 6 0 5 5 4 0 8 0 7 12 4 12 1 6 3 1 0 0 6 7 1 5 0 2 0 8 1 7 17 393348 4 77 4 3 9 1 0 27 4 5 17 30 6 16
353 TTT 0 1 0 5 4 4 2 0 2 1 4 3 2 7 3 27 1 2 0 1 0 0 0 0 0 4 1 0 4 2 7 40 0 1 0 0 0 2 4 8 2 3 2 0 11 0 9 19 2 8 0 33 2 0 4 23 0 0 16 8 55 31 8 386112
354 AAG 199 17 394164 29 10 21 14 7 5 0 79 15 9 4 16 0 3 6 5 4 5 9 1 0 14 5 10 1 5 3 7 4 8 15 60 8 3 4 6 10 6 3 17 10 0 3 12 0 0 4 11 6 14 4 7 7 0 0 16 16 15 1 2 2
355 AAC 53 394792 13 75 11 8 2 7 0 25 4 7 7 6 9 2 10 5 6 1 4 13 5 3 6 6 2 2 6 0 1 1 0 17 7 0 2 7 5 1 1 2 10 11 3 0 1 0 0 16 0 5 2 5 1 0 0 1 2 3 11 1 0 5
356 AAC 35 394362 4 59 5 9 16 3 4 31 3 13 3 10 3 4 5 12 0 3 12 5 6 8 5 7 2 4 8 5 1 1 4 44 1 5 10 1 2 3 1 1 5 3 4 0 2 4 0 24 0 0 9 9 3 7 0 2 10 5 2 3 1 11
357 ACA 48 4 8 4 394426 9 22 38 4 1 5 5 59 1 2 0 1 3 0 2 4 13 5 9 0 16 1 9 11 2 3 0 2 3 0 0 33 1 4 17 5 0 4 1 2 8 0 7 2 6 0 2 2 5 3 1 0 0 1 0 1 5 11 9
358 ATA 28 17 8 6 35 15 5 0 5 0 13 0 394500 9 27 4 10 13 3 0 2 0 0 4 8 12 0 6 7 3 1 0 6 2 11 0 5 0 0 2 0 10 3 4 16 5 4 0 0 9 2 5 6 2 0 4 10 2 2 2 19 6 5 2
359 ATA 54 0 1 1 21 1 0 2 9 1 0 0 394784 5 64 10 1 0 0 2 0 2 0 1 1 0 2 0 12 2 0 2 0 0 0 0 0 0 0 0 0 0 0 1 15 2 2 2 5 0 7 0 0 1 0 0 0 0 0 1 11 1 8 1
360 AAA 394484 15 26 39 13 25 9 2 31 3 3 2 14 2 6 9 9 15 8 4 1 6 0 2 12 10 4 5 4 15 8 0 28 6 0 0 10 7 5 6 11 0 4 8 3 8 0 13 7 10 1 3 10 6 1 11 1 8 0 4 6 3 1 20
361 TTT 2 4 1 3 3 2 2 0 1 1 3 0 0 4 3 30 7 1 0 8 1 0 0 4 0 4 3 0 1 4 3 14 0 2 1 1 0 2 0 1 4 0 0 1 2 2 3 6 8 5 1 20 2 2 4 18 4 1 6 4 17 31 0 394435
362 GCT 13 8 2 8 4 0 6 232 5 5 6 2 6 3 3 8 12 8 13 7 0 3 0 0 2 6 3 9 5 10 7 1 14 7 16 45 23 30 18 393889 3 12 3 13 8 2 1 296 5 8 0 6 16 0 4 18 2 3 9 5 13 12 6 4
363 AAC 43 394820 20 127 7 17 14 2 0 21 0 6 3 14 1 3 5 11 8 20 3 11 4 0 4 5 0 3 1 2 6 1 1 29 8 10 0 12 2 4 3 9 11 6 0 1 5 1 0 15 0 5 12 14 1 1 0 1 7 4 4 3 11 1
364 TCA 5 43 0 7 22 5 4 1 1 13 5 4 4 0 0 3 8 8 0 0 39 3 3 1 0 0 1 1 2 3 0 1 1 2 3 1 17 1 8 8 1 3 5 2 0 2 0 1 44 1 6 0 394509 14 37 11 1 3 0 0 35 2 0 0
365 TCA 0 1 0 0 25 2 6 5 0 1 1 9 0 1 0 1 1 1 0 1 40 4 3 2 1 4 2 0 0 5 0 0 0 0 0 2 4 1 6 0 4 2 2 2 0 0 1 1 9 3 2 1 393237 24 214 15 0 1 2 4 81 2 2 0
366 GGA 9 1 0 1 2 5 4 0 65 1 1 0 0 0 0 2 3 3 4 2 1 0 0 4 2 0 0 0 1 1 2 1 35 4 0 2 2 6 1 0 395157 14 64 5 6 0 0 1 7 7 0 1 3 3 1 3 17 0 1 0 2 1 0 0
367 GGG 0 1 0 0 2 3 0 2 0 1 399 0 0 0 2 1 0 0 0 1 0 7 0 1 0 0 1 1 4 0 0 0 1 1 64 6 0 0 1 1 111 19 394633 20 0 2 19 0 0 7 0 0 0 1 0 2 0 1 8 2 1 0 1 0
368 GAT 2 6 0 34 0 0 2 1 0 0 2 0 5 2 4 3 0 5 0 1 2 1 0 1 0 0 0 2 4 0 0 0 6 30 0 395086 1 5 1 0 1 0 0 16 0 2 1 2 1 1 0 4 4 4 3 1 5 0 0 5 7 1 2 0
369 CTA 0 3 3 6 4 7 1 9 5 4 0 2 32 15 5 12 4 7 12 7 104 6 1 4 1 3 7 2 394667 7 89 32 5 0 0 0 5 0 1 9 0 2 3 8 17 10 4 4 2 12 1 2 0 2 0 0 3 0 11 4 60 7 6 13
370 GAA 47 0 0 1 1 6 0 4 0 0 0 6 6 0 0 0 7 3 0 1 6 7 0 0 1 2 1 0 5 0 0 0 394991 6 24 11 0 4 1 1 19 3 8 4 6 0 3 8 9 2 5 0 4 2 0 2 1 0 3 0 2 3 0 4
371 ATT 6 5 1 43 0 3 0 22 4 2 0 5 25 69 4 395021 2 6 4 3 0 10 2 13 1 1 4 2 3 2 3 5 0 0 4 2 1 1 0 4 2 1 1 0 5 3 5 33 3 1 6 3 0 0 1 1 2 5 0 0 3 2 1 11
372 ACA 20 2 6 5 316346 13 86 10 6 5 3 12 148 8 5 5 4 5 4 2 4 1 1 1 1 2 6 3 6 9 1 14 4 2 8 1 24 8 6 2 4 5 0 12 6 2 9 5 4 6 11 6 18 5 2 6 1 8 3 7 9 2 5 1
373 ACA 10 3 3 3 316965 11 24 12 10 6 4 0 31 0 5 2 10 14 7 12 3 4 0 5 12 2 1 2 4 2 9 1 0 3 1 0 46 7 7 4 1 3 3 7 7 2 1 3 5 5 0 11 19 12 4 6 1 5 1 3 2 12 2 9
374 CAT 2 11 0 16 5 8 5 10 0 3 0 13 0 1 2 0 12 28 4 316829 0 4 0 1 0 1 0 2 8 11 6 9 4 1 4 1 15 3 0 5 3 0 4 1 1 0 0 1 3 10 0 56 7 8 7 11 4 6 4 6 1 8 0 22
375 AGT 5 2 3 65 1 4 12 7 14 24 1 315485 2 5 4 15 2 4 11 0 1 0 2 0 4 0 3 0 0 5 0 3 0 2 6 0 4 7 1 11 10 7 13 83 8 1 8 6 0 2 0 5 0 8 3 2 0 9 2 4 0 0 4 1
376 TTT 0 0 0 0 4 4 2 1 0 0 1 1 8 0 9 3 2 0 1 2 0 5 0 0 0 0 3 0 4 1 4 20 1 2 0 0 0 3 0 4 2 0 3 0 0 5 0 2 2 0 0 7 3 1 1 20 1 0 0 6 13 11 6 316480
377 AAT 11 29 2 317008 3 0 2 0 2 2 2 21 0 3 2 17 2 5 1 0 0 0 0 0 1 1 0 0 0 0 0 0 1 1 3 50 1 0 1 0 0 0 2 4 2 5 2 0 0 2 0 6 8 5 1 6 0 2 0 0 1 0 1 3
378 TGT 0 0 2 0 0 2 0 0 1 3 0 12 3 0 0 0 0 0 0 0 0 0 0 0 0 1 0 14 0 0 0 0 0 0 1 0 0 1 0 0 0 0 4 7 0 0 0 1 2 7 2 81 1 3 0 2 6 34 1 316328 0 0 1 2
379 GGA 0 5 2 0 0 2 0 0 85 0 2 0 1 1 3 0 4 7 1 0 0 0 0 0 1 2 0 0 0 3 5 0 69 0 2 10 3 0 0 4 316597 10 55 14 8 1 0 0 0 0 0 5 0 2 1 1 6 0 2 0 1 3 5 4
380 GGA 4 6 1 5 3 1 2 3 72 1 0 3 0 1 5 1 9 3 12 4 3 7 0 0 4 1 2 2 3 5 0 0 45 4 4 0 3 3 0 0 316923 7 33 6 4 0 0 1 2 2 1 2 3 0 2 0 12 0 6 0 1 3 1 3
381 GAA 28 4 1 0 8 8 1 4 0 0 0 0 1 0 1 0 5 0 0 0 1 1 0 5 0 0 0 0 0 0 0 1 316950 4 9 15 4 0 2 1 16 0 0 2 7 6 2 1 2 0 0 1 3 7 0 2 0 1 0 3 0 0 0 1
382 TTT 2 4 2 2 0 2 0 0 0 1 1 0 0 0 1 61 1 0 2 2 1 3 1 0 1 0 0 0 0 6 0 13 3 1 0 0 0 0 0 1 5 1 1 0 1 0 1 0 0 0 1 36 0 3 0 11 0 0 14 3 3 15 0 316343
383 TTC 4 0 2 3 1 0 1 2 1 0 4 0 1 11 8 3 6 0 0 4 3 7 1 3 0 1 2 4 2 13 6 4 3 4 2 2 2 0 4 0 4 1 3 5 2 0 1 3 2 6 1 6 1 13 0 0 4 6 6 3 23 316689 14 93
384 TAT 0 0 1 14 2 0 0 3 0 2 0 0 0 4 3 1 0 18 0 36 2 7 1 1 2 0 2 0 9 3 7 5 0 0 2 4 3 0 3 1 0 1 2 2 1 2 0 3 13 26 2 316755 2 3 1 3 1 1 1 15 9 3 2 11
385 TGT 2 6 0 3 0 3 0 3 0 1 1 15 3 3 2 2 3 3 2 3 7 4 4 0 1 1 0 22 6 0 1 0 2 5 2 1 4 0 2 2 1 0 8 2 4 0 2 5 1 2 0 104 0 2 0 5 8 105 2 316318 0 3 1 16
386 AAC 18 316319 4 83 10 13 1 10 3 25 5 4 7 14 7 2 8 13 8 5 14 13 0 6 4 2 4 1 7 4 4 7 7 52 8 11 13 12 10 2 6 7 12 8 7 10 9 6 2 7 1 6 13 5 0 11 2 1 1 6 7 1 10 8
387 ACA 13 3 0 1 317037 11 27 22 1 6 0 2 33 1 0 1 2 0 0 1 2 10 3 1 2 3 0 0 0 2 0 2 3 0 7 1 23 3 5 2 2 4 0 1 1 0 1 0 0 0 2 0 14 12 5 1 0 0 0 1 2 0 1 0
388 TCA 4 5 7 2 22 5 2 4 2 4 4 4 1 16 9 4 3 12 9 8 41 2 2 1 6 3 4 2 6 5 4 10 1 5 3 5 11 8 5 4 0 4 0 1 12 0 13 1 4 1 0 4 315649 40 189 23 4 0 6 8 73 1 4 2
389 GGC 4 9 2 7 3 3 10 0 3 81 0 3 7 5 2 0 14 15 10 7 6 14 0 9 9 13 4 5 3 6 2 4 3 153 5 1 2 15 3 3 23 314030 13 126 3 7 0 3 2 9 3 1 7 20 1 5 5 14 3 12 0 4 3 6
390 CTG 2 1 2 9 2 3 0 4 0 0 0 0 2 4 44 2 7 2 9 1 0 3 97 0 0 1 7 5 126 14 315643 12 2 4 2 0 1 0 0 1 0 0 0 2 3 1 4 11 3 0 3 0 0 4 2 2 2 2 2 1 8 0 61 2
391 TTT 7 4 0 0 3 0 0 1 0 0 3 0 0 0 4 10 1 1 0 0 1 6 0 1 0 2 0 3 0 7 2 23 2 2 4 0 0 0 0 0 2 0 1 2 1 1 2 9 2 10 1 25 7 0 2 13 1 0 7 2 2 43 1 314778
392 AAT 42 46 16 316351 15 19 6 22 12 12 4 36 23 8 11 8 22 7 15 10 12 13 13 3 14 20 10 6 10 5 17 1 9 12 10 20 11 10 3 19 9 14 18 8 8 3 7 3 1 9 5 19 16 27 18 11 1 5 11 6 16 14 15 1
393 AGC 2 170 7 3 8 12 7 5 9 312341 7 114 0 11 1 7 9 20 6 7 15 14 15 4 1 3 1 0 4 0 5 5 1 0 5 3 5 1 5 12 7 107 10 5 11 5 1 0 0 12 2 16 2 5 18 11 1 6 8 0 0 10 4 9
394 ACT 39 20 28 38 64 42 22 315445 11 20 9 21 13 17 8 79 17 33 15 16 8 18 3 16 11 11 8 15 11 11 9 13 16 8 5 18 10 4 17 27 18 6 17 25 10 24 14 13 0 4 2 11 6 11 11 21 7 3 21 14 5 7 15 6
395 TGG 8 11 8 14 11 25 11 4 3 8 12 5 18 4 11 18 6 8 20 6 11 13 4 18 0 1 65 1 16 6 16 3 10 13 5 14 7 14 14 3 2 15 25 12 6 16 14 9 2 9 37 5 5 8 18 5 62 3 313681 25 3 32 17 7
395a GAG 15 8 81 17 7 12 11 10 36 8 15 15 7 7 22 8 9 4 21 2 13 13 5 13 10 8 21 17 15 13 9 7 176 19 314773 33 5 5 11 23 10 2 46 16 20 10 18 20 3 19 6 9 8 10 27 11 5 2 30 9 32 8 23 12
396 TTT 1 8 8 0 5 12 6 10 1 3 5 7 1 6 0 25 20 14 9 9 10 21 18 8 2 2 3 10 0 3 5 22 5 2 5 2 1 6 2 2 3 6 1 1 7 15 3 21 5 5 0 31 10 4 0 31 2 0 3 8 33 55 5 314066
397 AAT 21 19 11 316389 8 4 1 16 6 1 1 56 3 0 1 13 8 2 1 3 5 3 9 3 5 13 3 2 1 29 0 5 0 7 0 35 7 2 6 1 4 6 0 2 4 1 4 12 0 1 1 20 11 1 2 1 7 2 5 0 3 7 6 2
398 AGC 4 151 1 7 3 7 4 0 37 310074 9 82 10 19 15 8 11 21 14 5 5 4 3 8 11 5 11 2 2 10 5 0 4 7 6 10 11 4 5 1 0 128 17 20 2 2 9 4 3 5 0 11 8 8 9 4 2 2 0 3 4 7 3 0
399 ACT 17 12 0 34 57 50 25 310562 15 10 21 5 9 14 1 50 9 7 13 7 10 14 11 7 2 9 12 0 15 1 5 16 5 5 2 10 19 3 3 9 9 11 18 11 11 8 14 10 2 3 2 12 19 11 3 11 0 2 7 7 6 3 7 5
400 TGG 4 6 12 13 5 0 0 2 4 11 49 5 6 4 12 9 15 6 8 8 5 0 4 10 2 3 144 10 13 7 8 2 6 8 11 8 2 3 9 2 7 10 27 10 7 17 5 3 2 2 52 7 13 0 12 6 65 10 311597 20 2 5 28 7
406 AAT 17 27 12 315693 4 5 6 9 6 0 1 15 13 4 8 44 13 8 11 1 20 2 6 19 1 13 0 9 12 2 4 3 3 5 2 17 12 4 5 18 10 3 11 2 8 5 10 2 4 4 0 5 2 10 10 15 4 0 10 4 18 6 7 5
407 AAT 37 23 9 314245 8 4 6 4 0 6 8 16 14 2 12 17 1 5 12 15 3 16 2 3 0 3 3 0 4 13 0 10 0 2 3 17 5 1 3 0 9 3 8 0 3 7 7 2 1 1 3 7 1 1 3 2 2 1 2 3 0 7 11 7
408 TCA 11 6 5 3 33 15 9 0 6 4 4 10 2 10 15 11 4 8 11 11 25 3 3 10 12 2 2 6 2 5 8 13 3 2 6 7 15 21 14 7 9 8 10 13 12 4 10 8 22 5 3 11 314816 11 66 22 3 4 27 3 55 2 20 6
409 AAT 19 21 21 315907 9 14 10 10 11 19 2 23 3 8 17 7 10 16 9 6 11 15 5 10 4 9 5 9 12 10 8 10 6 8 1 34 6 9 7 18 6 1 2 7 4 1 20 10 1 8 0 9 5 8 7 10 1 1 9 3 4 10 8 2
410 AGC 13 202 3 4 10 12 2 2 10 300085 11 115 3 21 7 3 2 14 4 5 4 4 7 5 5 19 3 5 5 3 3 7 0 5 6 8 1 7 7 1 6 38 9 8 8 5 5 1 2 5 2 9 1 3 6 4 0 11 6 8 5 8 14 6
411 ACA 28 5 2 1 314547 9 48 18 0 18 4 2 70 0 3 0 1 3 0 2 9 24 2 15 0 3 0 1 0 4 5 0 1 5 1 0 31 7 4 3 2 6 3 2 6 1 0 3 2 3 0 2 1 6 5 1 0 4 3 1 11 14 0 1
412 GAG 3 4 43 7 0 3 5 1 0 4 6 2 4 0 3 1 6 5 6 3 8 7 8 7 2 6 5 0 5 0 1 1 76 6 307122 14 5 2 15 10 19 0 27 3 8 3 18 6 1 1 7 0 5 15 6 9 2 0 2 0 0 6 9 0
413 AAT 14 42 9 310629 5 9 9 5 7 1 4 21 1 1 5 8 0 4 10 4 10 7 6 0 0 0 0 2 0 3 0 4 1 3 0 10 6 7 9 0 5 2 4 11 7 9 1 2 1 5 0 9 3 6 2 0 5 1 1 3 1 4 3 2
414 ATA 7 2 2 0 18 1 8 0 3 0 1 2 314443 6 37 9 2 4 5 3 0 1 2 2 1 0 0 0 5 0 0 2 0 0 0 1 1 0 0 3 2 2 0 1 24 0 6 10 0 0 1 3 2 1 0 0 1 0 1 0 4 4 1 0
415 ACT 1 3 0 52 11 23 3 290595 7 3 6 5 4 2 1 59 6 4 2 2 1 1 3 2 2 6 0 0 5 0 1 3 2 0 5 0 0 2 3 26 1 0 1 0 0 0 2 0 0 1 2 5 0 0 0 4 0 0 3 0 1 0 3 3
416 CTC 1 2 1 0 2 0 0 0 2 1 0 3 3 23 7 1 1 9 1 0 3 49 0 0 0 2 2 0 12 294610 9 32 0 1 0 0 0 0 0 1 0 2 0 0 2 11 0 1 1 0 1 0 0 1 1 0 0 2 0 2 9 26 5 1
417 CAA 32 0 1 5 14 8 0 6 4 21 0 0 10 5 0 8 311325 8 18 12 18 6 0 2 24 2 0 2 18 0 0 8 10 1 1 0 9 4 3 11 2 4 2 4 4 3 0 1 23 1 1 4 5 0 3 2 0 0 0 0 1 3 0 3
418 TGC 7 3 0 0 0 0 2 0 1 1 0 1 0 4 1 1 2 0 1 0 0 1 2 0 0 1 0 0 0 1 4 0 2 0 0 2 1 0 0 0 3 4 1 0 0 0 0 0 2 161 0 0 1 2 1 0 15 275577 2 264 0 7 1 0
419 AGA 91 1 3 4 2 3 0 2 294440 0 6 2 2 0 3 0 2 3 2 1 0 1 0 0 5 0 3 2 5 3 1 1 0 4 0 0 12 2 4 0 37 0 3 1 0 0 2 0 2 1 0 3 1 0 0 0 10 0 6 1 4 8 2 2
420 ATA 5 4 0 2 10 1 2 0 4 0 1 0 306895 5 34 11 10 0 0 1 2 2 0 2 1 0 2 0 6 5 3 5 0 1 1 1 0 0 1 0 2 0 1 0 8 6 1 1 2 0 2 3 0 1 1 3 2 0 1 0 9 0 0 1
421 AAG 165 6 299447 4 0 2 3 0 3 2 23 1 4 0 1 1 2 2 0 2 0 4 3 1 4 4 8 1 0 0 0 1 0 1 15 1 0 0 2 1 3 0 0 0 0 1 8 3 1 3 3 2 0 0 4 0 1 1 1 0 3 0 1 0
422 CAA 17 3 1 3 1 0 0 3 4 3 2 4 1 0 5 1 309004 1 17 1 5 0 1 3 10 5 5 1 5 0 2 0 4 0 2 1 4 0 1 4 0 0 2 1 0 1 0 0 71 2 2 0 3 0 0 4 1 2 1 4 0 1 0 1
423 ATT 3 1 0 13 2 3 1 8 4 0 0 1 14 22 2 216186 1 0 1 0 2 0 0 1 1 0 0 0 3 0 1 7 0 1 1 0 2 0 5 0 0 0 1 0 13 4 2 0 0 0 0 0 0 0 0 0 0 0 2 0 0 0 2 5
424 ATA 11 1 0 2 19 0 3 0 4 0 1 1 263710 7 38 9 3 0 0 2 2 0 2 1 2 0 0 1 10 2 1 1 0 0 1 2 0 0 0 3 1 0 0 0 15 1 4 4 6 4 6 2 0 4 1 1 2 2 0 4 2 1 2 3
425 AAT 41 19 11 284054 24 23 11 9 7 9 6 16 7 1 3 16 9 13 5 5 4 1 3 4 3 3 2 2 0 2 1 0 8 0 5 19 13 8 9 9 9 7 8 5 3 6 3 2 1 4 1 2 6 8 7 4 1 2 1 1 0 5 3 4
426 ATG 4 2 4 3 4 0 5 2 0 0 3 1 130 7 196369 9 3 2 1 1 3 7 0 1 2 0 1 0 2 0 13 3 0 0 0 0 3 0 0 0 0 0 0 0 2 0 14 1 1 2 1 6 1 0 0 0 0 0 0 3 1 4 3 7
427 TGG 1 0 2 0 0 0 1 2 1 2 4 0 4 2 0 1 0 0 0 1 0 0 0 0 0 1 9 0 0 0 0 0 0 1 0 1 0 0 0 1 1 1 1 4 2 0 6 0 0 2 40 1 0 0 3 0 139 4 235914 7 0 0 18 3
428 CAA 10 5 1 7 6 5 2 13 0 0 3 2 2 2 1 0 293431 8 22 7 1 2 3 4 24 1 1 0 8 6 5 1 1 0 5 2 1 0 4 5 0 1 4 1 2 2 2 0 91 0 0 0 2 12 2 7 3 0 6 0 5 2 1 3
429 AGA 79 6 9 4 11 1 6 1 282636 11 22 8 17 5 0 0 6 4 3 2 2 1 0 2 21 5 0 0 6 5 2 0 4 4 10 1 1 4 3 3 38 2 9 2 1 1 5 0 8 1 2 0 2 0 0 0 123 2 2 0 1 1 4 0
430 GCA 6 11 7 17 98 17 8 3 2 15 16 5 3 6 5 4 11 12 15 9 5 6 2 12 11 10 3 6 8 4 3 14 20 5 9 4 197866 13 88 15 8 7 7 3 196 0 1 1 2 7 1 7 29 2 10 2 8 0 8 0 11 4 3 6
431 GGA 8 20 1 4 5 0 2 2 74 2 15 5 6 4 1 2 3 7 1 0 0 0 0 1 15 2 3 6 5 2 1 2 68 9 2 5 5 3 1 14 193920 19 27 18 4 1 4 2 0 1 0 5 8 4 4 1 13 0 2 1 3 3 0 7
432 CAA 60 17 17 10 18 12 11 4 3 4 0 1 11 14 10 6 239346 35 75 12 11 9 3 8 24 0 3 1 13 7 4 8 14 5 10 2 4 4 2 9 0 4 0 2 4 3 2 7 30 6 0 5 11 5 7 7 0 2 2 0 1 6 1 5
433 GCA 10 0 5 2 119 10 5 5 1 6 6 9 5 7 1 5 17 7 8 8 10 2 0 0 8 8 1 2 3 7 5 5 14 13 2 3 183168 10 13 9 5 1 3 5 90 0 4 1 4 21 0 8 9 2 1 6 0 2 2 0 4 2 2 11
434 ATA 13 0 0 23 24 6 3 1 3 3 1 0 277452 8 45 15 3 3 6 5 0 3 2 0 0 1 0 0 8 10 3 2 0 2 0 3 2 1 0 1 2 0 0 0 16 8 3 4 7 2 0 13 0 0 1 1 0 1 0 0 15 0 7 3
435 TAT 0 0 5 3 0 0 0 2 2 1 1 2 28 3 5 1 0 0 5 16 1 0 0 0 0 3 5 0 1 0 2 0 4 4 5 5 2 0 1 0 0 4 3 2 2 0 2 3 10 26 4 255041 1 0 1 1 0 0 5 37 2 1 1 4
436 GCC 3 3 4 5 7 117 11 0 2 2 1 0 2 4 2 9 5 0 3 0 5 9 1 0 3 3 1 0 2 10 3 3 2 4 2 7 33 224356 9 40 7 1 0 0 4 274 5 3 4 13 1 12 3 6 2 6 1 23 4 0 4 2 7 3
437 CCT 1 1 1 3 1 1 0 12 1 1 0 0 11 0 2 0 11 3 0 46 28 59 4 166240 4 1 0 1 6 5 1 79 1 1 0 0 0 0 0 0 2 3 2 0 0 0 1 1 1 1 2 5 0 0 1 11 1 1 3 1 3 0 2 5
438 CCC 5 4 0 7 19 39 13 5 0 5 0 9 3 0 0 3 0 46 0 0 30 166394 3 33 0 2 0 2 0 39 0 0 4 2 5 0 12 1 3 3 1 0 1 0 11 7 4 3 2 4 0 1 6 24 7 1 5 4 0 0 0 0 1 0
439 ATA 22 3 0 6 31 0 0 2 4 3 2 6 290638 1 18 4 2 2 1 1 1 2 1 0 3 4 1 3 7 0 3 1 3 0 1 0 2 0 4 0 0 0 3 0 12 3 4 2 1 3 1 1 5 3 0 1 3 0 0 0 7 0 1 0
440 CCA 4 9 2 4 18 7 7 6 3 2 2 1 7 1 2 9 12 1 1 2 262910 9 113 17 1 7 5 0 33 5 1 0 3 2 0 0 8 0 2 1 0 1 0 6 13 0 5 1 2 0 0 0 45 2 0 2 1 1 0 3 0 1 2 0
441 GGA 0 7 2 4 3 2 0 1 49 4 2 0 1 1 0 0 0 1 0 3 0 3 0 0 1 2 0 0 0 2 1 1 40 2 3 0 4 0 0 1 256331 4 30 15 8 0 3 0 2 0 2 4 1 5 1 0 11 0 1 1 0 1 5 1
442 GTA 16 1 0 2 2 1 3 1 5 3 0 8 122 3 10 11 3 4 5 6 14 8 3 1 2 2 0 5 16 2 2 12 45 0 0 0 27 1 0 7 3 1 0 0 300305 4 24 28 2 1 2 11 5 2 1 7 0 2 0 4 8 3 5 11
443 ATA 20 1 3 1 25 0 6 2 6 1 3 7 300933 5 128 12 2 2 3 1 2 1 4 1 0 2 1 0 7 8 2 3 0 0 3 0 1 6 4 1 3 0 0 2 15 4 13 15 4 3 1 12 1 0 0 3 2 5 2 1 17 2 17 6
444 AGG 8 5 53 7 11 2 12 0 103 12 287462 5 4 0 26 3 3 1 0 2 1 0 3 0 13 1 26 5 4 0 2 0 8 0 8 3 1 0 1 0 0 0 43 0 0 0 2 0 2 0 0 7 4 0 4 1 1 1 10 1 2 0 0 0
445 TGT 1 0 1 0 0 0 2 0 1 0 5 2 0 1 1 5 0 1 2 0 1 0 0 0 0 0 1 13 1 0 0 2 0 4 0 0 3 1 4 0 1 0 6 3 0 1 0 0 0 2 2 83 0 0 2 0 3 71 3 302988 0 0 0 8
446 AAA 315233 3 26 3 10 3 1 1 21 0 2 0 8 0 3 0 0 6 1 0 0 0 0 0 2 1 1 2 6 0 0 0 21 0 0 1 9 0 1 1 0 0 0 0 3 2 0 3 1 0 0 1 1 0 0 0 0 1 0 0 1 0 2 1
447 TCA 2 7 1 2 19 0 3 3 0 0 0 1 0 3 6 0 2 5 1 5 9 0 0 1 0 0 0 0 0 0 0 2 2 0 0 0 5 0 4 1 0 5 2 1 0 0 0 0 13 1 3 0 291930 3 27 17 2 0 2 0 21 0 0 0
448 AAT 37 17 4 311513 0 1 3 3 7 0 4 18 5 2 2 12 4 0 0 0 1 0 0 0 2 2 3 0 3 0 2 0 1 0 6 22 0 0 6 1 5 0 4 4 5 6 3 1 3 3 0 12 3 5 1 6 4 3 0 8 5 2 0 1
449 ATT 6 2 0 12 0 0 0 8 3 2 0 0 15 19 3 289207 0 0 0 0 0 0 0 0 0 0 2 0 2 2 2 4 0 0 0 0 0 0 0 0 1 1 0 0 0 5 2 7 0 1 0 0 0 0 0 0 0 0 1 1 2 0 4 3
450 ACA 14 6 0 0 310941 26 173 14 6 2 0 1 123 0 0 0 3 2 2 0 6 2 1 3 2 0 0 1 0 1 1 0 0 0 0 0 43 2 0 0 0 0 0 0 2 2 0 0 1 0 0 0 7 1 0 6 0 0 0 0 1 1 0 3
451 GGA 6 0 2 0 0 0 0 0 39 0 2 2 2 0 1 2 0 0 0 0 0 0 0 0 0 0 0 3 2 0 0 0 81 0 0 4 14 0 0 4 313119 6 22 8 15 0 1 0 6 2 1 1 2 1 0 1 26 1 3 0 2 0 1 2
452 CTA 0 3 1 0 11 2 1 0 4 2 2 0 20 0 1 5 11 2 0 1 31 1 0 3 3 0 3 4 312454 15 34 4 0 0 2 3 2 0 2 0 0 0 2 0 1 2 0 2 1 0 1 0 1 0 0 0 3 0 8 0 48 2 3 2
453 ATA 12 2 1 2 17 4 2 1 2 1 1 0 312283 6 28 13 2 8 2 3 2 0 1 1 1 0 0 0 6 3 0 10 3 0 2 2 2 0 0 0 0 1 4 1 10 5 3 5 3 0 1 0 1 0 0 1 0 0 0 9 17 6 1 1
454 TTA 0 0 3 0 0 2 2 0 0 0 1 0 21 3 7 4 0 1 0 4 0 1 2 0 3 4 2 0 7 1 1 4 0 1 1 3 2 0 0 0 0 1 4 4 8 4 0 6 4 0 0 3 10 0 0 1 0 0 1 1 311680 4 29 14
455 ACA 9 4 0 6 314824 9 85 7 4 4 0 1 34 1 1 2 0 1 1 0 1 1 1 0 0 0 0 0 1 0 1 1 0 0 0 0 16 7 2 7 3 1 4 0 4 0 0 3 0 1 0 0 6 7 5 0 0 1 6 0 1 0 0 0
456 AGA 40 3 0 0 1 1 0 0 312043 0 48 5 13 0 1 0 1 0 0 0 0 1 0 1 10 1 4 2 0 0 0 0 1 1 0 1 0 0 1 4 14 0 2 0 5 0 0 2 0 0 0 1 1 0 2 1 6 0 0 2 0 0 0 6
457 GAT 2 0 2 54 0 2 1 0 0 0 0 0 0 0 2 2 1 4 0 0 0 2 0 0 1 0 0 0 0 3 1 0 14 14 0 313968 0 1 0 0 0 1 0 10 2 1 0 4 0 0 0 8 0 0 2 0 3 0 0 6 1 0 0 0
458 GGT 0 6 2 2 1 1 0 0 2 0 0 64 0 1 0 0 6 1 0 3 0 0 0 0 0 4 1 5 0 0 0 0 0 1 1 66 0 1 0 4 20 31 8 314215 0 0 0 7 0 1 2 1 0 0 0 1 1 0 2 15 0 1 1 1
459 GGG 3 1 2 2 1 6 1 2 0 0 54 4 0 0 6 0 5 0 0 0 1 0 0 0 1 0 2 0 0 0 0 0 1 1 100 5 5 0 4 0 63 7 311906 17 0 0 11 3 1 0 1 1 4 0 0 3 3 0 12 1 0 0 1 4
460 AGT 11 11 2 201 9 9 19 6 27 52 6 314563 21 4 4 13 1 2 0 3 5 4 0 8 2 0 2 13 5 0 1 0 5 4 14 4 3 5 5 4 5 5 5 74 5 9 7 7 2 2 1 1 4 5 1 2 0 4 2 11 6 0 1 9
461 AAT 39 18 9 315383 8 5 5 3 1 2 2 15 1 9 6 5 4 14 3 8 2 6 3 13 5 3 2 0 8 4 1 4 5 2 6 19 3 11 3 13 4 0 5 6 0 0 8 2 0 1 1 10 3 5 2 2 2 0 2 2 4 0 8 1
462 AAG 87 13 314585 19 6 5 25 0 2 7 46 9 2 6 14 12 12 17 8 6 3 6 5 3 3 6 4 4 5 5 6 6 10 7 162 2 5 3 1 13 16 3 16 5 4 7 7 6 1 10 3 6 0 2 4 11 3 8 10 2 3 0 6 4
463 AAT 17 23 9 315766 5 4 6 17 1 1 4 8 4 4 12 21 12 6 7 19 6 12 7 4 6 4 0 3 8 1 5 4 5 10 8 6 3 2 11 2 4 6 2 4 7 7 7 1 0 11 2 4 5 5 3 8 0 7 0 5 15 13 8 3
464 ACA 24 19 5 12 314631 34 94 23 15 4 10 10 92 2 14 8 3 17 24 7 5 10 2 11 1 4 9 13 13 20 2 11 1 7 7 13 67 15 23 0 9 15 22 1 12 17 3 21 1 8 3 6 7 12 10 9 0 13 11 13 6 16 7 9
465 AGT 4 3 11 75 3 4 0 12 18 40 14 315487 6 15 8 13 12 7 2 6 3 20 13 6 15 5 16 27 7 9 4 0 3 4 5 4 1 3 4 9 16 3 17 72 6 3 9 5 0 6 0 1 10 3 2 9 2 5 18 31 6 3 5 1
466 GAA 54 3 0 3 1 10 3 4 0 2 0 2 0 3 0 0 9 5 3 1 0 0 2 0 0 0 0 0 0 0 0 1 314164 1 17 8 4 1 4 2 13 2 2 6 2 1 2 2 5 0 4 0 1 4 3 4 0 2 0 2 1 4 1 6
467 ACC 5 20 6 9 31 314214 3 46 9 6 3 8 3 51 3 6 6 3 2 1 1 1 0 0 1 0 4 0 0 0 4 1 1 1 4 5 1 24 3 1 2 0 5 0 5 3 5 5 5 3 1 2 4 1 7 0 0 0 6 6 11 4 23 4
468 TTC 2 1 0 0 2 1 1 0 1 1 0 1 10 21 4 4 2 3 3 1 2 1 2 2 1 1 0 0 3 58 5 9 0 1 2 4 0 3 1 0 0 0 0 1 9 11 1 2 1 14 1 8 0 39 0 0 3 7 0 5 23 314670 6 88
469 AGA 43 4 1 2 5 3 2 0 315460 2 42 5 9 1 0 0 1 7 4 1 2 1 1 0 25 10 2 10 1 0 0 0 0 0 0 5 2 0 1 0 118 1 5 0 0 1 4 0 0 0 5 1 0 0 1 1 5 0 0 0 0 0 0 0
470 CCT 1 4 1 0 2 2 0 7 1 1 1 0 3 1 0 0 4 5 0 24 49 220 26 312674 2 1 0 2 1 0 0 26 2 0 1 1 0 3 1 3 2 0 1 7 1 3 0 1 1 0 0 1 2 0 3 18 0 0 0 2 0 1 0 0
471 GGA 0 12 0 14 3 19 9 1 61 10 0 16 4 6 3 11 17 7 6 2 3 5 0 2 2 3 0 0 10 10 6 3 45 8 2 1 22 20 5 9 314122 16 126 29 24 22 10 13 9 12 0 13 15 2 4 5 7 13 3 2 4 5 8 16
472 GGA 3 1 0 3 0 1 1 1 63 1 0 1 0 0 0 1 0 1 1 0 1 3 0 4 2 0 1 0 0 4 0 0 46 2 2 0 1 1 1 0 316741 9 83 15 8 3 2 7 5 3 0 2 2 0 0 5 12 0 3 2 5 2 2 4
473 GGA 1 0 7 0 0 0 2 0 55 0 0 1 0 0 3 0 0 5 1 0 4 1 0 0 2 0 2 0 0 1 0 0 37 1 0 2 9 0 1 0 316447 12 90 20 8 0 2 0 0 5 0 0 0 0 0 0 13 0 2 3 0 0 1 0
474 GAT 3 5 0 125 2 0 0 3 0 1 2 6 2 7 1 5 4 6 4 8 2 2 1 2 1 0 0 1 0 0 0 4 29 40 10 316580 1 10 3 4 4 5 1 8 4 0 1 6 6 2 0 13 3 1 0 3 0 0 0 0 0 4 0 2
475 ATG 3 3 5 9 12 3 13 4 7 5 3 2 66 16 316378 27 13 2 8 0 0 2 0 10 5 2 0 0 14 4 15 16 1 5 1 7 1 1 8 3 0 5 7 1 3 2 39 9 7 0 1 6 2 1 2 2 2 0 3 4 14 3 33 11
476 AGG 12 3 123 7 5 17 4 6 98 7 314118 27 3 3 104 9 5 11 11 8 0 3 1 1 18 14 23 15 5 11 11 12 1 0 1 0 8 2 14 5 0 2 76 5 0 0 3 4 0 2 1 11 2 5 2 1 0 1 6 2 18 1 8 6
477 GAC 8 70 0 4 10 4 2 1 1 0 2 6 2 3 0 0 1 8 0 0 2 1 0 5 0 5 5 2 1 3 3 0 39 316370 9 104 7 4 4 4 4 19 7 0 2 1 0 2 5 7 0 3 4 8 4 1 1 4 1 3 2 2 0 0
478 AAT 27 39 2 315523 4 4 0 7 0 4 1 18 6 17 1 49 0 5 0 3 1 3 0 2 1 2 4 1 3 7 10 3 0 0 1 25 2 1 2 0 0 0 3 3 15 9 10 5 0 3 0 3 4 3 3 2 0 1 1 17 13 3 3 1
479 TGG 0 1 1 0 1 1 1 2 0 0 15 1 6 5 2 16 0 2 2 4 0 1 2 2 0 0 32 1 4 5 5 4 1 0 2 1 0 0 1 2 1 1 6 1 7 1 3 5 2 3 58 1 0 2 1 2 48 1 314600 12 0 12 17 19
480 AGA 118 6 3 1 7 3 3 3 316872 5 19 6 6 6 2 0 2 1 4 3 1 2 0 0 6 8 8 12 0 2 1 3 0 1 3 0 4 10 3 2 65 3 5 1 0 0 1 4 2 2 0 0 11 5 1 3 3 2 1 2 3 2 2 1
481 AGT 1 0 0 87 7 12 0 2 8 12 4 389061 2 1 0 7 8 2 7 0 0 3 2 5 2 0 0 1 1 0 1 0 4 0 0 0 4 1 2 1 1 0 9 17 1 0 1 2 0 1 0 10 9 2 1 3 2 0 3 9 0 2 1 9
482 GAA 101 0 2 2 1 2 0 0 0 1 1 1 0 0 0 0 11 4 0 2 4 0 0 0 0 0 0 0 5 0 0 1 389302 6 16 13 3 0 0 0 9 2 0 1 10 2 0 2 1 1 0 1 2 3 0 7 0 0 0 1 5 1 0 0
483 TTA 7 0 3 1 5 0 0 1 0 1 2 2 68 1 14 4 0 2 0 2 3 0 0 0 0 0 0 0 31 1 0 2 0 0 1 6 0 0 0 2 3 0 1 2 3 2 1 0 18 0 0 1 17 0 0 0 2 0 2 5 389115 5 30 14
484 TAT 0 5 0 21 6 0 0 0 1 3 2 4 1 2 1 0 5 2 4 31 2 0 8 1 0 2 1 1 2 7 8 3 9 6 1 7 4 3 2 8 13 3 7 1 2 2 5 2 79 27 8 389225 5 1 7 1 0 1 22 23 13 3 4 27
485 AAG 154 8 388917 39 2 6 9 3 6 5 48 3 1 5 19 11 4 8 2 5 12 3 5 8 3 9 6 9 3 4 10 10 3 5 89 12 16 0 8 7 2 12 8 4 9 2 4 0 2 3 5 1 3 6 2 0 0 4 0 0 6 2 2 2
486 TAT 0 0 1 6 0 0 0 2 0 0 0 0 2 0 0 2 0 0 0 16 0 0 1 1 0 0 0 0 4 0 1 0 0 2 1 3 0 0 2 3 2 0 3 4 0 0 0 0 21 28 3 389276 0 0 1 1 1 0 1 8 0 1 0 7
487 AAA 388789 5 91 10 1 3 0 0 52 0 0 0 1 0 1 0 5 1 2 4 0 0 3 0 0 0 0 0 0 2 6 0 41 5 2 3 0 3 3 1 0 2 0 4 1 0 0 2 4 0 0 0 1 0 0 0 2 0 1 1 3 2 0 0
488 GTA 4 0 0 0 7 6 9 0 0 0 0 2 146 0 0 3 0 0 1 0 0 0 1 0 1 1 1 0 3 4 4 0 18 1 0 0 27 5 0 0 4 1 2 2 388837 3 31 14 0 0 1 0 1 1 3 2 1 2 2 4 21 1 2 1
489 GTA 3 0 1 1 0 0 6 0 0 1 0 0 109 4 2 7 1 2 0 1 0 2 0 0 0 0 0 0 2 0 0 0 71 0 2 0 41 2 1 0 4 0 1 2 388733 4 48 12 0 1 3 0 0 4 0 0 0 0 0 2 2 3 0 0
490 AAA 388739 9 24 6 29 5 0 5 14 8 4 8 10 3 13 27 20 5 12 1 0 4 3 3 5 5 1 2 22 3 10 0 28 5 2 2 6 3 0 8 2 0 1 6 15 8 5 11 4 5 0 6 11 16 2 5 0 7 4 1 12 7 4 6
491 ATT 4 1 1 23 3 4 0 14 0 0 1 5 40 64 5 388422 0 0 0 0 0 0 0 3 5 0 2 0 14 9 0 3 6 0 0 0 0 0 0 0 0 0 4 0 7 11 1 40 8 0 3 3 1 0 0 4 1 0 0 5 18 1 6 90
492 GAA 109 9 15 8 5 11 14 2 4 1 1 5 7 4 5 3 28 5 10 14 3 2 2 0 5 0 3 5 8 33 14 5 388624 18 119 12 6 10 6 8 61 2 2 3 24 5 7 17 4 13 2 6 4 11 5 3 0 3 16 8 9 12 9 6
493 CCA 1 0 1 1 9 1 5 5 0 5 1 4 3 0 2 0 17 7 0 0 389381 10 20 12 3 1 1 1 32 0 0 0 3 1 3 0 14 12 0 1 1 0 0 1 4 1 0 1 3 1 0 1 49 0 0 0 2 0 2 0 1 0 4 0
494 ATA 1 1 0 0 2 0 0 0 1 1 0 0 71900 0 17 11 0 0 1 0 1 0 0 0 0 0 0 1 0 0 2 1 0 0 0 1 1 0 1 0 0 0 0 0 5 1 0 2 0 0 0 0 2 0 0 0 0 2 1 1 2 1 1 0
495 GGA 0 0 0 0 0 0 0 0 11 3 0 1 0 0 0 0 1 0 0 0 0 0 0 0 0 0 0 0 0 1 0 0 6 0 0 0 1 0 0 0 71894 2 12 0 0 0 0 2 2 0 0 0 0 2 0 0 13 0 0 0 0 0 0 1
496 GTA 0 1 0 0 2 0 0 0 0 2 0 0 52 0 0 3 0 0 0 4 0 0 1 1 0 1 0 2 2 1 3 0 0 0 1 1 2 0 1 0 1 0 0 0 72002 1 39 8 0 0 0 0 0 1 0 1 0 0 1 0 1 0 4 1
497 GCA 0 0 0 0 27 0 1 0 0 0 0 0 0 0 0 0 0 0 0 0 0 0 0 1 0 0 0 0 0 0 0 0 2 1 0 0 72026 0 7 3 0 1 1 0 50 0 0 0 2 0 2 0 1 0 0 0 0 0 0 0 0 0 0 0
498 CCC 0 0 1 0 0 8 0 1 0 0 0 1 0 0 0 1 1 3 1 1 12 71825 1 20 0 1 0 0 0 7 0 0 2 0 0 0 0 0 1 0 0 0 0 1 0 1 0 1 0 1 1 0 0 13 0 1 0 1 0 0 0 0 0 0
499 ACC 0 4 0 0 1 71572 3 17 0 0 1 2 1 3 0 0 0 0 0 0 0 0 0 0 1 0 0 0 0 1 0 0 2 0 0 0 0 0 0 0 2 0 0 0 0 1 0 0 0 2 0 0 0 3 0 0 3 0 0 0 1 0 0 0
500 AGG 0 0 14 0 0 1 0 0 6 1 71586 2 0 0 9 0 0 0 0 1 2 0 0 1 2 0 7 0 1 0 0 0 0 1 0 0 0 2 3 0 1 0 35 0 0 0 1 2 1 0 0 0 0 0 1 0 0 2 1 0 4 1 1 0
501 GCA 0 0 0 0 42 0 0 0 0 0 0 0 0 3 0 0 0 0 0 1 0 0 0 0 2 3 0 0 1 0 0 0 6 0 0 0 71210 2 2 5 0 1 0 0 11 0 0 0 4 1 0 0 7 4 3 0 0 0 0 0 0 0 0 0
502 AAA 71851 2 9 0 0 0 0 0 4 0 0 0 0 0 0 1 6 0 0 1 1 0 0 0 4 1 1 0 1 0 1 0 5 0 1 0 0 0 0 0 0 0 0 0 2 0 1 1 1 0 1 0 0 0 0 3 2 1 0 0 1 1 0 2
503 AGA 21 0 0 0 0 1 0 2 71997 1 5 0 2 2 0 1 0 1 0 0 1 1 0 0 3 4 1 1 1 0 0 0 0 1 0 0 1 0 0 0 42 0 1 0 0 0 0 0 1 0 2 0 0 0 0 0 0 0 0 0 1 0 1 0
504 AGA 7 1 0 0 1 0 1 1 72070 0 11 3 9 0 0 1 0 1 5 0 1 2 0 1 5 0 0 2 2 0 0 2 0 0 0 0 0 0 0 0 7 0 0 0 0 0 2 1 0 3 0 2 0 0 0 1 0 0 0 0 2 2 4 2
505 GTG 0 0 0 1 0 0 0 0 0 0 0 0 0 0 5 0 0 0 0 0 0 0 0 0 0 0 0 0 0 0 0 0 0 0 0 0 0 1 0 0 0 0 0 0 18 1 69221 1 0 0 0 0 1 0 0 0 0 0 0 1 1 0 0 0
506 GTG 0 0 0 0 1 0 0 0 0 0 0 0 0 0 7 0 0 0 0 1 0 0 0 0 0 0 0 0 0 0 1 0 0 0 0 0 0 0 1 0 0 0 1 0 12 0 68373 3 0 0 0 0 0 0 0 0 0 0 0 0 0 0 1 0
507 GAG 1 0 15 1 2 0 1 0 1 0 0 0 1 0 3 0 2 0 1 2 0 0 0 0 0 0 0 0 0 0 0 0 10 0 70452 1 1 1 0 0 0 0 14 0 0 0 1 0 0 0 1 2 0 0 0 0 0 0 2 1 0 0 2 0
508 AGA 10 2 1 0 0 0 0 0 71502 1 10 1 3 0 0 2 1 0 0 0 0 0 0 0 2 0 0 1 1 0 0 1 0 0 0 0 0 0 1 0 3 1 0 0 0 0 0 1 0 0 0 1 0 0 0 0 4 0 0 0 0 0 0 0
509 GAA 16 1 0 1 1 0 0 0 1 1 1 2 0 2 0 0 0 1 0 1 0 0 2 0 1 0 2 0 0 0 0 3 71059 3 3 0 6 5 1 1 7 2 2 0 5 0 6 0 0 1 0 1 0 0 0 0 0 0 0 0 0 0 1 0
510 AAA 71707 1 15 1 4 3 3 1 2 2 0 0 2 2 0 0 2 1 0 0 1 7 0 0 0 4 1 1 0 0 1 0 6 0 0 0 1 3 1 0 2 0 0 0 0 0 0 0 0 1 0 0 0 1 1 0 0 3 0 0 0 0 0 1
511 AGA 7 0 1 0 0 0 0 0 70701 0 6 0 0 0 0 0 0 0 0 0 1 0 0 0 6 0 1 1 0 0 0 0 0 0 0 0 0 0 0 0 129 0 1 0 0 2 0 0 0 1 0 1 0 0 0 0 0 0 0 0 0 0 0 0
512 GCA 0 0 0 0 13 0 1 0 0 0 0 0 0 0 0 0 1 0 1 0 0 0 0 0 0 0 0 0 0 0 0 0 0 0 0 0 70651 0 10 2 0 1 1 0 33 0 0 1 0 0 0 0 1 1 0 0 0 0 0 0 2 0 0 0
513 GTT 0 1 0 1 2 3 1 1 0 1 0 0 1 0 1 12 0 1 0 0 0 2 2 5 0 0 0 1 0 0 2 3 0 0 0 1 1 4 1 6 0 1 1 1 4 9 1 58064 0 1 0 0 2 0 4 0 1 0 0 0 0 1 0 0
514 GGA 0 1 0 2 2 1 0 1 6 1 0 0 0 0 0 1 0 2 1 0 3 5 0 1 0 0 0 0 0 0 0 1 26 0 0 1 2 2 0 0 71320 0 17 2 1 0 1 0 0 2 0 0 0 1 0 0 0 0 0 0 3 0 0 2
515 ATA 1 1 0 0 5 0 1 1 0 0 0 1 70398 2 32 4 0 0 0 0 3 0 2 1 0 0 0 0 4 0 3 2 0 0 1 0 0 0 1 1 1 0 1 1 5 0 3 1 1 0 2 2 4 3 1 0 3 0 0 0 5 3 1 1
516 GGA 0 1 0 1 0 0 1 0 6 0 0 0 0 0 0 1 0 1 1 0 0 0 0 0 0 0 0 0 3 1 0 0 8 0 0 0 0 0 0 0 69391 4 4 2 2 0 0 0 0 1 0 1 0 0 0 0 4 0 0 0 0 0 0 0
517 GCT 0 0 0 0 0 1 0 14 0 0 0 0 0 0 0 0 0 2 0 0 0 1 1 0 0 0 0 0 0 0 0 0 1 0 0 1 0 12 10 63340 0 0 0 0 0 0 1 16 0 0 0 0 0 0 0 0 0 0 0 0 0 0 0 0
518 GTC 2 0 0 0 1 0 3 0 0 0 0 0 0 8 1 1 0 0 0 0 0 0 0 0 0 0 0 0 0 0 2 1 0 0 0 0 0 6 2 1 6 2 2 3 3 64340 3 14 0 0 0 0 0 0 0 1 3 0 1 0 0 1 0 0
519 TTC 0 0 0 0 0 0 2 0 0 0 0 0 0 3 1 0 0 0 0 0 0 0 0 0 0 0 0 0 0 5 0 2 0 0 0 0 4 1 2 0 1 0 2 0 1 0 1 3 0 0 0 0 2 12 1 0 0 0 0 0 0 57815 0 3
520 ATT 1 0 0 2 0 1 0 8 0 0 0 1 4 6 0 67331 0 1 0 0 1 2 1 1 1 1 0 0 2 1 1 4 0 0 0 1 0 0 0 0 2 2 0 0 0 0 0 6 1 4 0 0 3 3 0 0 0 0 1 0 1 0 1 1
521 GGG 0 0 0 0 0 0 0 0 0 0 12 1 0 0 0 0 0 0 0 1 0 0 0 1 0 0 0 0 0 0 0 0 0 0 4 0 0 0 0 0 16 0 63166 1 0 0 0 0 0 0 0 0 0 1 0 0 1 0 3 0 0 0 0 0
522 TTC 0 0 0 0 0 0 0 0 0 1 0 0 0 0 0 0 0 0 0 0 1 0 0 0 0 0 0 0 0 3 0 0 0 0 0 0 0 1 0 0 0 0 0 0 0 0 0 0 0 1 0 0 0 2 0 0 0 0 0 1 2 53269 0 2
523 TTA 2 0 0 0 0 0 0 0 0 0 0 0 2 2 0 0 0 0 0 0 0 0 0 0 0 0 0 0 6 0 0 0 0 0 0 0 1 0 0 0 0 0 0 1 1 0 3 1 0 0 0 0 3 0 0 0 1 0 0 0 64795 1 29 0
524 GGA 1 2 0 2 5 0 1 0 12 1 1 3 0 1 0 0 3 0 1 1 2 1 0 4 0 0 1 0 0 1 0 0 21 0 1 0 1 2 2 0 62302 2 6 2 3 1 0 0 1 0 3 0 3 1 0 3 7 1 0 0 2 1 0 0
525 GCA 0 0 0 0 58 2 0 0 0 0 0 0 0 0 0 0 0 0 0 0 2 0 0 0 0 0 0 0 0 2 0 0 1 0 0 0 68781 0 5 2 0 0 0 0 20 0 0 0 1 1 0 0 3 1 0 2 0 0 0 0 0 0 0 0
526 GCA 0 0 0 0 23 0 0 0 0 0 0 0 0 0 0 0 0 0 0 0 0 0 0 0 0 0 0 0 0 0 0 0 2 0 0 0 66941 2 33 1 0 0 1 0 12 1 0 0 0 0 0 0 0 0 0 0 0 0 0 0 0 0 0 0
527 GGA 0 2 0 0 1 1 0 0 10 0 1 0 0 1 0 0 0 1 2 0 1 0 0 0 0 0 0 0 0 0 0 0 12 0 0 0 1 2 0 0 59354 2 5 2 1 0 0 1 0 0 0 0 0 1 0 0 0 0 0 0 0 0 0 0
528 AGC 0 10 0 0 0 1 0 0 2 59499 0 19 0 0 0 0 0 0 1 0 0 0 0 0 0 2 0 0 0 0 0 0 0 0 0 0 0 0 0 0 0 4 0 0 0 0 0 0 0 0 0 0 0 0 0 0 0 0 1 0 0 0 0 0
529 ACT 0 0 0 0 5 23 3 57801 0 0 0 1 0 0 0 1 0 0 0 0 0 0 0 0 0 0 0 0 0 0 0 0 0 0 0 0 0 0 0 0 0 0 0 0 0 0 0 0 0 0 0 0 0 0 0 1 0 0 0 0 0 0 0 0
530 ATG 0 0 1 0 0 0 1 0 0 0 2 0 3 0 52198 0 0 0 0 0 0 0 0 0 0 0 0 0 0 0 0 0 0 0 0 0 0 0 0 0 0 0 0 0 0 0 1 0 0 0 0 0 0 0 0 0 0 0 0 0 0 0 0 0
531 GGC 0 0 0 0 0 0 0 0 0 6 0 0 0 0 0 0 0 0 0 0 0 0 0 0 0 0 0 0 0 0 0 0 0 9 0 0 0 1 0 0 1 47250 0 18 0 1 0 0 0 0 0 0 0 0 0 0 0 4 0 0 0 0 0 0
532 GCG 0 0 0 0 0 0 26 0 0 0 0 0 0 0 0 0 0 0 0 0 0 0 0 0 0 0 0 0 0 0 0 0 0 0 1 0 29 0 65861 1 1 0 0 0 0 1 11 0 0 0 0 0 0 0 2 0 0 0 0 0 0 0 0 0
533 GCG 0 0 0 0 0 0 7 0 0 0 0 0 0 0 0 0 0 0 0 0 0 0 1 0 0 0 0 0 0 0 0 0 0 0 1 0 30 1 50228 0 0 0 0 0 0 0 14 0 0 0 0 0 0 0 1 0 0 0 0 0 0 0 0 0
534 TCA 0 1 0 0 4 0 4 0 0 0 0 2 0 1 3 2 1 0 0 0 12 0 2 0 0 0 0 0 2 0 0 0 0 0 1 1 9 0 2 2 3 4 2 2 0 2 0 3 5 1 3 2 62006 4 39 13 1 0 0 10 24 0 6 2
535 GTA 0 0 0 0 0 0 0 7 0 0 0 0 44 1 0 1 0 0 1 1 0 0 0 0 0 2 0 0 3 7 0 0 0 0 0 0 2 0 0 0 0 0 1 0 59224 0 11 0 0 1 0 2 0 0 0 0 0 0 0 1 1 0 0 0
536 ACG 0 0 2 0 15 1 46495 0 0 0 0 0 0 0 5 0 0 0 0 0 0 0 0 0 0 0 0 0 0 0 0 0 0 0 0 0 0 0 7 0 0 0 0 0 0 0 0 0 0 0 0 0 0 0 2 0 0 0 0 0 0 0 0 0
537 CTG 0 0 0 0 0 0 0 0 0 0 0 0 0 0 0 0 0 0 0 0 0 0 7 0 0 0 1 0 3 0 48037 0 0 0 0 0 0 0 0 0 0 0 0 0 0 0 0 0 0 0 0 0 0 0 0 0 0 0 0 0 0 0 0 0
538 ACG 0 0 0 0 4 0 39013 2 0 0 0 0 0 0 33 0 0 1 0 0 0 0 0 0 0 0 0 0 0 0 0 0 0 0 0 0 0 0 4 0 0 0 0 0 0 0 1 0 0 0 0 0 0 0 0 0 0 0 0 0 0 0 0 0
539 GTA 0 0 0 0 0 0 0 0 0 0 0 0 13 0 0 0 0 0 0 0 0 0 0 0 0 0 0 0 0 0 0 0 2 0 0 0 1 0 0 0 0 0 0 0 47117 0 2 0 0 0 0 0 0 0 0 0 0 0 0 0 0 0 0 0
540 CAG 0 0 3 0 0 0 0 0 0 0 0 0 0 0 0 0 14 0 37803 2 0 0 0 0 0 0 16 0 0 0 0 0 0 0 0 0 0 0 0 0 0 0 0 0 0 0 0 0 0 0 16 0 0 0 0 0 0 0 0 0 0 0 0 0
541 GCC 0 0 0 0 0 21 0 0 0 0 0 0 0 0 0 0 0 0 0 0 0 0 0 0 0 0 0 0 0 0 0 0 0 4 0 0 0 45821 0 7 0 0 0 0 0 18 0 0 0 0 0 0 0 0 0 0 0 0 0 0 0 0 0 0
542 AGA 14 0 0 0 0 0 0 0 62581 0 2 0 0 0 0 0 0 0 0 0 0 0 0 0 0 0 0 0 0 0 0 0 0 0 0 0 0 0 0 0 2 0 0 0 0 0 0 0 0 0 0 0 0 0 0 0 0 0 0 0 0 0 0 0
543 CAA 1 0 1 1 1 0 0 0 0 0 0 0 0 1 0 0 42685 1 3 0 0 0 0 0 2 0 0 0 0 1 0 0 0 0 0 0 1 0 0 1 0 0 0 0 1 0 0 0 7 0 0 0 1 0 0 0 0 0 0 0 0 1 0 0
544 TTA 0 0 0 0 0 0 2 1 0 1 0 0 1 0 0 0 0 0 0 0 0 0 0 0 0 0 0 0 0 0 0 0 0 0 0 0 3 0 0 0 0 0 0 0 1 1 0 0 2 0 0 0 4 0 0 0 0 0 0 0 48950 0 4 0
545 TTG 0 0 0 0 0 0 0 0 0 0 0 0 0 0 0 0 0 0 0 0 0 0 0 0 0 0 0 0 0 0 1 0 0 0 1 0 1 0 0 0 1 0 0 0 0 0 0 0 0 0 0 0 0 3 2 0 0 0 2 0 7 0 54222 0
546 TCT 0 0 0 0 0 0 0 0 0 0 0 0 0 0 0 0 0 0 0 0 0 0 0 0 0 0 0 0 0 0 2 0 0 1 0 0 0 0 0 0 0 0 0 0 0 0 0 0 0 0 0 1 1 1 1 35788 0 0 0 0 0 0 0 6
547 GGT 0 0 0 0 0 0 0 0 0 0 0 6 0 0 0 0 0 0 0 0 0 0 0 0 0 0 0 0 0 0 0 0 0 0 0 8 0 0 0 0 0 3 0 51363 0 0 0 0 0 0 0 0 0 0 0 0 0 0 0 0 0 0 0 0
548 ATA 3 0 0 0 3 0 0 0 0 0 0 0 66788 2 13 1 0 0 0 1 0 0 0 0 0 0 0 0 0 0 0 0 0 0 0 0 1 0 0 0 0 0 0 0 12 1 0 0 0 0 0 1 0 0 0 0 0 0 1 0 1 0 0 0
549 GTG 0 0 0 0 0 0 1 0 0 0 0 0 0 0 8 0 0 0 0 0 0 0 0 0 0 0 0 0 0 0 0 0 0 0 0 0 0 0 2 0 0 0 3 0 24 0 62047 1 0 0 0 0 0 0 0 0 0 0 0 0 0 0 2 0
550 CAA 1 0 0 0 0 0 0 0 0 0 0 0 0 0 0 0 69188 0 12 2 0 0 0 0 1 0 0 0 0 0 1 0 0 0 0 0 0 0 0 0 0 0 0 0 0 0 0 0 14 0 0 0 0 0 0 0 0 0 0 0 0 0 0 0
551 CAG 0 0 6 0 1 0 0 0 0 0 0 0 0 0 0 0 30 0 66503 2 0 0 0 0 0 0 8 0 0 0 0 0 0 0 0 1 1 0 0 2 0 0 0 0 0 0 0 0 0 0 5 0 4 0 0 0 0 0 5 0 0 0 0 0
552 CAA 0 2 0 0 0 0 1 0 0 0 0 0 0 0 0 0 64957 0 5 1 0 0 0 0 2 0 0 1 0 0 0 0 0 0 0 0 0 0 0 0 1 0 0 0 0 0 0 0 3 0 0 0 0 0 0 0 0 0 0 0 0 0 0 0
553 AGC 0 31 0 0 0 3 0 0 3 66153 1 21 0 2 0 0 0 3 0 0 0 0 0 0 0 2 0 0 0 0 1 0 0 0 1 1 0 1 0 0 0 2 0 0 2 1 0 0 0 0 0 0 1 1 0 0 0 1 0 0 0 4 0 2
554 AAT 7 3 2 69217 1 0 0 0 0 1 0 4 3 1 0 0 0 0 1 1 0 0 0 0 0 0 0 0 0 0 0 0 0 1 0 0 0 0 1 0 2 0 0 0 1 0 1 0 0 0 0 1 1 0 1 0 0 0 0 0 0 1 0 0
555 TTG 0 0 0 0 0 0 0 0 0 0 0 1 0 0 0 1 0 0 0 0 0 0 0 0 0 0 0 0 0 0 5 0 0 0 0 0 0 0 0 0 0 0 0 0 1 0 1 0 0 0 0 1 0 0 2 0 0 0 0 0 11 0 68967 1
556 CTG 2 0 0 1 0 0 0 0 0 0 0 0 1 0 1 0 1 4 3 4 0 0 14 0 0 1 2 1 17 0 70095 3 0 0 0 0 1 1 1 0 0 2 0 0 0 0 3 0 0 2 0 1 0 0 0 0 0 0 0 0 0 1 29 0
557 AGG 1 1 18 0 3 0 2 0 10 3 71183 2 2 0 7 0 2 1 0 0 0 0 0 0 0 0 2 2 2 0 1 1 0 0 0 0 1 1 0 1 0 0 23 0 0 0 1 0 0 1 1 0 1 1 1 2 0 0 1 0 1 0 0 0
558 GCT 0 0 0 0 3 2 1 56 0 0 0 0 0 0 0 1 0 0 0 1 0 0 0 0 0 0 0 0 0 0 0 0 0 0 0 3 2 15 1 70203 2 0 0 1 1 0 1 11 0 0 0 0 4 1 3 1 0 0 0 0 0 0 0 2
559 ATA 0 1 0 0 4 1 0 0 0 0 0 0 71524 1 39 0 3 0 0 0 0 0 0 0 0 0 0 0 2 0 5 0 0 0 0 0 0 0 1 0 0 0 0 0 5 5 0 0 2 2 0 0 1 0 0 0 0 0 0 0 2 3 4 2
560 GAG 0 2 10 0 2 0 0 0 0 0 0 1 0 0 1 1 0 0 1 0 0 0 0 0 0 0 0 0 0 0 1 0 7 1 71595 5 0 0 0 0 3 0 32 9 1 0 4 0 0 3 5 0 1 3 0 0 0 0 1 1 2 0 0 1
561 GCT 0 0 0 0 5 0 0 49 0 0 0 1 0 0 0 0 0 0 0 0 0 0 0 0 0 0 0 0 2 0 1 0 0 0 0 0 1 4 1 69373 1 0 1 2 0 0 0 15 0 1 0 0 1 0 2 0 0 0 2 0 5 1 0 0
562 CAA 0 0 0 0 0 0 1 0 0 0 0 0 0 0 0 0 71799 1 8 0 0 0 0 0 8 1 0 0 0 0 1 0 0 0 0 0 0 0 0 0 0 0 0 0 0 0 0 0 2 0 0 3 1 0 3 0 0 0 0 0 0 0 0 0
563 CAG 0 0 0 0 0 1 3 2 0 0 0 2 0 1 1 4 58 2 71774 5 0 0 0 1 1 0 10 2 3 0 2 0 0 0 0 0 1 0 0 0 0 0 0 0 0 2 1 0 0 0 6 0 4 0 0 0 0 0 1 0 0 0 0 1
564 CAT 0 1 0 3 1 0 0 0 0 0 0 2 0 0 0 0 6 2 3 71396 0 0 1 0 0 0 0 2 2 0 0 2 0 0 0 0 0 0 0 1 0 0 0 0 3 0 0 1 0 1 0 39 0 0 0 1 0 0 0 0 0 0 0 0
565 CTG 0 1 0 0 1 3 5 1 1 0 0 0 2 0 2 0 1 1 4 0 0 0 19 0 0 0 1 0 10 1 71612 2 0 0 0 0 0 1 2 0 1 1 0 0 2 1 8 0 0 0 0 0 0 2 2 0 0 0 1 0 0 1 19 0
566 TTG 0 2 0 0 0 0 0 0 0 0 0 0 0 0 2 0 3 3 1 0 0 0 0 0 0 0 1 0 0 0 9 2 0 0 0 0 0 0 0 0 0 0 0 0 0 0 3 1 0 0 0 0 1 0 37 0 0 0 0 0 11 0 71895 2
567 AAA 71837 0 5 0 1 3 2 1 9 4 3 11 0 0 0 0 0 0 0 0 0 0 0 1 0 0 0 0 0 0 0 0 3 0 0 0 0 5 0 0 0 1 0 2 0 0 0 1 0 0 0 0 0 4 0 1 0 0 0 0 0 0 0 0
568 CTC 0 0 0 0 0 0 0 0 0 2 0 1 0 6 0 1 1 2 0 1 0 10 0 3 3 2 0 0 0 70944 1 5 0 0 0 0 0 3 1 0 0 1 0 0 0 1 1 0 0 0 0 0 0 0 1 2 0 0 0 0 0 12 1 0
569 ACG 0 1 2 3 23 1 71571 19 2 1 2 3 1 0 53 1 0 1 0 0 0 0 3 1 1 0 1 0 0 0 0 0 1 0 0 1 1 2 13 0 3 5 2 4 0 1 0 0 1 0 0 0 0 3 5 1 0 0 0 1 0 0 0 1
570 GTC 0 0 0 0 0 0 0 1 2 1 0 0 0 14 1 1 1 1 0 0 0 1 0 0 1 0 0 0 0 6 2 0 0 0 0 1 0 6 0 2 0 0 0 0 3 72024 0 10 0 2 0 0 0 0 0 1 0 0 0 0 3 2 0 4
571 TGG 0 0 0 0 0 0 0 0 0 0 1 0 0 0 0 0 0 2 0 0 0 0 0 0 0 0 34 0 0 0 0 0 0 0 0 0 0 0 1 0 0 1 5 0 0 0 0 0 0 0 4 0 0 0 3 0 9 0 71798 6 0 0 0 0
572 GGC 0 0 0 0 0 0 1 0 0 7 0 0 0 1 0 0 0 0 0 1 0 0 0 0 0 1 0 0 0 0 0 0 0 33 0 0 0 2 1 1 5 71714 3 16 0 1 0 2 0 0 0 0 0 0 0 0 0 1 0 0 0 0 0 0
573 ATT 0 0 0 6 4 3 8 13 0 0 1 0 3 16 9 71974 3 1 0 0 0 0 0 0 0 0 0 0 1 3 3 3 3 0 0 0 3 1 3 5 0 0 0 0 3 0 4 15 0 0 0 1 3 1 1 2 0 0 0 0 0 1 1 0
574 AAA 71928 6 2 0 0 0 0 0 4 0 0 0 0 0 0 0 1 3 0 0 0 0 0 0 1 1 0 2 0 0 0 0 4 0 0 0 0 0 0 0 0 0 0 0 0 0 0 0 0 0 0 0 0 1 0 0 0 0 0 0 0 0 2 0
575 CAG 0 0 0 1 0 2 0 3 0 2 1 2 0 1 0 2 41 2 71954 0 0 0 1 0 0 0 8 3 0 0 2 0 1 0 1 1 3 1 1 1 4 1 3 1 5 0 4 3 0 0 11 1 2 1 0 3 0 0 6 0 3 0 0 4
576 CTC 0 0 0 0 0 0 0 0 0 0 0 0 0 2 1 0 0 4 0 0 0 2 0 0 0 0 0 0 0 71860 0 10 0 0 0 0 0 0 0 0 0 1 0 0 0 2 0 0 0 0 0 0 0 0 0 1 0 0 0 0 1 12 0 0
577 CAG 0 0 1 0 1 0 1 0 0 0 0 1 1 0 0 0 17 1 72047 7 0 0 2 0 0 0 23 0 4 1 2 2 0 0 1 0 0 0 0 0 0 0 0 0 0 0 2 0 0 0 9 2 1 0 5 0 0 1 3 0 0 0 0 1
578 GCA 0 0 0 0 39 0 1 0 0 0 0 2 0 0 0 1 0 0 0 0 0 2 0 0 0 1 0 0 0 0 0 0 2 0 0 0 72037 1 9 1 0 0 0 0 15 0 0 2 0 0 1 0 0 1 0 0 0 0 0 3 0 0 0 0
579 AGA 7 1 1 0 1 0 0 1 72095 0 14 1 2 0 0 0 0 0 0 0 0 0 0 0 6 0 1 0 0 2 0 2 0 0 0 0 0 1 1 0 10 0 0 0 0 0 0 0 1 0 0 0 0 0 1 0 3 1 0 0 0 0 0 0
580 GTC 0 0 0 0 0 0 0 0 0 0 0 0 0 27 0 1 0 0 0 0 0 1 0 0 0 0 0 0 1 3 0 0 0 0 0 0 0 5 0 0 0 1 0 0 0 71864 1 3 0 0 0 0 0 0 0 0 0 0 0 0 0 1 1 0
581 CTA 1 2 0 1 0 0 0 0 0 1 0 0 11 1 0 1 3 2 0 0 1 0 0 0 0 0 0 0 72023 5 25 2 0 0 0 0 0 0 0 0 0 0 0 0 0 0 1 0 0 0 0 2 1 0 0 1 0 0 0 2 4 0 0 1
582 GCT 0 0 0 0 0 1 0 11 0 0 0 0 0 0 0 0 0 0 0 0 0 0 0 0 0 0 0 1 0 0 0 0 0 0 0 7 0 4 0 72102 0 0 0 0 0 0 0 9 0 0 0 0 0 1 0 0 0 0 0 0 0 0 0 0
583 GTG 0 0 0 0 0 0 0 0 0 0 0 0 0 0 6 0 0 1 0 0 0 0 0 0 0 0 0 0 2 7 1 0 0 0 0 0 0 0 15 2 0 0 1 0 13 1 72120 1 0 0 0 0 0 0 0 0 0 0 0 0 0 0 1 0
584 GAA 7 0 1 0 0 0 0 0 1 0 0 0 0 0 0 0 5 1 0 0 0 0 0 0 0 0 0 0 0 0 0 1 72075 2 10 1 0 1 0 0 5 0 0 0 1 0 0 0 3 0 0 0 0 0 2 0 1 0 1 0 0 0 0 0
585 AGA 9 3 0 2 0 0 0 0 72071 1 0 3 0 0 0 0 1 0 1 0 0 0 0 0 1 0 0 0 1 0 0 0 0 0 0 0 0 1 0 0 7 2 4 0 1 2 1 0 0 2 0 0 1 0 1 0 0 0 0 0 1 0 0 1
586 TAC 0 6 0 0 0 0 0 0 0 0 0 0 0 3 1 1 0 5 0 0 0 0 0 0 0 0 0 0 0 0 0 0 0 0 0 0 0 0 0 0 0 0 0 0 0 2 0 0 1 72061 0 4 0 0 0 0 0 10 0 0 1 0 0 0
587 CTA 0 0 0 0 0 1 0 1 0 0 0 0 5 0 1 0 1 0 1 0 11 1 0 0 0 0 0 0 72132 1 6 0 0 0 0 0 3 0 0 0 0 0 0 0 3 0 0 0 0 0 0 0 1 2 0 0 0 0 0 0 3 0 0 0
588 AAG 16 1 72170 9 1 0 7 1 1 2 16 1 0 4 12 3 0 0 0 0 0 0 0 0 0 0 0 4 1 1 0 0 0 0 1 2 1 0 1 0 0 0 0 0 0 0 1 1 0 1 0 3 0 0 0 1 0 2 0 2 0 0 5 3
589 GAT 0 0 0 14 0 2 3 0 0 0 1 1 1 2 0 2 0 2 0 1 0 0 0 0 0 0 0 0 0 0 2 0 4 0 0 72031 0 1 0 2 1 0 3 0 0 0 3 1 0 0 0 3 1 0 1 0 0 0 5 0 0 4 0 1
590 CAA 1 2 0 1 1 2 1 3 0 1 1 0 4 1 0 0 72071 2 7 1 1 0 0 0 16 0 0 0 1 2 1 0 2 1 0 0 2 0 0 4 0 2 0 0 4 2 2 2 10 0 0 2 2 1 0 0 0 0 0 0 2 2 1 1
591 CAG 0 0 4 0 0 0 1 1 0 0 0 1 0 0 11 0 29 2 72020 1 0 0 1 0 0 0 9 0 5 2 8 0 0 0 1 0 1 0 1 1 0 0 1 0 3 0 0 1 0 0 12 0 0 0 1 1 0 0 0 0 3 0 0 0
592 CTC 0 0 1 0 0 0 0 0 1 0 0 0 0 3 0 0 0 1 0 0 0 0 0 0 0 0 0 0 2 71897 1 12 0 0 0 0 1 0 0 0 0 1 0 0 0 0 0 0 0 0 0 0 0 0 0 0 0 0 0 0 0 12 0 0
593 CTA 0 0 0 0 0 0 3 0 0 3 0 0 2 0 0 1 1 0 0 0 14 0 1 0 0 1 0 0 72111 3 18 3 0 0 0 0 0 1 0 1 0 0 0 0 0 0 1 0 0 0 0 0 0 0 0 0 0 0 2 0 6 0 2 1
594 GGA 4 0 5 0 3 2 1 0 11 0 0 1 2 1 0 0 3 3 3 3 1 1 0 0 1 0 0 0 2 2 1 2 11 0 0 0 1 3 2 0 72117 0 12 1 3 1 3 0 0 0 0 2 2 5 0 0 1 0 8 1 4 10 0 0
595 ATT 1 1 0 2 0 1 0 1 1 0 2 0 1 8 1 71937 0 0 0 1 0 0 0 0 0 0 0 0 2 0 0 1 0 0 0 0 0 0 0 0 0 0 1 1 0 0 1 2 1 0 0 0 1 0 0 0 0 0 0 2 2 0 2 0
596 TGG 0 0 1 0 0 0 0 0 0 0 0 0 1 0 2 1 0 0 1 0 0 0 0 0 0 0 14 0 1 0 1 1 0 1 0 0 0 0 1 0 0 1 1 3 0 0 0 2 0 0 10 0 0 0 1 0 12 3 72088 10 0 8 6 5
597 GGC 0 0 0 0 1 0 1 0 0 7 0 0 0 0 0 0 0 0 1 0 0 0 0 2 0 0 0 0 0 1 0 0 0 29 0 0 1 1 0 0 5 72145 4 29 0 1 0 0 0 1 1 0 0 0 0 0 0 6 0 0 0 0 0 0
598 TGC 0 0 0 0 0 0 0 0 0 6 0 0 2 0 2 1 1 0 0 0 0 2 0 0 0 16 0 3 0 0 0 0 1 0 0 0 0 0 0 0 0 5 0 1 0 0 0 0 1 242 1 0 0 0 0 0 7 382518 3 85 0 0 0 0
599 TCT 0 1 0 0 1 0 0 90 0 0 1 1 1 4 6 5 0 0 0 0 0 0 0 32 0 0 3 1 3 7 0 4 0 0 0 3 0 0 3 14 3 6 0 2 3 7 5 5 2 2 0 10 19 208 25 318898 1 1 0 6 11 3 6 20
600 GGA 8 23 0 3 11 7 1 3 107 5 2 6 3 0 6 3 15 28 8 20 0 1 2 0 10 3 6 4 0 4 5 1 121 1 5 3 12 12 5 7 382048 42 52 34 8 2 4 3 10 3 7 6 10 31 13 5 18 8 10 3 2 8 7 2
601 AAA 383326 2 19 5 3 2 0 3 20 1 2 4 3 2 1 1 11 0 5 6 0 0 3 0 15 5 19 15 7 3 0 1 13 0 0 0 1 1 0 0 0 1 0 3 0 1 2 1 5 3 0 1 0 2 3 0 1 3 0 0 3 1 0 2
602 CTC 1 2 0 0 0 3 0 4 0 3 2 2 5 10 4 0 4 6 0 0 1 45 0 0 2 5 6 0 14 381985 7 29 0 0 0 1 0 1 0 1 1 0 2 0 3 3 1 6 0 4 0 0 2 0 0 1 0 0 1 1 3 45 0 0
603 ATC 1 10 2 0 3 16 0 0 5 2 0 1 18 383272 0 35 0 0 0 3 0 0 0 0 0 2 2 0 0 4 0 0 0 0 1 0 0 0 0 0 1 2 1 1 1 35 4 7 6 2 6 1 1 0 1 1 0 2 2 1 2 7 0 0
604 TGC 3 1 0 0 0 2 0 1 0 2 2 0 0 0 4 0 3 1 0 0 2 2 0 0 0 62 1 0 0 1 0 3 0 1 1 1 0 0 2 0 0 5 0 0 0 0 0 2 1 218 0 0 4 4 0 0 5 382759 1 221 0 1 0 0
605 ACC 0 14 0 0 7 383107 2 50 0 3 1 0 0 42 7 0 1 2 0 0 1 11 7 0 5 4 4 0 1 14 4 1 2 0 0 0 0 10 0 3 0 0 0 1 0 2 4 0 0 0 0 0 0 4 0 0 0 1 0 2 1 4 4 1
606 ACT 0 0 0 7 14 98 9 381846 0 0 0 1 1 0 2 26 0 0 2 0 0 1 0 0 0 0 0 0 0 0 0 0 0 0 0 0 0 0 0 12 0 0 0 0 0 0 0 0 0 0 0 0 2 0 0 0 0 0 0 3 0 0 0 0
607 AAT 64 26 3 382657 5 0 0 8 2 2 0 19 0 1 0 4 17 1 0 0 0 0 0 0 0 4 0 0 0 1 0 1 0 1 3 32 10 0 2 7 3 0 1 8 4 3 0 8 0 0 0 1 3 1 0 0 0 0 0 1 5 0 0 3
608 GTG 1 0 0 2 1 3 0 0 0 0 0 0 0 0 100 0 1 2 1 3 4 2 5 2 0 3 0 0 0 2 3 0 1 0 2 0 1 0 13 0 5 3 1 1 170 15 382358 1 0 0 0 6 0 0 0 1 2 1 1 3 1 1 2 0
609 CCC 0 5 2 0 1 1 0 0 2 1 4 2 0 5 4 3 1 26 0 1 43 382354 9 37 0 5 1 2 2 20 3 6 5 0 0 1 0 10 8 1 2 3 1 0 1 0 0 6 0 0 0 0 1 125 3 0 4 0 0 0 6 3 2 0
610 TGG 2 0 3 3 0 1 2 0 3 0 24 1 1 0 0 0 0 0 0 0 0 0 1 1 1 0 237 0 2 1 0 0 1 0 2 4 1 3 2 0 0 0 33 2 0 0 7 3 8 0 45 0 5 0 2 1 48 4 382621 4 0 0 3 3
611 AAC 34 381626 20 91 2 4 1 0 14 23 38 36 1 5 0 1 8 6 10 0 0 0 0 1 3 8 22 11 9 2 0 9 6 14 3 2 0 2 5 7 0 0 5 2 0 4 1 2 1 0 3 0 12 19 17 4 2 7 3 11 5 1 12 1
612 TCT 11 3 13 1 4 5 10 18 6 3 8 10 22 5 16 0 13 7 10 4 18 21 33 49 30 3 5 3 9 5 11 2 24 7 4 13 3 18 4 22 13 10 17 8 3 6 9 13 1 16 2 48 47 48 11 382359 3 1 2 11 7 4 1 39
613 AGT 18 13 12 82 9 5 7 17 65 41 27 382018 5 18 4 49 10 11 14 13 0 1 2 3 8 10 34 15 20 0 7 10 12 3 6 9 18 19 8 2 27 5 16 110 19 13 10 2 1 15 2 7 9 0 11 5 0 24 4 48 15 2 11 16
614 TGG 0 1 2 0 2 0 0 0 1 2 28 5 5 1 1 0 1 2 1 0 2 1 2 1 0 0 10 3 0 1 2 2 3 2 1 2 0 0 0 1 0 1 6 4 0 0 4 9 2 0 67 8 3 0 2 0 56 2 382965 8 0 0 5 3
615 AGT 0 3 1 180 4 4 5 3 27 94 2 381205 2 0 2 4 0 0 1 1 0 0 0 5 0 1 2 1 0 0 2 2 1 0 0 0 0 3 3 2 1 0 4 83 2 2 7 4 1 0 6 2 30 9 14 4 0 3 1 36 0 0 0 1
616 AAT 32 45 12 382216 9 0 7 12 2 4 7 16 1 0 0 5 2 3 1 8 3 2 6 5 7 1 2 2 0 1 6 0 6 2 2 18 2 5 7 4 4 3 10 10 0 3 3 2 0 0 4 7 1 0 0 10 4 0 0 0 2 0 0 0
617 AAA 381423 1 16 13 1 1 0 0 25 1 5 0 2 0 1 1 1 8 1 2 1 0 0 2 18 8 3 6 2 12 0 9 90 1 0 3 0 2 4 2 0 0 0 1 0 4 3 0 2 0 2 2 1 0 0 1 0 0 0 0 2 2 12 0
618 TCC 11 5 3 8 15 31 3 10 5 18 3 15 3 1 1 1 4 0 14 6 4 32 3 2 4 5 2 4 2 7 0 1 1 4 1 0 8 5 4 0 10 7 12 12 0 0 0 0 4 4 1 9 43 380839 8 24 2 3 3 4 4 30 9 3
619 CAG 0 4 16 1 6 8 10 2 1 10 3 4 4 8 8 20 72 18 381471 52 2 7 14 11 4 0 186 1 7 10 29 31 4 1 16 3 6 2 1 18 2 2 18 8 21 1 17 6 4 7 32 8 3 5 6 5 2 11 25 2 28 12 15 7
620 GAT 10 14 10 87 16 3 1 17 5 11 5 17 13 10 12 10 0 1 1 17 6 13 9 10 10 4 9 5 17 14 5 12 34 31 16 376323 3 4 20 12 16 3 19 42 7 10 3 16 0 5 3 10 30 15 17 23 4 3 4 10 10 16 22 16
621 GAG 19 3 122 7 8 8 12 14 7 5 14 13 3 2 16 10 17 6 26 22 4 3 2 1 9 4 5 18 1 3 4 8 151 10 376015 47 6 27 11 2 3 2 119 2 16 8 50 5 1 12 7 14 5 14 8 7 5 5 5 11 4 6 15 31
622 ATA 20 0 1 0 17 0 0 0 9 2 0 4 381326 7 38 24 0 0 0 3 2 4 0 2 0 0 0 2 9 1 1 4 1 0 1 0 0 0 1 2 1 0 3 4 16 3 8 7 2 1 2 1 0 0 0 1 1 1 3 0 12 0 4 0
623 TGG 4 1 6 6 0 3 4 3 1 5 46 0 0 2 3 3 1 0 2 0 0 8 2 0 1 2 17 0 2 2 0 0 0 0 1 0 1 1 4 2 0 0 14 4 3 1 0 2 1 6 54 2 3 0 4 0 84 0 382004 18 3 0 33 13
624 GGA 5 9 6 4 14 16 7 20 146 4 11 4 0 0 11 0 4 6 2 12 0 4 1 0 15 18 3 11 1 2 5 27 132 18 12 7 13 16 9 8 379935 10 47 20 12 1 2 2 3 3 2 14 9 12 3 9 19 8 18 9 8 2 3 17
625 AAC 65 380773 41 136 25 19 27 17 10 55 9 12 4 19 13 7 17 31 7 16 3 3 3 6 19 21 10 6 4 33 2 16 23 14 2 6 12 1 5 15 11 4 21 12 9 12 3 14 9 14 2 12 9 16 18 11 6 3 10 19 35 21 13 13
626 ATG 4 0 20 1 10 30 88 15 1 3 8 11 73 3 379966 15 2 1 1 0 2 0 5 0 4 2 6 2 12 9 36 10 4 5 1 1 3 0 3 5 6 1 1 1 5 8 73 2 2 5 1 17 3 4 1 0 2 4 0 3 10 9 42 3
627 ACC 2 12 6 7 70 381278 13 62 6 14 0 12 5 43 0 3 0 3 2 2 3 6 0 10 2 6 1 3 1 3 1 1 5 1 2 3 4 77 1 0 10 3 5 0 4 5 1 5 1 3 2 5 12 30 5 11 4 5 0 5 4 0 1 0
628 TGG 2 5 6 1 2 4 5 2 0 0 8 10 4 1 9 3 0 1 1 4 2 0 2 1 6 2 22 2 1 2 2 1 5 1 5 4 2 9 6 2 5 9 12 1 3 8 5 1 2 6 73 6 1 0 6 2 138 9 371884 12 4 3 14 8
629 CTG 12 1 7 15 8 1 2 0 8 16 19 11 4 11 65 15 18 7 68 8 8 1 41 2 13 22 22 19 519 14 372284 29 4 4 8 2 9 6 10 4 6 2 1 1 0 5 5 2 3 2 1 1 4 2 11 4 1 3 3 8 22 0 212 1
630 CAA 101 7 6 4 14 4 7 2 6 8 10 9 2 4 5 0 379281 5 29 17 6 5 3 1 41 12 8 9 5 2 1 2 28 9 12 10 11 3 2 13 9 2 7 0 4 4 4 4 168 1 3 0 2 2 7 5 0 9 2 0 1 1 2 1
631 TGG 10 2 4 4 2 1 0 0 1 1 19 4 0 3 0 0 1 1 2 6 1 0 2 1 0 9 16 3 4 2 0 0 0 3 1 8 0 1 1 0 1 3 6 2 3 3 7 0 9 0 71 5 0 6 1 5 78 4 376878 19 1 6 30 1
632 GAT 3 3 22 139 17 34 19 31 10 12 5 47 8 2 20 7 1 6 4 11 1 1 3 3 9 1 4 5 6 9 0 1 27 34 28 378097 19 16 10 33 13 36 14 27 4 14 21 46 5 18 2 40 13 11 14 12 0 8 5 10 2 4 2 17
633 AAA 380078 26 74 32 3 10 12 5 96 2 19 5 14 3 0 6 22 8 2 5 1 0 1 3 10 3 16 16 8 1 0 4 42 8 6 4 10 29 15 7 7 7 9 5 8 4 3 4 5 4 0 8 5 9 7 3 0 0 3 1 18 11 16 3
634 GAA 92 0 2 1 12 9 13 9 2 1 2 9 16 12 12 16 26 31 6 15 4 3 1 6 0 3 2 0 4 19 8 14 373638 3 25 11 14 15 18 5 4 3 4 2 50 4 12 29 12 10 1 14 14 8 22 2 3 17 6 6 7 1 12 11
635 GTT 3 1 0 1 14 6 21 12 1 1 1 1 18 21 5 154 1 0 0 4 1 3 0 0 2 0 2 6 5 3 2 15 1 0 5 28 2 3 0 16 2 0 8 2 37 18 15 370599 2 1 0 9 0 0 0 6 2 2 1 1 16 1 5 13
636 AGC 16 215 6 19 8 13 11 20 53 375094 30 331 8 17 7 5 4 10 15 1 1 0 4 3 8 6 10 10 1 0 3 7 10 0 6 6 7 2 2 5 19 71 3 27 3 15 5 7 1 17 4 2 2 0 8 15 0 39 7 26 4 1 5 14
637 AAT 97 28 15 379882 3 19 5 9 2 6 5 18 0 4 6 24 4 1 7 7 3 3 3 0 10 4 6 12 7 1 2 2 3 4 2 17 2 4 10 1 7 11 6 7 6 8 8 0 4 4 1 13 15 3 5 17 6 7 4 8 6 12 11 3
638 TAC 1 53 3 1 0 0 7 0 1 7 2 2 2 0 0 3 0 63 0 13 1 2 0 1 3 1 3 1 1 0 0 4 0 4 0 2 5 4 3 4 1 0 1 1 5 7 4 8 21 370938 2 101 8 8 8 5 1 33 13 10 0 24 8 15
639 ACA 38 5 15 1 375761 14 49 18 3 15 8 7 68 2 0 2 0 1 2 0 7 0 0 0 15 2 15 6 5 4 3 1 4 2 4 7 35 6 7 0 0 2 2 0 4 1 1 3 1 7 1 7 6 0 1 2 0 0 0 3 2 3 1 3
640 CAG 3 10 58 14 1 12 0 0 0 0 0 3 1 0 4 1 65 17 374670 11 3 3 12 2 1 0 67 3 2 0 23 1 0 1 23 10 3 11 0 3 1 2 6 0 1 1 11 1 0 0 60 7 3 5 10 10 4 0 3 0 2 2 3 2
641 ATA 37 0 0 9 34 5 1 4 3 5 5 0 366598 20 37 2 3 4 3 7 0 0 0 0 2 2 0 7 4 4 0 2 4 0 12 1 16 3 0 6 0 5 4 5 7 5 12 11 0 5 4 3 1 4 5 2 0 1 0 6 5 8 2 4
642 ATA 44 2 2 1 15 5 0 1 1 1 1 5 368882 4 19 6 0 1 1 0 0 1 2 1 2 1 3 0 1 0 0 0 1 6 1 0 1 0 1 0 0 2 0 3 8 3 2 5 4 1 0 0 0 0 0 4 1 1 0 2 11 1 0 0
643 TAT 1 0 1 10 5 1 0 2 1 0 2 0 3 1 2 2 0 9 0 11 0 1 3 2 2 0 2 1 0 4 2 3 2 0 5 2 1 3 0 6 3 0 3 5 3 0 1 5 83 32 7 369657 1 1 3 1 2 3 16 9 2 8 4 28
644 ACT 5 6 3 39 53 39 17 326988 12 4 5 12 0 0 5 67 7 2 5 4 1 2 1 2 10 5 3 2 7 9 7 2 15 1 7 17 3 4 2 57 5 5 13 7 7 11 0 6 1 10 1 7 9 5 15 30 1 0 13 8 20 9 7 8
645 CTA 5 1 6 0 0 1 0 1 5 3 1 2 60 1 3 3 20 6 3 4 26 2 1 1 10 8 3 7 348601 7 36 14 6 0 3 0 9 5 0 4 0 4 0 0 2 7 2 2 0 2 0 0 6 1 0 6 3 1 4 3 91 2 0 4
646 ATT 0 2 0 6 0 0 0 6 2 1 0 0 19 18 18 341336 2 0 0 3 0 0 0 2 2 0 0 0 9 16 33 16 1 0 0 0 1 1 0 1 0 0 1 3 6 2 6 15 0 1 0 1 1 1 5 4 2 0 0 0 18 0 7 2
647 GAA 81 0 3 0 0 5 0 0 5 7 0 4 0 0 4 0 7 0 4 0 2 0 0 0 2 1 1 2 3 3 2 0 334856 19 102 34 5 3 1 0 59 3 10 6 7 5 0 1 8 6 0 2 6 6 0 4 7 0 9 0 0 6 0 6
648 GAA 85 4 0 5 8 8 0 6 0 1 7 9 17 3 0 12 1 3 1 6 2 0 0 0 0 3 1 3 3 6 1 8 325310 4 12 11 7 13 0 4 9 3 8 3 7 3 14 19 6 28 0 2 6 5 2 4 4 8 18 11 30 6 8 22
649 TCG 0 0 2 5 6 3 3 0 0 0 0 0 0 2 4 1 0 0 9 0 1 0 3 2 0 7 2 3 0 0 0 0 1 0 5 2 0 0 1 1 0 1 1 1 1 1 4 2 2 1 11 0 366 2 238080 6 0 1 4 2 1 1 51 7
650 CAG 0 11 7 5 0 1 0 0 6 1 8 0 0 2 1 0 144 1 302166 12 2 0 7 1 2 7 89 5 2 1 5 3 2 1 5 1 2 5 4 3 2 2 2 2 2 0 0 2 2 2 42 8 1 2 1 2 1 1 6 2 0 3 0 10
651 AAC 8 347194 2 59 1 9 2 7 4 21 7 0 2 6 5 5 1 0 1 0 2 0 4 4 0 2 2 0 0 5 4 6 5 12 10 4 8 3 1 5 2 2 3 5 2 3 6 2 0 2 0 1 0 6 1 1 1 0 6 0 2 3 2 6
652 CAG 0 1 11 2 0 0 0 0 0 0 1 0 0 0 0 0 124 2 106912 2 0 0 0 0 1 0 2 2 1 0 0 0 1 0 8 1 0 0 0 0 1 0 3 1 0 1 3 0 0 1 10 2 0 0 0 0 0 0 0 1 1 0 3 1
653 CAA 16 2 0 2 0 0 1 0 1 0 1 1 0 2 1 6 177030 1 2 0 0 0 1 0 10 0 1 0 5 1 0 2 2 0 0 0 2 1 3 1 1 0 1 0 2 0 1 0 85 0 0 1 1 0 3 0 0 0 1 0 1 1 4 1
654 GAA 336 0 1 2 0 1 1 0 1 0 0 4 0 0 0 0 7 0 1 0 1 0 1 0 1 0 0 0 6 0 1 1 245838 1 15 12 3 1 1 0 7 0 0 0 4 1 4 1 1 0 3 3 0 0 0 0 4 0 0 1 2 0 0 2
655 AAA 307063 1 5 4 0 1 3 5 2 0 1 0 11 4 2 17 1 4 0 11 1 0 0 0 2 3 3 3 2 2 7 3 13 0 2 2 0 1 3 3 1 1 1 2 1 2 5 13 3 5 1 5 3 1 1 0 0 1 7 1 15 1 2 8
656 AAT 51 11 6 309104 3 4 10 12 7 0 4 24 5 0 2 60 4 6 4 6 0 0 0 0 0 0 0 5 8 2 5 3 8 4 4 31 2 0 2 0 3 0 0 1 9 0 9 1 1 1 0 14 4 2 1 1 0 0 1 4 8 0 1 1
657 GAA 114 1 1 7 2 3 4 4 7 2 2 10 11 2 3 4 7 2 9 0 0 1 0 0 1 0 0 6 4 0 4 9 331695 0 13 7 9 5 1 5 24 2 4 6 7 1 3 4 7 6 0 11 3 0 3 4 15 0 8 3 8 0 5 11
658 CAA 34 8 5 6 8 0 1 9 6 2 4 2 12 7 24 5 218459 11 23 28 3 0 6 1 17 2 1 6 24 11 49 17 12 0 0 0 2 1 7 2 2 0 4 4 6 3 29 8 37 1 2 7 0 1 7 2 7 2 22 1 22 8 27 38
659 GAC 13 65 2 16 6 1 5 2 2 2 0 4 5 2 3 14 7 9 6 1 0 1 1 3 1 2 2 6 1 2 3 6 55 259117 25 51 5 1 0 2 1 9 1 3 9 14 6 9 2 7 2 1 0 3 1 7 0 1 0 0 6 0 10 2
660 TTA 8 2 0 3 2 0 1 0 2 0 2 1 48 1 12 10 7 1 0 0 2 0 0 0 2 0 0 0 26 0 0 6 18 2 2 1 1 0 0 3 4 2 2 3 1 0 3 0 9 1 0 3 28 0 2 0 6 0 2 3 324152 2 25 3
661 TTA 2 8 3 11 2 2 2 0 1 0 0 4 43 1 4 2 10 2 0 0 3 0 0 1 2 0 0 1 24 7 3 6 5 0 1 0 2 1 2 1 0 0 3 0 3 1 0 1 16 5 2 29 7 1 0 0 5 1 6 2 332397 5 58 26
662 GCA 13 0 6 2 98 2 5 4 1 6 10 6 3 5 3 8 5 0 10 4 9 0 3 2 2 1 9 3 4 2 0 4 30 1 3 1 334982 4 32 34 15 4 8 5 92 0 9 11 3 0 1 4 34 1 4 4 2 3 3 4 2 0 11 2
663 TTG 3 3 2 12 6 0 4 3 1 4 4 5 2 3 27 6 7 1 5 4 3 0 1 0 3 0 1 0 2 0 32 17 0 10 1 15 1 2 4 3 5 3 5 0 2 4 8 2 1 4 6 7 1 2 29 7 3 2 29 5 124 22 274611 29
664 GAC 3 148 0 3 9 8 2 5 2 1 2 8 1 5 0 2 11 9 1 0 6 2 0 0 3 2 0 2 0 1 1 0 114 353353 12 80 3 12 2 3 9 89 31 36 5 4 3 5 2 8 0 0 12 13 2 2 1 0 6 0 6 0 0 5
665 AAG 105 13 369652 14 15 2 14 7 3 7 85 7 8 1 24 11 7 4 3 7 0 1 2 0 3 5 10 4 2 0 3 1 6 0 97 0 2 5 9 0 4 2 9 1 6 2 5 2 0 4 7 9 2 5 5 10 1 2 3 5 1 5 0 3
666 TGG 3 3 2 4 0 0 0 1 2 0 17 1 2 2 2 0 0 1 1 0 0 0 0 3 0 2 12 2 0 0 4 3 0 2 3 1 0 0 0 0 1 1 2 5 0 0 4 2 0 1 60 1 1 0 0 0 28 0 337163 7 3 0 21 8
667 GCA 0 9 5 8 247 6 3 7 11 2 9 9 24 7 19 4 4 3 5 5 3 1 0 0 2 12 13 4 2 1 4 0 12 6 2 5 247026 11 36 21 10 5 4 8 349 1 18 11 1 3 1 18 3 3 2 9 0 7 11 13 1 11 4 2
668 AGT 3 12 2 87 9 3 3 2 3 20 1 312232 22 2 22 8 8 5 1 3 1 0 0 0 0 0 1 1 2 0 4 4 1 1 15 1 2 2 9 8 6 3 2 22 5 10 16 2 1 5 2 4 5 0 9 4 3 0 6 4 10 0 19 4
669 CTG 0 1 5 1 0 2 2 4 6 0 6 0 1 2 13 4 0 1 11 0 1 0 86 0 3 0 6 6 176 8 295451 11 4 1 4 3 1 0 0 1 2 3 0 5 3 6 3 5 0 3 11 3 0 0 1 0 2 0 1 2 16 2 50 1
670 TGG 1 1 0 5 2 0 2 5 8 9 12 9 18 13 16 10 0 1 4 1 2 0 0 0 0 0 84 1 8 0 4 6 1 9 5 3 6 1 10 5 11 4 14 15 0 2 25 10 0 9 37 6 1 0 8 0 61 10 359994 24 9 13 25 14
671 AAT 10 23 4 378442 24 11 11 9 0 5 4 21 5 1 6 6 7 3 4 2 1 2 4 2 6 5 4 5 1 10 2 1 6 4 4 6 2 2 14 2 4 11 14 6 2 3 16 5 8 8 3 1 12 4 6 6 2 5 6 5 0 0 5 2
672 TGG 4 2 4 2 3 0 3 0 0 2 7 3 6 2 0 5 3 4 10 1 3 2 0 2 1 5 9 2 4 2 3 4 1 0 1 2 1 2 1 0 2 0 22 4 0 0 1 2 3 3 53 1 1 5 4 3 56 2 361241 13 1 3 15 2
673 TTT 5 1 3 4 8 2 1 0 5 1 1 2 2 4 2 4 3 3 5 3 1 0 0 2 5 6 11 3 0 5 4 23 7 0 1 3 2 2 2 3 0 0 5 2 0 1 1 12 1 9 4 54 2 0 1 21 0 2 14 9 7 44 3 372303
674 AAC 56 374612 25 89 2 28 26 18 10 77 40 2 5 14 14 11 10 19 10 18 0 0 1 1 19 10 42 11 1 8 5 4 8 47 11 2 7 13 17 9 2 3 20 13 6 4 7 14 0 29 0 18 3 8 20 13 0 9 4 13 13 1 13 2
675 ATC 1 5 2 1 0 27 2 4 7 3 7 2 38 370427 4 70 2 2 0 2 0 0 0 3 2 2 3 3 7 35 5 12 3 8 0 0 0 1 0 3 0 1 8 5 4 14 1 3 1 4 1 0 1 2 2 2 3 1 10 6 13 18 12 2
676 TCA 3 2 1 3 55 8 3 24 1 2 2 26 15 15 19 7 0 2 0 3 60 0 3 1 0 3 1 5 5 1 0 6 2 2 3 1 18 2 2 4 3 6 14 8 29 17 17 24 11 2 0 1 372656 11 71 14 2 1 2 14 57 1 16 6
677 CAA 47 12 2 2 1 5 4 3 10 5 9 5 6 1 10 7 378804 8 78 5 2 1 0 0 62 9 9 23 8 7 15 13 5 2 5 0 3 0 0 6 4 2 0 2 3 5 2 4 59 2 0 8 1 2 7 10 3 4 6 9 9 9 13 4
678 TGG 0 0 0 0 0 0 0 0 0 0 2 0 0 0 4 0 5 0 0 2 0 0 0 0 1 0 7 0 1 0 0 0 0 0 1 4 1 0 0 0 0 3 4 3 0 0 0 0 0 3 40 2 0 0 1 0 118 2 373436 6 0 0 13 1
679 CTG 0 4 0 3 0 0 0 7 0 3 4 1 0 3 17 3 0 2 3 2 0 0 40 0 0 0 8 0 103 3 334490 7 0 0 1 1 0 0 0 1 0 0 0 4 0 0 5 0 0 1 2 0 1 1 3 1 0 1 0 2 5 0 116 1
680 TGG 1 0 1 4 0 1 0 5 3 0 6 0 2 0 2 4 2 0 0 4 0 0 0 2 0 0 16 1 2 1 1 2 0 0 1 0 0 0 4 0 4 0 3 1 3 0 1 0 1 5 39 1 1 0 6 0 101 13 351968 5 0 1 19 5
681 TAT 3 1 1 9 3 2 2 1 0 0 4 2 1 2 0 1 3 1 3 63 0 0 0 0 2 0 0 3 0 0 0 0 2 0 5 7 0 1 4 2 1 2 2 3 1 0 0 3 22 65 0 382058 1 0 2 4 4 0 0 10 4 4 1 8
682 ATA 13 7 0 6 52 14 8 13 0 1 2 5 382590 6 31 9 5 1 6 0 4 3 5 0 0 1 2 0 4 1 8 0 5 0 2 0 6 1 5 1 0 0 5 0 15 0 3 1 1 8 3 5 8 1 5 3 7 15 4 8 15 4 12 7
683 AAG 106 3 382489 10 0 1 3 3 30 1 45 1 3 0 11 2 2 2 22 0 4 1 0 8 9 10 8 29 0 4 0 2 0 4 16 1 3 1 2 7 0 2 3 1 2 0 2 2 0 8 4 9 2 1 1 2 2 1 10 1 3 2 7 7
684 ATA 26 4 0 5 32 1 2 5 6 2 5 4 381507 9 39 24 17 9 19 5 1 1 2 3 5 0 9 1 22 11 8 6 1 4 6 12 4 3 6 6 9 3 8 5 14 6 6 11 2 8 1 11 8 3 8 8 1 4 4 6 13 5 12 6
685 TTT 0 1 0 11 2 4 4 8 1 9 0 19 3 5 5 21 1 6 4 3 1 0 1 1 1 0 0 6 3 10 0 28 3 1 1 1 8 1 18 8 2 7 4 7 3 12 5 2 8 6 1 15 4 1 4 24 5 7 21 14 61 40 24 380963
686 ATA 35 32 3 29 42 7 13 12 8 7 3 7 381733 21 43 16 8 5 5 10 0 2 0 1 4 3 0 6 16 1 0 9 0 9 2 10 8 1 1 1 5 3 1 5 42 6 9 27 7 10 2 25 2 8 7 5 6 3 21 10 36 8 19 17
687 ATA 24 7 0 0 26 3 3 8 2 1 1 3 382731 14 33 6 5 0 2 4 0 0 0 4 0 0 4 1 9 9 6 9 6 3 0 1 1 1 2 3 2 2 4 1 32 0 14 7 0 1 3 2 8 2 6 0 0 1 0 6 24 5 13 2
688 ATA 11 3 2 0 23 4 0 3 4 3 3 0 382372 4 118 25 2 0 0 0 0 6 1 2 0 0 0 0 4 8 10 4 3 5 7 0 13 8 4 2 1 8 2 12 26 4 6 7 0 3 6 5 6 7 0 3 2 0 9 2 9 7 11 2
689 GTA 1 0 1 1 9 11 4 0 1 10 1 6 110 10 3 0 0 0 2 0 0 0 5 0 0 0 0 0 6 0 0 5 10 6 2 0 36 0 10 2 14 6 11 8 382546 18 138 19 0 7 0 1 1 6 0 2 1 7 10 2 13 3 4 1
690 GGA 2 8 1 7 9 10 4 0 46 1 0 6 3 3 6 1 7 4 1 2 9 0 4 4 1 0 0 2 6 3 4 6 95 0 0 0 13 1 7 2 381487 7 138 18 28 15 4 3 3 0 4 0 1 23 1 6 14 8 3 2 14 9 6 7
691 GGC 1 3 3 4 3 3 0 4 1 119 0 1 1 4 3 1 3 9 0 4 2 0 1 0 0 2 0 0 0 3 14 4 14 114 0 0 4 13 8 12 48 379823 5 81 3 12 3 0 0 1 0 7 1 3 11 1 3 30 1 2 0 0 7 5
692 TTA 7 0 2 3 9 7 2 2 0 11 6 27 63 6 11 9 5 5 10 10 5 7 0 17 8 5 10 5 51 3 3 9 3 1 2 7 9 4 4 2 2 8 14 5 21 6 10 9 30 8 0 4 142 1 5 4 1 9 4 9 381427 6 35 12
693 ATA 23 3 1 3 25 21 2 3 9 0 2 0 382575 4 151 21 6 8 12 5 1 0 2 0 0 0 2 0 8 6 2 3 2 2 4 0 7 19 10 12 9 1 26 9 23 6 8 7 0 1 0 1 0 8 15 6 1 28 6 8 18 27 8 18
694 GGA 0 8 3 8 6 7 8 7 70 11 0 11 11 2 1 7 5 3 12 6 9 4 10 7 0 6 1 2 6 4 0 10 67 0 6 2 23 2 20 11 381311 13 16 12 21 6 2 4 1 3 0 14 7 7 7 13 60 17 17 5 13 7 1 6
695 TTA 4 4 5 9 8 20 4 3 4 7 2 30 26 12 0 7 2 3 12 3 5 10 6 3 4 11 3 1 26 23 1 12 10 0 9 10 18 6 18 0 12 3 19 8 14 10 6 17 22 15 5 17 47 11 7 12 1 11 19 6 381934 8 78 21
696 AGA 104 10 6 8 3 9 0 11 381959 6 33 11 18 3 2 2 23 9 7 13 12 10 0 3 17 16 16 15 6 4 6 5 14 7 11 12 11 0 4 7 18 2 17 8 6 4 11 9 4 16 1 17 11 6 5 2 9 4 13 12 5 4 5 10
697 ATA 6 0 4 1 9 7 12 5 2 8 0 12 382431 42 51 30 1 0 5 0 4 2 5 5 0 2 0 1 13 10 10 24 2 2 2 2 6 11 19 1 9 5 6 9 18 11 14 12 2 1 0 2 10 3 8 4 2 6 15 35 18 21 22 7
698 GTT 7 9 2 6 13 9 5 3 2 2 10 10 8 6 17 107 3 3 8 20 7 8 8 2 1 3 2 1 10 5 3 4 6 0 0 3 7 6 23 27 15 18 38 22 15 46 30 382358 6 7 1 18 14 8 18 4 1 6 8 19 22 24 7 36
699 TTT 12 4 3 21 5 9 4 0 2 4 13 25 7 0 12 35 8 19 2 12 2 8 0 2 2 4 8 3 2 4 10 20 6 2 13 7 5 4 13 10 25 13 18 11 1 9 15 16 2 8 2 32 2 0 14 27 0 2 18 15 15 34 9 382360
700 GCA 8 10 0 1 214 9 2 0 1 8 3 5 3 6 5 4 7 6 4 18 3 6 1 5 2 5 10 0 1 14 4 8 26 3 5 11 381521 28 197 20 5 15 12 14 560 5 6 3 1 1 1 12 18 2 4 5 4 6 11 2 1 3 11 6
701 GTG 0 0 3 1 2 8 1 14 0 8 0 30 4 13 185 8 0 3 0 3 3 0 0 0 0 0 1 0 13 16 17 7 2 0 16 2 2 2 29 2 4 13 9 10 498 16 381945 20 3 0 4 2 9 5 14 6 0 21 5 13 4 18 19 5
702 CTT 26 1 5 15 2 16 16 8 4 2 14 1 7 7 4 49 12 6 4 19 7 8 4 61 21 2 19 19 29 38 19 382705 17 8 9 15 9 8 12 6 9 3 20 23 10 19 13 16 0 13 6 10 13 4 5 5 2 8 17 24 9 18 11 102
