#sample synonymous nonsynonymous stop_codon 1_nucleotide_mutation 2_nucleotide_mutations 3_nucleotide_mutations
mut-DNA 1  0.000164317 0.00143416 0.000121835 0.000608361 0.000583203 0.000528753
mut-DNA 2  0.000155375 0.0013129 0.000107196 0.000578759 0.000522703 0.000474011
mut-DNA 3  0.000159956 0.00138138 0.000122398 0.000604574 0.000554381 0.000504774
mut-virus 1  0.000246536 0.000970736 4.82937e-05 0.000793968 0.000256702 0.000214895
mut-virus 1 PGT151 1ug  0.000247584 0.000997936 4.48502e-05 0.000830375 0.000243713 0.000216282
mut-virus 2  0.000238515 0.000964966 4.39626e-05 0.000779168 0.000255791 0.000212485
mut-virus 2 PGT151 1ug  0.000258139 0.00107897 4.77061e-05 0.000849696 0.00029832 0.000236802
mut-virus 3  0.000241663 0.000935019 4.69868e-05 0.000784789 0.000239451 0.000199429
mut-virus 3 PGT151 1ug  0.000236838 0.000968274 4.9226e-05 0.0007816 0.000257136 0.000215601
wt-DNA  4.36427e-05 9.65693e-05 7.42521e-06 0.000145294 1.9693e-06 3.73567e-07
wt-virus 1  0.000140857 0.000383092 3.07294e-05 0.000543975 7.91191e-06 2.79158e-06
wt-virus 2  0.000136102 0.000379226 2.98922e-05 0.0005291 1.1185e-05 4.9352e-06
wt-virus 3  0.000131063 0.000356273 2.79314e-05 0.00050245 8.72033e-06 4.09661e-06
