# POSITION WT AAA AAC AAG AAT ACA ACC ACG ACT AGA AGC AGG AGT ATA ATC ATG ATT CAA CAC CAG CAT CCA CCC CCG CCT CGA CGC CGG CGT CTA CTC CTG CTT GAA GAC GAG GAT GCA GCC GCG GCT GGA GGC GGG GGT GTA GTC GTG GTT TAA TAC TAG TAT TCA TCC TCG TCT TGA TGC TGG TGT TTA TTC TTG TTT
31 GGA 0 1 1 0 0 1 0 0 38 1 0 0 0 0 0 0 4 0 1 0 0 0 2 0 0 0 0 0 0 0 0 0 22 0 0 0 1 0 0 0 82940 0 3 8 0 0 1 0 0 0 0 0 0 0 0 0 2 0 0 0 0 0 0 0
32 AAC 12 83226 0 13 1 3 0 0 4 7 2 1 0 0 0 0 1 2 0 2 0 1 0 0 1 1 0 1 0 0 0 0 1 9 0 1 3 2 3 0 0 2 0 2 0 0 0 1 1 1 1 0 3 0 2 0 0 2 0 0 0 3 0 0
33 TTG 2 3 0 0 0 0 0 0 0 0 0 0 0 1 1 1 2 0 1 0 0 0 0 2 0 0 2 0 0 0 11 0 3 0 0 0 0 0 0 0 0 0 1 0 3 0 1 3 0 3 1 0 0 0 29 0 2 0 0 0 10 2 83183 2
34 TGG 0 0 0 0 1 0 0 0 0 2 0 0 3 0 0 4 0 0 0 0 0 0 0 0 0 0 1 0 0 0 0 0 0 0 0 0 0 0 2 0 1 0 2 0 0 0 0 0 1 1 9 3 0 0 2 0 8 0 83264 1 0 2 8 1
35 GTT 0 0 0 0 0 2 1 2 0 0 0 0 0 2 4 25 4 1 0 0 0 0 0 0 1 0 0 0 0 0 0 0 0 0 0 1 0 0 1 5 0 0 0 1 7 8 4 82343 0 0 0 0 0 0 1 0 0 0 0 2 1 0 0 5
36 ACT 0 0 0 6 9 10 3 83174 0 0 0 0 0 0 0 15 0 0 0 0 0 0 0 0 2 0 0 0 0 0 0 0 0 0 2 0 0 1 0 7 0 0 0 0 0 0 0 0 5 0 0 0 1 0 2 0 0 0 0 0 0 0 0 0
37 GTC 2 0 1 1 0 0 0 0 0 0 0 1 1 65 0 0 0 0 0 0 0 0 0 0 0 0 0 0 0 4 0 0 0 2 0 0 0 6 5 0 1 1 0 2 13 83011 3 21 0 0 1 0 0 0 0 4 0 0 0 0 0 4 1 0
38 TAC 0 2 0 2 0 0 0 0 0 1 0 0 0 0 0 0 1 13 0 0 0 2 0 2 1 0 0 1 0 3 0 0 0 2 0 1 0 1 2 0 0 0 0 2 0 8 0 0 5 83054 2 15 0 2 2 0 2 3 0 1 0 6 1 2
39 TAT 0 0 0 2 0 0 0 0 0 0 0 1 0 0 0 0 0 0 0 12 1 1 0 3 0 0 1 1 0 1 0 0 0 0 0 3 0 0 2 0 2 1 0 0 2 0 0 0 7 8 0 83261 0 0 0 1 1 0 0 1 2 0 1 2
40 GGG 0 0 0 0 0 0 0 0 0 1 11 0 0 0 0 2 0 0 0 0 0 1 7 0 0 0 1 0 0 2 0 2 0 0 6 0 3 1 0 1 22 0 82427 3 0 0 2 0 0 0 0 0 0 0 0 0 0 1 2 2 0 0 0 0
41 GTG 0 0 0 0 0 0 1 0 0 0 0 0 2 3 23 1 0 0 0 0 0 0 1 0 0 0 2 0 0 0 0 1 0 0 1 0 0 0 1 0 0 2 1 0 65 7 82136 3 1 0 0 0 0 0 0 0 0 1 0 0 0 3 4 2
42 CCT 0 2 4 0 0 0 0 3 0 0 0 0 0 0 0 0 1 2 0 9 17 73 9 82179 0 1 4 2 0 0 0 10 0 0 2 3 0 0 4 0 0 0 0 0 1 0 0 0 0 0 0 0 1 0 0 65 0 0 0 0 0 0 0 0
43 GTG 0 1 3 5 0 0 0 0 1 0 0 1 3 1 32 3 0 0 3 0 0 0 2 0 1 0 1 0 0 0 3 0 0 0 2 1 0 1 6 1 0 0 0 3 36 5 82345 13 0 0 3 0 0 0 1 2 2 0 0 1 0 0 3 0
44 TGG 1 0 0 2 1 0 0 0 1 0 7 0 0 0 0 2 0 0 0 0 0 0 0 3 0 0 4 0 0 0 0 0 0 0 0 0 0 0 0 1 0 0 3 2 1 0 1 0 0 3 17 3 0 0 0 0 5 0 83091 2 2 1 3 2
45 AAG 48 1 81625 18 0 0 4 0 2 2 41 0 1 0 10 0 2 0 1 2 0 0 0 0 3 2 0 2 0 0 0 1 1 0 18 0 0 0 0 0 0 0 1 1 2 0 1 0 0 0 3 0 0 2 0 1 0 0 1 0 0 0 0 0
46 GAC 2 13 0 0 2 0 0 1 0 1 0 0 0 0 0 0 0 0 1 0 1 0 2 0 0 0 1 0 0 0 0 0 2 82568 1 24 4 2 2 0 0 15 1 0 0 1 0 0 1 2 0 1 0 2 2 0 0 0 0 0 0 0 0 0
47 GCA 0 0 3 0 147 1 0 1 0 1 0 0 0 1 0 0 0 0 1 0 0 0 0 0 2 0 0 0 0 0 0 0 3 1 0 0 81994 1 27 4 0 1 2 0 33 0 0 3 0 0 1 0 3 2 2 2 0 2 1 0 0 0 0 1
48 GAG 3 3 14 0 0 0 3 3 0 2 1 1 0 1 2 0 5 0 6 0 0 0 3 0 0 0 0 0 1 1 1 0 14 1 82390 5 0 1 5 0 1 0 12 1 3 1 3 0 2 0 0 1 0 0 1 0 0 6 3 1 0 3 0 2
49 ACC 0 3 0 0 8 81864 0 18 0 0 0 0 2 9 0 2 0 0 0 0 4 2 0 0 1 0 0 0 0 0 0 0 0 0 0 2 0 7 0 3 0 0 0 0 0 1 1 1 1 1 0 1 0 3 0 0 0 1 0 0 0 0 0 0
50 ACT 1 2 0 3 1 9 2 81768 0 1 2 3 0 2 0 18 2 1 0 0 0 1 0 2 3 0 0 0 0 0 0 1 0 1 1 1 1 0 3 3 0 0 0 1 0 0 1 1 0 0 0 1 2 0 3 1 0 0 0 0 2 3 0 0
51 CTA 2 0 0 1 0 0 0 0 0 0 0 0 5 0 0 0 0 0 0 0 7 0 0 0 0 0 0 0 82794 1 3 2 0 0 0 1 0 0 0 0 0 0 0 0 0 0 0 0 0 0 0 0 0 0 0 0 0 0 0 0 12 0 0 0
52 TTC 0 0 0 0 0 0 0 0 1 0 0 0 0 2 0 0 0 0 0 0 0 0 0 0 0 0 0 0 0 4 0 0 1 0 0 0 0 0 0 0 2 0 0 0 0 3 0 0 0 5 0 0 0 0 0 0 0 0 0 0 4 83180 0 24
53 TGT 0 0 0 0 0 3 0 0 0 0 0 9 0 0 0 0 2 0 0 0 1 0 0 0 2 0 0 13 0 0 0 0 0 0 0 0 0 0 4 0 0 0 0 0 0 0 0 0 0 0 0 20 0 0 0 0 3 17 0 82147 0 0 0 0
54 GCA 0 0 0 0 82 1 2 0 0 0 0 0 0 0 1 1 0 0 0 0 0 1 0 0 0 0 0 0 0 0 2 0 0 2 0 0 82517 0 4 0 0 0 0 0 56 0 0 0 0 0 0 0 0 0 1 0 0 0 0 0 0 0 0 0
55 TCA 0 0 0 0 1 0 0 0 0 0 0 0 0 0 0 0 1 0 0 1 5 0 0 0 0 0 0 0 0 0 0 0 0 0 0 0 2 2 0 0 1 0 0 0 0 1 3 0 0 0 0 0 82710 2 46 5 0 3 0 2 10 0 0 0
56 GAT 0 0 0 9 0 0 0 0 0 0 0 0 0 0 0 0 0 0 0 0 0 0 0 0 0 0 0 0 0 0 0 0 0 2 1 82590 0 0 0 0 0 0 1 2 0 0 0 0 0 0 0 89 0 0 0 0 0 0 0 0 0 0 0 0
57 GCT 0 0 0 0 0 3 0 51 0 0 0 0 0 0 0 0 0 0 0 0 0 0 0 0 2 0 0 0 3 0 0 0 0 0 0 7 0 9 1 80611 0 0 0 0 0 0 0 16 0 1 0 0 0 0 0 1 0 0 0 0 0 0 1 0
58 AAA 82770 0 2 0 0 0 0 0 3 0 0 0 0 0 0 0 0 0 0 0 0 0 0 0 0 0 0 0 0 0 0 0 1 0 0 0 0 0 0 0 0 0 0 0 0 0 0 0 0 0 0 0 0 0 0 0 0 0 0 0 82 0 0 0
59 GCA 0 0 0 0 41 0 0 0 0 0 0 0 0 0 0 0 0 1 0 0 0 0 0 0 0 0 0 0 0 0 0 0 4 0 0 0 81424 2 2 0 0 0 0 1 31 0 0 0 0 0 0 0 3 0 1 0 0 0 0 0 0 1 0 0
60 TAT 0 0 0 0 0 0 0 0 0 0 0 0 0 0 0 0 0 0 0 9 0 0 2 0 0 0 2 0 0 0 0 0 0 0 0 0 0 0 0 0 0 0 1 0 0 0 0 0 6 6 2 82510 0 0 0 88 0 0 0 19 0 0 2 0
61 GAT 1 0 0 4 5 0 2 0 0 0 1 0 0 0 0 0 0 0 0 0 3 0 0 0 0 0 3 0 0 0 0 0 1 4 0 82048 0 1 1 2 0 1 0 4 0 0 0 0 0 0 0 6 0 0 1 0 0 0 1 0 0 1 0 0
62 GCA 0 3 1 0 45 2 0 0 4 0 0 0 0 0 0 0 4 0 0 0 1 1 0 2 2 1 0 0 0 0 0 0 2 7 0 0 81963 1 42 3 3 0 0 0 73 0 0 0 0 0 0 0 3 0 0 1 0 0 0 0 0 1 0 0
63 GAA 14 0 0 1 1 3 0 0 0 0 0 0 0 0 0 0 3 1 0 0 0 1 0 0 0 3 0 4 0 0 0 0 80919 0 7 2 1 0 0 0 2 0 0 0 0 0 0 0 4 4 0 0 1 2 1 0 0 0 0 0 0 0 0 2
64 GTG 1 4 0 0 2 0 2 0 1 0 0 2 0 4 15 0 0 0 0 0 1 3 0 0 0 0 0 1 0 0 0 0 0 0 1 0 0 1 6 0 0 0 0 0 72 1 74055 5 0 0 0 0 1 0 0 0 0 2 1 0 0 1 2 0
65 CAT 0 0 0 1 0 0 0 1 0 0 0 0 0 0 0 0 0 6 1 77743 1 0 0 0 0 0 0 1 2 2 0 5 0 0 0 0 3 0 0 0 1 0 1 0 0 0 1 0 0 1 0 38 0 0 0 0 0 0 0 0 2 0 0 0
66 AAT 3 4 0 81049 1 2 0 0 0 0 0 5 0 0 0 1 0 0 0 1 0 0 0 0 0 0 0 0 0 0 0 0 0 0 0 7 0 0 0 0 0 0 2 0 0 0 0 0 0 1 0 0 0 3 0 0 0 0 0 0 0 0 0 0
67 ATC 1 3 0 0 0 2 0 1 0 0 0 0 12 75253 0 10 0 1 0 0 0 0 0 0 0 1 0 0 0 2 0 2 0 0 0 0 0 0 0 0 0 2 0 0 0 0 0 0 1 4 0 0 0 0 0 0 0 0 0 0 1 2 0 0
68 TGG 0 0 0 0 0 0 0 0 0 0 4 0 0 0 0 0 0 1 0 0 0 0 0 0 0 0 2 0 0 1 0 0 0 0 0 0 0 0 0 2 0 0 1 0 0 0 0 0 0 0 3 0 2 0 0 0 18 0 71888 4 0 0 3 0
69 GCT 0 0 0 0 0 0 0 27 0 0 0 0 0 1 1 0 0 4 0 0 0 0 1 2 0 0 0 0 0 0 0 0 0 0 0 2 3 4 3 53614 0 0 1 0 0 0 0 13 1 0 0 0 0 0 0 1 0 0 0 0 0 0 0 0
70 ACA 4 0 0 0 80648 0 14 2 0 0 0 0 36 0 0 0 0 0 0 0 0 0 0 0 0 2 0 3 0 0 0 0 0 2 1 0 7 1 0 3 0 0 0 0 2 0 0 0 1 1 0 0 0 2 0 1 0 0 0 0 0 0 0 0
71 CAT 0 3 0 2 3 0 0 0 0 0 0 0 1 0 0 0 8 10 0 79966 0 0 0 0 0 0 0 6 0 0 0 0 0 0 0 1 0 0 0 0 0 0 0 0 0 0 0 0 2 1 0 23 0 0 0 0 0 1 0 0 0 0 0 0
72 GCC 0 2 0 1 1 24 2 0 1 0 0 0 0 0 0 0 0 0 0 0 0 1 0 1 0 0 0 0 0 1 0 0 0 4 0 0 14 50978 0 7 0 0 1 0 0 27 0 2 0 0 0 0 0 6 2 0 0 0 0 0 1 0 0 0
73 TGT 0 0 0 0 0 2 0 0 0 0 0 3 0 0 0 0 1 2 1 0 0 0 0 0 0 0 0 37 0 0 0 0 0 0 0 0 0 0 0 3 1 0 0 2 0 0 0 0 0 1 0 23 1 0 0 0 1 4 1 68237 0 4 0 0
74 GTA 0 0 0 0 2 0 0 0 0 0 0 0 35 0 0 0 1 0 0 0 0 0 0 0 0 0 0 0 3 0 2 1 2 2 0 1 11 0 0 1 4 0 0 0 77031 0 19 4 0 0 0 0 0 4 1 1 0 0 0 0 1 1 1 3
75 CCT 1 0 0 1 0 1 0 2 0 0 0 1 0 0 0 0 1 0 0 12 5 18 5 71627 0 0 0 1 2 0 1 5 0 0 0 1 0 1 2 1 0 0 0 0 0 0 1 0 1 0 0 0 0 0 0 21 2 0 0 0 0 0 0 3
76 ACA 2 1 0 3 73162 6 32 8 0 2 0 2 23 0 3 0 2 5 0 0 1 4 0 2 1 0 1 3 1 4 2 2 2 2 0 2 5 1 0 1 0 0 0 1 2 0 3 0 0 0 0 3 0 1 0 0 0 0 0 1 2 1 0 5
77 GAC 0 9 3 0 0 0 0 0 0 0 0 0 0 1 1 0 0 5 0 0 0 1 0 0 0 0 0 0 0 0 3 0 9 62987 4 12 0 0 0 0 0 6 0 0 0 5 0 0 0 2 0 0 0 0 0 0 0 0 0 0 0 0 0 0
78 CCC 0 3 0 0 0 18 0 0 0 0 2 0 1 0 0 0 3 12 0 0 23 40953 0 4 0 0 0 0 0 11 1 0 0 0 1 0 0 1 0 0 0 0 0 0 0 0 0 0 0 1 0 0 0 9 0 0 0 0 0 0 0 0 0 0
79 AAC 2 70539 0 23 0 14 0 1 0 7 0 2 3 0 2 1 1 1 2 0 0 0 0 0 0 0 1 1 0 0 2 0 2 11 0 0 0 3 0 1 1 0 1 0 0 0 0 0 1 6 0 0 2 0 0 2 0 1 0 0 1 0 1 3
80 CCA 1 4 2 0 7 2 0 0 0 2 0 0 1 0 1 0 14 17 1 7 74109 9 3 2 0 1 0 0 6 3 2 0 3 0 1 1 1 1 5 2 0 0 0 0 0 1 3 1 0 1 0 1 6 2 0 4 1 0 0 1 0 0 0 0
81 CAA 8 2 15 4 2 2 0 4 1 2 2 1 0 4 1 4 53961 4 6 2 3 6 0 1 9 1 1 0 1 2 0 7 2 0 0 8 3 1 0 1 0 0 0 1 1 0 1 0 5 0 0 0 3 0 3 1 0 0 0 0 1 1 0 0
82 GAA 4 0 0 0 0 0 0 0 1 0 0 0 0 0 0 0 0 0 0 0 0 0 0 0 0 0 0 0 0 0 0 0 37674 1 3 1 0 0 0 0 0 0 0 0 0 0 1 0 1 0 0 0 0 0 0 0 0 0 0 0 0 0 0 0
83 ATA 3 0 1 1 0 0 1 0 2 0 0 1 35764 0 3 1 1 0 0 2 0 0 0 0 0 1 0 0 0 0 0 0 0 0 1 1 0 0 0 0 0 0 0 0 1 0 0 3 1 0 0 4 0 0 1 0 0 1 0 0 2 0 1 0
84 AAT 9 2 0 46430 0 0 0 1 0 0 0 1 0 0 0 0 0 0 0 0 0 0 0 0 0 0 0 0 0 0 0 1 0 0 0 0 0 0 0 0 0 0 0 0 0 0 0 0 0 0 0 0 0 0 0 0 0 0 0 0 0 0 0 1
85 TTG 2 0 1 1 0 0 0 3 1 0 0 0 2 0 4 0 0 0 0 0 0 0 0 0 0 0 0 0 2 1 2 0 0 1 0 0 0 0 0 0 0 0 0 0 1 0 1 0 0 0 3 0 0 0 1 0 0 0 3 1 2 0 17897 6
86 GAA 19 2 2 0 0 0 0 0 1 0 3 0 1 1 0 0 3 0 1 0 0 0 0 0 1 0 1 1 0 0 0 0 66839 3 3 0 1 0 0 0 52 0 0 0 2 2 0 2 4 1 0 0 0 0 0 0 0 1 0 0 0 0 1 0
87 AAT 8 0 0 56233 0 0 0 0 1 0 1 1 4 0 1 1 1 2 0 0 0 0 0 0 0 1 0 0 0 0 0 0 0 0 0 3 0 0 0 0 0 1 0 0 0 0 0 0 1 0 0 1 0 0 0 0 0 0 0 0 0 1 0 0
88 GTG 0 1 0 3 0 1 0 0 0 0 0 0 0 0 12 1 0 1 0 0 0 0 0 0 0 0 0 3 0 0 2 0 0 0 0 0 3 1 4 0 0 0 2 0 9 0 72056 4 1 0 0 0 0 0 0 0 1 0 1 3 0 0 1 0
89 ACA 7 0 1 1 70818 6 8 2 1 0 0 0 16 0 0 0 1 6 1 0 0 0 0 0 0 0 0 1 3 0 0 0 2 0 0 0 18 0 1 0 0 0 0 0 0 1 0 0 0 0 0 1 2 0 0 0 0 0 0 0 0 1 1 0
90 GAA 24 0 0 0 0 0 0 4 0 0 0 0 0 1 0 0 0 0 0 0 0 0 0 0 0 0 0 0 1 0 0 0 68699 3 7 4 1 0 0 1 2 1 0 0 0 0 0 3 3 0 1 0 0 1 1 0 0 0 0 2 0 0 0 1
91 GAG 0 0 14 5 0 2 0 0 2 0 0 0 0 0 0 0 0 0 6 0 1 0 0 0 2 0 0 2 2 1 0 0 35 1 68911 6 2 1 0 0 0 0 0 1 0 0 0 0 1 0 1 1 1 2 0 0 0 0 0 1 0 0 0 0
92 TTT 0 0 0 0 0 0 0 0 2 0 0 0 0 0 0 0 0 0 0 0 0 0 0 0 0 0 0 0 0 0 0 5 0 0 0 0 0 0 0 0 0 0 0 0 1 1 1 0 0 0 0 9 0 0 0 3 0 0 0 2 1 6 0 61720
93 AAC 4 75079 0 16 0 1 0 0 0 29 0 3 0 0 2 0 0 1 0 0 1 0 0 0 0 0 0 0 0 0 0 0 1 6 1 1 0 0 0 0 0 0 0 1 0 0 0 0 2 5 0 0 0 0 0 0 0 0 0 0 0 0 0 0
94 ATG 0 0 0 0 1 0 8 0 0 0 2 0 24 3 79003 3 0 1 0 1 0 0 0 0 0 0 0 0 0 1 1 0 0 0 1 0 1 0 0 0 1 3 1 0 0 0 10 0 0 0 0 0 2 0 0 1 0 0 0 0 0 0 1 0
95 TGG 0 0 1 1 0 2 0 0 0 1 4 0 0 0 0 0 0 1 0 0 1 0 0 0 0 0 6 0 0 0 0 0 0 0 0 0 0 0 0 0 0 0 1 0 0 0 0 0 0 1 8 1 0 0 0 0 23 4 67474 0 0 0 1 1
96 AAA 82076 2 1 0 1 0 0 0 6 0 0 1 1 1 0 0 0 0 0 2 0 0 0 0 0 0 0 1 0 0 0 0 13 0 0 0 1 0 0 0 3 1 0 0 0 0 0 0 0 0 0 0 0 0 0 0 1 0 0 0 0 0 0 0
97 AAT 0 7 0 81724 1 6 2 1 0 1 0 4 0 0 0 19 3 0 0 3 0 0 0 0 3 0 0 2 2 0 1 1 0 0 2 3 0 0 0 0 0 0 0 0 0 0 0 0 0 0 0 0 4 1 3 2 0 0 0 0 0 0 0 0
98 AAC 4 80537 2 26 4 4 0 1 2 19 2 1 2 3 2 0 1 0 1 0 0 1 0 3 0 0 0 0 0 0 0 0 0 17 0 0 5 0 3 1 0 1 0 0 0 0 0 3 1 2 0 0 0 0 2 0 0 0 0 0 0 0 2 0
99 ATG 3 0 3 0 0 0 1 0 0 1 1 1 33 0 74050 7 0 0 0 0 0 0 0 0 0 0 0 0 3 1 0 4 0 0 0 0 0 0 0 0 0 1 0 0 0 0 21 0 1 0 2 0 0 2 0 1 0 0 0 0 0 0 0 0
100 GTA 0 0 0 0 0 0 1 0 0 0 0 0 22 0 2 1 0 0 0 0 0 0 0 0 0 0 0 0 1 0 0 0 2 0 0 0 7 0 0 0 0 0 0 0 77168 2 15 2 0 0 0 0 0 0 0 0 0 0 0 0 6 2 0 0
101 GAA 25 0 0 0 0 1 1 0 0 0 2 0 0 0 2 0 0 2 0 0 0 2 0 0 0 0 0 0 0 0 0 0 80531 1 10 0 0 2 1 0 1 0 2 0 0 0 2 0 3 0 0 0 0 1 1 1 0 0 0 1 0 1 0 1
102 CAG 0 3 6 2 0 1 1 0 1 0 2 0 0 1 0 2 35 4 82427 3 0 0 0 0 3 0 10 0 1 2 1 0 0 0 0 0 0 0 0 2 0 0 0 0 1 0 0 0 1 0 16 2 1 0 0 0 1 0 0 0 0 0 0 0
103 ATG 0 0 1 0 1 0 3 0 0 0 0 0 29 0 82375 4 0 0 0 0 0 0 0 1 0 0 0 0 0 0 0 2 0 0 0 0 0 0 1 0 0 0 0 2 0 0 2 0 0 1 0 0 0 2 0 0 0 0 0 2 0 0 2 3
104 CAT 0 0 0 6 0 2 0 1 0 1 0 1 0 0 0 0 8 5 2 81452 1 2 0 0 0 0 0 1 0 0 0 0 2 1 1 5 1 0 6 0 0 0 0 0 0 0 0 0 0 0 0 28 0 0 1 1 0 0 0 0 0 0 1 0
105 ACA 15 0 3 3 82750 4 33 7 4 0 1 1 34 0 5 4 0 5 0 0 2 1 0 0 0 1 0 0 0 2 0 1 1 0 2 1 27 3 1 0 0 0 0 0 1 1 1 0 0 2 0 0 1 1 2 0 0 0 2 2 0 0 0 3
106 GAT 0 0 0 24 0 0 0 3 0 0 0 0 4 0 0 0 0 0 0 1 0 0 0 2 0 0 0 1 0 2 0 0 4 7 1 82509 0 0 0 0 1 1 0 1 0 5 0 0 0 0 1 2 0 0 0 0 0 0 3 0 0 0 0 0
107 ATA 1 0 0 0 2 2 2 0 3 0 0 0 82755 0 9 2 2 2 0 0 0 0 1 1 0 0 2 0 0 0 0 0 0 1 0 2 1 0 3 0 0 0 0 0 15 0 2 0 0 0 0 0 0 1 0 1 1 0 0 1 0 0 1 0
108 ATC 0 9 0 0 3 4 1 3 3 2 0 0 7 82063 0 21 1 0 0 0 0 0 0 0 1 0 0 0 1 3 0 0 0 0 0 0 1 0 0 0 0 0 0 0 3 10 0 0 0 0 3 0 0 2 0 0 1 0 0 0 1 0 0 1
109 AGC 1 25 0 3 0 6 1 0 6 81282 1 44 0 2 0 0 0 0 3 0 2 0 1 0 1 1 2 0 2 0 0 0 1 1 3 2 0 2 3 6 2 22 0 0 0 0 0 2 0 0 1 0 7 0 0 0 0 1 0 0 0 3 1 0
110 CTA 0 0 0 0 0 1 0 0 0 0 0 1 9 2 2 2 2 1 0 0 25 0 0 0 2 0 0 0 82906 2 2 1 0 0 0 1 0 1 1 0 0 0 1 0 1 0 0 3 0 0 0 0 0 0 0 0 0 0 0 0 15 0 0 0
111 TGG 0 0 0 0 2 3 2 0 0 0 1 0 0 0 5 0 0 2 0 0 0 0 0 0 0 0 2 0 0 0 3 0 0 0 0 0 0 0 0 0 0 0 0 0 0 0 0 0 2 0 15 0 5 0 0 0 15 0 82426 5 0 0 6 0
112 GAC 0 11 0 0 0 1 1 1 0 1 0 0 0 0 4 0 0 3 1 0 0 0 0 0 0 0 1 0 0 0 0 0 10 82819 2 21 0 0 0 0 2 6 0 0 0 3 0 1 0 2 2 0 0 2 0 0 1 0 0 0 0 0 0 0
113 CAA 5 0 0 0 2 1 0 2 0 1 0 0 0 0 0 0 82067 3 43 10 3 1 0 0 13 0 0 0 3 1 2 0 0 0 3 0 3 0 0 1 0 2 0 0 1 0 0 0 11 0 0 0 1 1 0 0 0 2 1 0 0 2 0 0
114 GGC 0 0 1 0 2 0 0 2 0 24 0 1 0 0 0 0 0 0 0 0 0 0 0 0 1 2 1 1 1 0 0 0 1 13 0 0 0 2 2 0 8 80797 1 17 0 3 0 0 0 0 0 0 0 0 0 0 1 18 0 0 0 0 0 0
115 CTA 0 2 0 5 0 1 0 0 0 0 0 0 17 0 0 1 2 2 0 0 12 0 0 0 1 0 0 0 82861 3 20 5 0 1 0 0 0 1 0 0 0 0 0 0 0 0 0 0 0 0 0 0 0 0 0 0 0 0 0 0 9 2 1 0
116 AAG 22 3 82951 11 0 0 5 0 0 2 3 1 1 0 1 1 1 0 5 0 0 0 0 0 0 0 0 0 0 0 0 0 0 0 1 0 1 0 0 0 1 0 1 0 4 0 1 2 0 0 0 1 0 0 2 0 0 0 1 0 0 0 4 1
117 CCA 0 0 0 2 5 0 2 0 0 0 0 0 0 2 0 0 8 1 0 0 81797 0 2 2 3 0 2 0 2 0 0 3 3 0 1 0 1 0 1 0 0 0 0 0 1 0 0 0 0 0 0 0 23 0 0 0 0 0 2 0 0 0 0 0
118 TGT 1 0 1 0 0 0 0 0 0 0 0 1 0 0 0 0 0 0 0 0 0 0 0 0 0 0 0 10 0 0 0 2 0 1 0 0 1 1 0 0 0 1 0 0 1 0 0 0 3 4 2 26 1 0 0 1 1 9 2 83072 0 0 1 4
119 GTA 2 0 0 0 8 3 1 2 0 0 0 0 26 0 0 2 0 0 0 1 0 0 0 0 0 0 0 0 3 3 5 0 0 0 0 1 13 1 4 0 0 1 0 0 83106 5 17 1 0 1 0 0 0 0 0 0 0 0 2 0 4 0 0 0
120 AAG 23 6 82342 6 0 2 6 0 7 1 6 1 0 0 4 0 0 6 2 4 0 0 0 0 0 1 0 2 4 0 1 3 0 0 4 0 0 0 0 0 0 0 0 0 1 0 0 1 0 0 0 0 0 2 0 0 0 0 0 0 1 0 1 0
121 TTA 0 0 1 0 0 6 0 0 0 0 0 0 4 0 1 0 0 0 2 3 0 0 0 0 0 1 0 0 12 0 1 4 0 0 0 0 0 0 0 0 0 0 0 0 0 0 0 0 1 0 0 0 3 0 0 0 1 0 1 2 82802 0 14 0
122 ACC 0 4 0 0 0 82340 1 5 0 1 0 0 0 12 0 0 1 0 0 3 0 0 0 1 0 0 0 0 0 0 0 0 0 1 0 0 0 7 0 3 0 0 0 0 2 0 0 0 0 0 0 0 0 3 0 0 0 0 0 1 0 1 0 0
123 CCT 0 0 1 0 0 0 0 7 0 0 0 0 0 0 0 0 1 0 0 5 2 21 1 83153 0 0 0 0 0 0 1 8 0 0 0 1 5 3 0 0 0 0 0 0 1 0 0 0 0 0 0 0 0 1 0 3 0 0 0 2 0 0 0 0
124 CTC 0 0 0 0 1 0 0 0 0 0 0 0 3 2 0 0 0 3 0 0 0 4 2 1 0 1 1 0 8 82941 0 18 3 0 0 0 1 0 0 0 0 0 0 0 1 0 0 0 2 0 0 0 0 0 1 0 0 0 0 0 2 8 0 0
125 TGT 2 0 0 0 0 0 0 0 0 0 0 4 0 3 0 4 1 0 0 0 0 0 0 0 0 0 0 29 0 0 0 0 0 0 0 0 0 1 0 0 0 0 0 0 0 0 0 2 0 0 0 12 0 3 0 0 2 20 4 82977 0 0 0 1
126 GTT 0 0 0 0 0 0 0 2 2 0 0 0 0 0 0 19 0 0 0 0 0 1 0 0 0 0 2 0 0 1 0 0 0 0 0 2 0 1 0 9 0 0 3 0 3 12 4 83083 0 0 0 0 0 0 0 0 0 0 0 0 0 0 0 3
127 ACT 2 2 0 3 6 12 4 83137 0 0 0 0 0 0 0 24 0 0 0 0 0 3 0 2 0 0 0 2 0 1 0 0 0 1 0 0 0 0 0 0 0 0 0 1 2 0 1 0 0 1 1 0 0 0 0 2 0 0 0 0 0 0 0 0
128 TTA 0 0 0 0 0 0 0 0 0 0 0 0 1 0 0 0 0 0 0 0 0 1 1 3 5 0 1 0 12 2 0 0 0 0 0 0 0 0 1 4 0 0 0 0 0 0 0 1 0 0 0 0 2 0 0 0 1 0 0 0 83183 0 19 0
129 GAT 0 0 0 18 2 2 0 0 0 0 0 1 0 0 0 0 4 0 0 0 0 3 0 0 1 0 0 0 0 0 0 0 2 5 0 83188 0 0 0 1 0 0 0 2 0 0 0 1 0 0 0 3 0 0 1 0 0 0 0 0 0 0 0 0
130 TGC 2 1 0 0 0 0 0 1 0 6 0 0 0 0 0 0 0 0 0 0 1 0 0 0 0 1 0 0 0 0 0 0 0 0 0 0 0 0 0 0 0 0 0 0 0 0 0 1 3 50 0 0 0 1 0 0 6 83046 3 57 0 4 0 0
131 CAT 2 2 2 9 0 0 4 0 0 1 0 1 1 1 0 2 0 10 0 83140 1 0 0 0 2 2 2 3 0 0 0 0 3 1 0 1 0 1 0 0 0 0 4 4 1 0 1 0 0 0 0 6 1 1 0 0 0 0 0 0 0 0 0 2
132 AAT 4 8 0 83252 3 4 0 2 0 0 0 6 0 0 0 1 5 1 3 3 4 2 0 1 1 1 0 4 0 0 2 0 0 0 0 12 1 0 0 0 2 0 0 0 5 0 0 1 0 0 0 1 2 0 3 1 2 0 0 0 2 0 2 0
133 GTC 0 0 0 0 0 5 1 0 0 0 0 0 0 29 3 0 0 0 0 0 0 2 1 0 0 0 0 0 0 9 0 0 0 1 0 1 0 3 0 0 0 1 0 0 4 83196 0 14 1 0 0 1 0 0 0 0 0 0 0 0 0 6 0 0
134 ACC 1 8 1 2 20 83148 0 6 2 3 0 0 2 8 0 1 2 2 0 0 1 7 1 0 5 1 2 0 2 5 0 0 4 5 0 0 1 5 7 0 1 2 1 2 0 5 0 0 0 0 0 3 2 3 0 0 0 0 0 0 0 0 2 0
135 TAT 0 3 0 4 0 0 0 0 0 0 0 0 0 0 0 2 0 0 0 22 5 0 0 0 0 0 0 0 0 0 0 0 0 0 0 1 0 0 0 0 0 0 0 0 0 0 0 0 4 7 0 83202 0 0 0 0 0 0 0 1 0 0 0 0
136 AAT 15 10 2 83136 3 0 2 2 0 0 0 4 3 0 0 6 0 0 0 4 1 0 3 2 0 3 5 0 0 0 0 0 0 0 0 12 0 0 0 1 0 0 0 0 0 0 0 0 0 0 0 1 0 0 2 0 0 0 0 0 0 0 0 0
137 ATC 0 6 0 0 0 12 0 0 0 0 0 1 9 83096 0 11 0 3 0 0 0 0 0 0 0 0 0 0 0 3 0 0 0 0 0 0 0 0 1 0 0 0 0 0 0 3 0 0 0 0 0 0 0 0 0 0 0 0 0 0 0 4 0 0
138 ACC 2 16 0 0 17 83173 1 23 0 1 0 0 0 16 0 0 0 0 0 0 0 0 0 0 0 0 0 0 0 0 0 0 0 0 0 0 0 5 0 0 0 0 0 2 0 0 0 0 0 0 0 0 0 1 0 0 0 0 0 0 0 1 0 0
139 AGT 2 0 0 21 0 1 0 0 5 6 0 83180 2 0 0 4 0 1 0 0 7 2 0 0 0 0 0 0 0 3 0 4 0 0 0 0 1 0 0 0 0 0 1 14 0 0 0 0 2 0 0 0 3 0 0 0 0 0 1 1 0 0 0 0
140 GAC 3 15 1 2 0 0 0 0 0 0 0 1 1 1 0 0 2 2 0 2 0 6 0 0 2 2 1 2 0 0 0 0 5 68090 0 14 3 1 0 0 0 14 2 0 0 4 0 0 1 10 3 0 0 1 0 1 1 0 0 0 0 0 0 1
141 ATG 0 0 1 1 1 0 5 0 0 0 1 0 19 3 67975 3 1 1 0 4 0 0 0 0 0 0 0 2 0 0 1 3 1 0 0 0 2 2 0 0 3 0 0 1 0 1 15 0 0 0 1 2 0 0 3 0 0 0 1 0 0 0 0 0
142 AAG 20 4 68025 14 0 0 1 1 2 1 20 3 0 0 9 3 0 2 0 1 0 1 1 0 1 1 0 1 0 2 0 0 0 0 19 0 0 0 0 0 0 0 0 2 0 0 1 1 1 0 5 0 0 0 0 0 1 0 1 0 0 0 0 0
143 GAA 20 5 0 1 1 0 0 0 5 1 0 0 0 3 0 0 4 1 0 2 0 9 0 1 0 4 0 2 0 1 0 0 68050 2 7 6 1 0 0 1 14 0 0 0 2 0 0 1 2 0 0 0 3 1 2 0 5 0 0 0 6 2 3 2
144 GAA 24 0 0 0 1 0 0 2 0 0 1 0 0 0 0 0 0 0 0 0 0 0 1 0 0 0 0 0 0 0 0 0 68144 0 2 0 1 0 0 3 1 0 0 0 0 0 2 0 4 0 0 1 1 0 0 2 0 0 1 0 0 1 0 0
145 ATA 0 0 0 0 2 0 0 0 1 0 0 0 68068 1 14 1 0 0 0 0 0 0 0 0 0 0 0 0 1 0 0 1 0 0 0 0 1 0 0 0 0 0 0 0 6 0 0 1 0 2 2 0 0 0 0 0 0 0 0 0 0 0 0 0
146 ACA 5 0 0 2 68114 4 2 3 0 0 0 0 7 0 1 0 0 0 0 0 0 0 3 0 0 0 1 0 0 0 0 0 0 0 0 0 5 0 0 0 1 0 0 0 0 1 0 0 0 0 0 0 0 1 0 0 0 0 0 0 0 0 0 0
147 AAC 7 68007 0 8 0 0 0 0 0 1 0 0 0 0 1 0 0 0 0 0 0 1 0 0 0 0 0 0 0 1 0 0 0 0 0 0 0 0 0 0 1 0 0 0 0 0 0 0 0 0 0 0 0 0 0 0 0 0 1 0 0 0 0 0
148 TGC 0 0 0 0 0 0 0 0 0 1 0 0 0 1 0 0 0 0 1 0 0 0 0 0 0 4 0 0 0 0 0 0 0 0 0 0 0 0 0 0 0 0 4 0 0 0 0 0 1 36 0 0 0 1 0 0 3 67958 1 7 0 1 0 0
149 TCT 0 0 0 0 1 2 4 0 0 0 1 2 0 0 0 0 1 0 0 0 0 1 1 0 0 3 0 0 0 0 0 0 0 0 0 0 4 0 1 1 0 0 0 0 0 0 0 0 0 0 0 5 0 7 5 68164 3 0 0 0 0 0 0 5
150 TAC 0 2 0 1 0 0 0 0 0 0 0 0 0 0 0 0 0 3 0 0 0 2 0 0 0 1 1 0 0 0 0 0 0 0 0 0 0 2 0 0 1 0 0 0 0 0 0 0 1 67971 0 15 0 0 0 0 0 6 3 0 0 1 1 0
151 AAT 6 5 4 68033 3 2 0 0 0 0 0 7 0 0 0 0 0 0 0 0 0 1 0 0 0 1 0 1 0 2 0 1 0 0 0 10 0 0 0 0 0 0 2 0 0 0 0 0 0 0 0 4 0 0 0 0 0 0 0 0 0 0 0 0
152 GTG 0 0 0 1 1 1 1 0 0 0 0 0 1 2 14 2 0 0 0 0 0 0 0 0 0 0 0 0 2 0 1 0 0 0 0 0 0 0 2 1 0 0 0 0 11 0 67952 4 0 0 0 0 0 0 0 0 2 0 0 0 0 0 1 0
153 ACC 0 1 0 1 6 68075 3 13 0 1 0 0 0 11 0 0 0 1 0 0 1 3 0 0 0 0 2 0 1 0 0 0 0 0 0 0 0 7 0 0 0 0 1 0 0 0 0 2 0 0 0 0 0 1 0 0 2 0 0 0 0 0 0 0
154 ACA 1 0 1 1 67938 5 44 8 0 0 0 0 22 0 0 0 2 0 0 0 0 2 0 0 0 0 0 0 0 2 0 1 0 0 0 0 2 0 0 0 0 0 0 3 0 0 0 0 0 1 0 0 2 0 1 0 0 0 0 0 0 0 0 0
155 GTA 1 0 0 0 1 2 0 0 0 0 0 0 22 1 0 0 1 0 0 0 1 2 0 0 0 0 0 0 1 0 0 0 6 0 0 1 8 2 1 0 0 0 0 0 67796 0 7 1 0 0 0 0 0 1 0 0 0 0 0 0 1 0 0 0
156 ATA 1 0 0 1 1 0 0 0 0 0 0 0 67794 4 25 0 0 0 0 0 1 2 0 1 0 0 0 0 0 0 0 0 0 1 0 0 0 0 0 0 0 0 0 0 1 0 0 0 0 1 0 0 1 0 0 0 2 0 2 0 1 0 0 0
157 AGG 0 2 15 1 1 1 1 0 23 4 67724 4 0 1 9 0 4 1 0 3 3 5 0 0 0 0 4 5 0 1 1 0 1 0 0 4 0 0 0 0 0 0 28 0 2 1 1 0 0 0 0 4 0 0 0 0 0 0 3 0 0 0 0 0
158 GAT 1 0 0 28 0 0 0 0 0 0 2 0 0 0 0 0 0 0 0 0 0 1 0 0 0 0 0 0 0 0 0 0 5 8 0 67627 0 0 0 0 0 0 0 1 0 0 0 0 0 0 1 2 0 0 0 0 0 0 1 0 0 0 0 0
159 AAG 10 0 67715 3 0 1 3 0 1 0 26 1 0 0 3 0 2 1 0 2 0 0 0 0 0 1 2 0 6 3 0 0 0 0 34 0 0 1 0 0 0 0 0 0 0 0 0 0 0 0 0 0 1 1 0 0 0 0 0 0 0 1 0 0
160 AAA 68039 0 4 0 2 4 0 3 1 0 0 0 3 1 0 0 2 0 0 0 2 2 0 0 1 1 0 0 0 2 1 0 3 0 0 0 0 3 0 1 0 0 1 0 0 0 0 0 0 0 0 0 2 0 1 0 1 1 1 0 0 0 0 1
161 CAG 0 1 1 0 0 2 0 1 0 0 0 0 0 0 0 0 10 0 67686 5 0 3 0 0 1 0 8 0 1 0 0 0 0 0 3 0 2 0 0 0 0 0 0 0 0 0 0 0 0 2 6 0 0 2 0 0 0 0 0 0 1 0 0 0
162 AAA 68119 2 6 3 2 1 3 0 2 0 2 0 0 0 0 0 0 1 0 0 1 0 0 0 0 0 0 0 0 0 0 0 0 0 0 0 0 0 0 0 0 0 0 0 0 3 0 0 2 0 0 0 4 0 0 0 0 0 1 0 0 0 0 0
163 GTA 0 1 0 0 1 1 0 0 0 0 0 0 33 0 0 0 0 0 0 0 0 0 0 0 0 0 0 0 2 0 0 0 4 0 1 0 2 0 0 0 2 0 0 0 67874 1 1 0 1 2 0 2 0 0 3 0 0 0 0 0 3 0 0 1
164 TCC 0 0 4 3 1 2 1 1 0 0 0 0 0 0 1 0 0 0 0 0 0 0 0 0 0 0 0 0 1 0 0 0 2 0 0 0 1 0 0 0 0 0 3 0 0 2 0 0 0 0 0 0 9 67316 1 9 0 0 3 0 0 2 0 0
165 TCA 0 0 0 0 0 0 0 0 0 0 0 1 0 0 0 1 0 0 0 0 4 0 0 0 0 0 0 0 0 0 0 0 2 0 0 0 0 0 0 0 0 0 0 0 0 0 0 0 4 0 0 0 67749 0 2 1 0 0 0 3 3 0 0 0
166 CTT 0 0 0 0 0 0 0 0 1 0 0 0 0 0 0 3 0 0 0 0 0 0 0 235 0 1 0 0 6 3 0 67300 0 0 0 0 0 0 0 0 0 0 0 0 0 0 0 0 0 0 0 0 0 0 0 0 0 3 0 0 0 0 0 19
167 TTT 0 0 1 0 0 0 0 0 0 0 0 0 0 0 1 4 0 0 1 0 2 0 0 0 0 0 0 0 0 1 0 3 0 0 0 0 0 0 0 0 0 0 2 0 0 0 0 1 0 0 0 2 0 0 0 3 0 0 1 0 0 8 0 66941
168 TAT 0 0 0 0 0 1 0 0 0 0 0 0 0 0 0 0 0 0 0 6 1 0 0 0 0 0 0 0 0 0 0 0 0 0 0 2 0 2 0 2 0 0 0 0 0 0 0 0 0 5 0 67874 0 1 0 1 0 0 0 1 0 0 0 1
169 AAA 67729 0 3 0 2 1 0 0 4 0 0 0 0 0 0 1 1 0 0 0 0 2 0 0 0 0 0 0 0 0 0 0 12 0 0 0 0 1 0 0 0 0 0 0 0 0 0 0 0 0 0 0 0 2 0 0 0 0 0 0 0 0 0 0
170 CTT 0 3 0 0 0 1 0 0 0 0 0 0 0 0 0 8 0 1 0 4 1 0 1 3 0 0 0 0 14 3 1 66989 1 1 0 0 0 0 1 0 0 0 0 0 1 0 0 0 0 1 0 1 0 0 0 0 0 0 1 0 0 0 0 11
171 GAT 0 0 0 11 0 0 0 0 0 0 0 0 0 0 0 1 1 0 0 1 0 0 2 0 0 2 0 0 0 0 0 0 0 0 1 67644 0 0 0 0 0 0 0 1 0 0 0 0 0 0 0 4 0 0 0 0 0 0 0 0 0 0 0 0
172 GTA 0 0 0 0 0 0 0 0 0 0 0 0 33 0 0 0 0 0 0 0 0 3 0 0 0 0 0 0 3 0 0 0 1 0 0 0 8 0 0 0 0 0 1 3 67470 0 10 4 0 0 0 0 0 0 0 0 0 0 0 0 2 0 0 0
173 GTA 2 0 0 0 8 0 0 2 1 0 0 0 37 0 0 0 0 0 0 0 1 0 0 0 0 0 0 0 1 0 0 0 0 0 0 0 8 0 0 0 2 0 0 0 65483 0 14 0 1 1 1 0 0 0 0 0 0 0 0 0 1 2 0 0
174 CAA 5 1 0 0 0 0 1 3 1 0 0 0 0 2 0 0 67195 1 1 1 0 0 1 0 1 0 1 0 1 0 0 0 0 0 0 0 0 0 1 1 0 0 1 0 0 0 0 0 8 0 1 0 0 0 0 1 0 0 3 0 0 0 0 0
175 ATT 0 0 0 3 0 0 0 5 0 1 0 1 1 8 1 64536 0 0 0 2 0 0 0 0 0 0 0 0 0 0 0 0 0 0 0 0 0 0 0 0 0 0 0 0 0 0 2 0 0 1 0 0 0 0 0 0 0 0 0 0 0 0 0 2
176 GGA 0 2 0 0 1 0 0 0 15 0 0 0 3 0 0 0 1 3 0 0 5 1 0 0 1 0 1 1 0 1 0 2 15 0 0 1 3 0 0 0 56101 1 24 3 2 0 1 0 0 0 0 0 0 0 0 0 1 0 0 0 0 0 0 0
177 GGT 0 0 0 1 1 1 0 1 1 0 0 16 1 0 0 0 2 0 0 1 1 6 1 0 2 0 1 5 0 0 0 0 0 0 0 25 0 2 0 1 7 14 3 57695 0 0 1 1 0 2 0 0 0 1 0 0 0 1 0 6 0 3 1 2
178 AAT 13 5 1 66571 4 1 0 0 0 0 3 3 1 0 0 0 1 0 2 0 2 2 0 4 0 0 1 2 2 0 0 0 0 0 0 2 1 0 0 0 1 0 0 1 0 1 0 0 1 0 1 3 0 0 0 0 0 0 0 0 0 1 0 0
179 AAT 4 10 2 66084 1 0 0 3 0 0 0 3 0 0 0 0 2 0 2 0 0 2 0 0 0 0 0 0 0 0 1 0 0 0 0 2 0 1 0 1 0 0 3 2 1 0 0 1 0 0 0 5 0 1 1 0 0 0 0 0 0 0 0 0
180 AGG 0 0 11 1 1 1 0 0 20 1 60608 7 0 0 10 0 0 0 2 1 2 0 3 1 1 0 1 0 0 0 0 0 0 0 3 0 0 0 0 0 0 0 13 0 0 0 0 0 0 3 3 0 0 2 0 1 0 0 3 0 0 2 0 0
181 ACT 2 0 2 11 6 13 0 63184 0 0 0 0 2 0 0 4 3 0 0 0 1 0 0 0 0 0 1 0 0 1 0 0 0 0 1 0 0 0 0 0 0 0 0 0 0 0 0 1 0 0 0 2 1 1 0 3 0 0 0 0 0 0 2 0
182 AAT 5 1 0 66409 1 2 0 3 0 0 0 1 0 1 0 3 4 0 0 0 0 2 0 0 0 0 1 0 0 0 0 0 0 3 0 6 0 0 0 0 0 0 0 1 0 0 1 0 0 0 0 0 0 3 1 0 1 0 0 0 0 1 0 0
183 AGT 0 0 0 19 1 1 1 1 23 5 2 59691 2 0 0 3 3 0 0 1 2 0 0 0 0 0 0 1 0 0 0 2 0 0 1 0 1 1 0 0 0 0 1 10 0 0 0 0 0 0 0 0 4 0 2 0 0 0 0 0 0 0 0 0
184 CAG 3 3 1 1 1 1 0 1 0 1 0 2 0 0 0 0 32 5 60505 2 0 0 0 0 0 0 0 0 0 0 1 0 0 0 2 1 0 0 3 0 0 0 3 0 1 2 0 0 0 1 8 2 0 0 0 0 0 0 1 0 0 2 0 0
185 TAT 0 0 0 0 0 0 2 0 0 0 0 0 0 0 0 0 0 0 3 1 0 0 0 0 0 3 0 0 0 0 0 0 0 0 0 0 0 0 0 0 0 0 0 1 0 0 0 0 7 1 2 55029 0 0 0 1 0 0 0 0 0 0 0 2
186 AGA 9 0 0 0 1 0 0 0 52810 0 0 1 4 1 3 3 1 0 0 0 0 1 1 1 0 2 0 0 0 0 0 0 0 0 0 0 0 2 0 0 5 0 0 0 0 2 0 0 0 0 0 2 0 0 0 0 0 0 0 0 0 0 0 0
187 TTA 2 0 0 0 0 0 0 0 1 0 2 0 15 1 0 0 0 0 0 0 0 0 0 0 0 0 0 0 5 1 0 2 1 0 0 0 0 0 0 0 0 0 0 0 0 1 0 0 6 0 0 0 6 0 0 0 0 1 0 0 54599 0 4 0
188 ATA 3 0 1 1 4 1 0 0 1 0 0 0 63109 4 3 1 0 2 0 1 0 0 0 0 0 0 0 0 0 0 0 1 0 0 0 1 0 2 0 0 0 0 0 0 2 0 0 0 4 0 0 0 0 0 0 0 0 0 0 0 0 0 1 0
189 AAC 3 58631 1 18 0 1 0 10 0 1 1 0 1 0 0 0 0 3 0 2 0 0 0 0 0 0 0 0 0 0 0 0 0 2 0 0 3 0 0 0 0 0 1 0 0 0 0 0 0 0 0 0 0 0 0 0 0 0 0 0 1 0 0 2
190 TGT 0 0 0 0 0 0 0 0 0 0 0 2 1 0 0 0 0 0 0 0 0 0 0 0 0 0 0 2 0 0 0 2 0 0 0 0 0 0 0 0 0 0 0 0 14 0 0 0 0 0 0 12 0 0 0 0 6 12 0 55523 1 0 0 2
191 AAC 2 57635 0 25 14 1 0 0 0 2 0 0 0 0 1 0 0 2 0 0 0 0 0 0 0 0 0 0 0 0 0 0 0 14 0 0 0 0 0 0 0 0 0 0 0 1 0 0 0 0 0 0 0 2 0 0 0 0 0 0 0 0 0 0
192 ACC 0 2 0 1 5 25526 0 12 0 0 0 0 0 1 0 0 0 0 0 0 0 3 0 0 0 0 0 0 0 0 0 0 0 1 0 0 0 1 0 0 0 0 0 0 0 0 0 0 0 0 0 0 0 0 0 1 0 0 0 0 0 0 0 0
193 TCA 2 0 0 0 4 0 0 0 0 0 0 0 0 0 0 0 0 1 0 0 10 0 0 0 1 0 0 0 0 0 0 1 0 0 0 0 0 0 0 0 0 0 0 0 0 0 0 0 0 0 0 0 30267 0 13 1 0 0 0 0 1 0 0 0
194 GCC 3 0 0 0 0 14 0 0 0 0 0 0 0 0 0 0 0 0 0 2 1 0 0 0 0 0 0 0 0 0 0 0 0 1 0 0 2 23298 0 0 0 0 0 0 0 13 0 0 0 0 0 0 0 0 0 0 0 0 0 0 0 0 0 0
195 ATT 0 0 0 0 0 0 0 1 0 0 0 0 3 2 1 42787 0 0 0 0 0 0 0 0 0 0 0 0 0 0 0 0 3 0 0 0 0 0 0 0 0 0 0 0 0 0 0 1 0 0 0 0 0 0 0 0 0 0 0 0 0 0 0 0
196 ACA 3 0 0 0 48141 4 3 0 1 0 0 0 7 0 0 0 1 2 0 0 1 1 0 0 0 0 0 0 0 0 0 0 0 0 0 0 2 0 0 0 0 0 0 0 1 0 0 1 0 1 1 0 1 0 0 0 0 0 1 0 0 0 0 0
197 CAG 0 0 2 0 2 1 0 0 1 0 1 0 0 0 0 0 9 2 52013 5 1 0 1 0 0 0 21 0 0 0 4 0 1 0 1 2 0 1 0 0 0 0 0 0 0 0 2 0 1 0 7 0 1 1 2 0 0 0 0 0 0 0 0 0
198 GCT 0 2 0 1 0 1 0 21 0 0 0 0 0 0 0 1 0 2 0 0 2 0 0 1 0 0 0 0 0 0 2 1 0 0 0 2 2 6 1 48369 0 3 1 0 0 0 1 7 0 0 0 0 0 0 0 1 0 0 0 1 1 0 0 0
199 TGT 0 0 0 0 0 0 0 0 0 0 1 0 0 0 0 1 0 1 0 0 0 0 0 0 0 0 0 6 1 0 0 0 0 0 0 0 0 0 0 0 0 0 0 0 0 1 0 0 0 0 0 7 0 0 0 0 0 23 0 60262 0 2 4 0
200 CCA 0 1 0 2 8 1 0 0 0 1 2 0 0 0 0 1 2 0 1 0 56344 4 2 1 0 0 1 0 3 0 1 0 0 1 0 0 0 2 0 0 0 0 0 0 0 1 0 0 0 0 0 0 3 1 0 0 1 0 0 0 1 0 0 0
201 AAG 20 0 58688 3 0 0 0 1 1 0 12 0 0 0 3 0 0 2 1 0 0 0 0 0 0 0 0 0 0 1 0 2 0 0 8 0 0 0 0 0 0 0 0 0 1 0 0 0 1 0 0 0 0 1 0 0 0 1 0 0 0 0 0 1
202 GTA 0 0 0 0 0 0 0 1 0 0 0 1 15 0 0 0 0 3 0 0 0 0 0 0 1 0 0 0 4 4 0 2 1 0 0 0 2 0 0 0 0 0 0 0 65217 1 5 5 4 0 0 0 0 0 1 1 0 0 0 0 5 1 0 1
203 ACC 1 1 3 0 12 58249 0 9 0 2 0 2 0 12 0 0 0 0 0 0 0 0 0 1 0 0 0 0 0 0 0 0 0 0 0 0 1 2 0 0 0 0 0 1 0 0 2 0 0 0 0 0 4 1 0 0 0 2 0 0 1 1 2 0
204 TTT 3 0 1 0 0 0 1 0 1 0 0 0 0 0 0 1 0 3 0 0 0 0 0 0 0 1 0 0 0 0 0 7 0 0 0 0 1 3 3 0 0 0 0 0 0 0 3 8 0 0 1 0 0 0 0 5 2 0 2 0 2 11 1 62426
205 GAG 0 1 8 0 1 0 0 0 0 0 0 0 0 0 0 1 0 0 4 0 0 1 0 0 0 0 0 0 0 0 2 2 23 1 62351 0 0 1 2 0 0 0 11 0 0 0 4 2 0 0 1 1 1 0 0 0 0 0 3 0 0 0 0 1
206 CCA 0 0 0 0 5 1 0 0 0 0 0 0 0 0 0 0 3 1 1 0 55805 0 2 0 0 0 0 0 10 0 0 0 0 0 0 0 1 1 1 0 0 0 0 0 0 0 1 1 0 0 0 1 48 0 0 1 0 0 0 0 0 0 0 0
207 ATT 0 0 0 5 0 1 2 5 0 0 0 0 7 3 7 65401 2 2 0 1 0 0 0 0 0 0 0 0 0 0 0 2 0 0 0 0 1 0 0 0 0 0 0 0 1 0 0 3 0 0 2 0 4 0 0 0 0 0 0 0 2 1 0 0
208 CCC 0 1 0 2 1 9 0 0 1 0 0 0 0 0 4 0 0 7 4 0 3 60364 1 15 1 0 0 3 1 3 0 0 1 0 1 3 1 3 0 0 0 0 1 2 0 1 0 0 0 0 1 0 1 10 0 1 1 0 0 0 0 0 3 2
209 ATA 5 2 4 0 3 0 1 2 4 0 0 0 66299 0 3 9 1 1 1 1 0 1 0 1 1 0 0 0 0 1 0 1 0 0 0 0 0 0 0 0 4 0 0 2 1 2 0 3 0 0 0 0 0 0 0 0 0 0 0 0 4 0 0 1
210 CAT 0 0 1 9 1 1 0 2 2 0 0 0 0 0 0 1 1 10 0 66262 1 0 0 1 0 0 0 3 2 0 0 2 0 0 0 0 2 1 1 2 0 0 0 0 0 0 0 0 0 0 0 12 3 1 0 1 0 0 0 0 0 1 1 0
211 TAT 0 0 0 1 1 1 0 0 0 0 0 0 1 0 0 1 2 0 0 3 0 0 0 1 1 0 0 0 2 0 2 0 0 0 0 1 0 0 0 0 0 0 0 0 0 0 0 0 1 13 0 65787 0 0 0 0 1 0 0 2 0 0 1 2
212 TGT 0 0 0 0 0 0 0 0 2 0 0 4 0 0 0 0 0 0 0 0 0 0 0 1 0 0 0 3 0 0 0 0 0 0 0 0 0 1 0 0 0 0 0 5 0 0 0 0 0 0 0 24 1 0 0 0 2 6 1 66713 0 0 0 1
213 GCC 0 2 0 0 0 32 0 0 0 0 0 0 2 0 0 0 0 1 0 1 0 2 0 0 0 1 0 0 0 0 0 0 0 1 0 1 6 65931 6 9 0 0 4 1 0 38 1 1 0 0 0 0 1 5 1 2 2 0 0 0 0 0 0 0
214 CCA 2 0 0 0 4 0 0 0 0 0 0 0 0 0 0 0 0 0 0 0 64753 7 5 3 0 0 0 3 10 0 0 0 0 0 0 0 0 1 2 0 0 0 0 0 1 1 2 0 0 0 3 0 9 0 0 0 0 0 0 1 0 0 0 0
215 GCT 0 0 0 0 2 1 2 36 0 0 0 0 1 0 0 0 0 2 1 0 3 3 2 5 0 1 0 1 0 0 0 0 0 0 0 1 1 15 4 66997 0 2 0 4 0 0 2 18 0 0 0 0 6 3 2 2 0 0 0 2 0 0 0 1
216 GGT 1 0 0 3 0 0 0 0 1 0 0 11 0 0 0 0 0 0 1 1 1 0 0 0 0 0 0 0 0 0 0 0 0 1 0 11 0 2 0 2 4 9 4 67762 0 0 0 1 0 1 0 0 0 1 0 1 0 0 1 0 0 1 0 3
217 TTT 0 4 0 0 0 3 0 0 0 0 0 0 0 0 0 1 1 0 2 0 0 0 0 0 0 2 0 0 1 0 0 3 0 0 0 0 0 0 0 0 0 0 0 0 0 0 0 0 1 3 0 1 0 0 0 5 3 1 0 0 1 11 0 66611
218 GCG 0 0 0 0 0 3 24 2 0 0 0 0 0 0 0 0 0 0 0 0 0 0 2 0 0 0 0 0 0 0 0 0 1 0 1 2 21 0 65540 7 2 0 3 1 3 0 109 1 0 0 0 0 0 0 1 2 0 0 0 0 0 0 0 0
219 ATT 0 0 0 0 0 1 0 1 2 0 0 0 1 4 1 67076 0 0 0 0 0 0 0 0 0 0 0 0 0 0 4 1 1 0 0 0 0 0 0 0 0 0 0 0 0 0 0 2 0 0 0 0 1 0 0 0 0 0 0 0 0 0 2 0
220 CTA 0 0 0 0 0 0 1 0 0 0 0 0 3 0 1 0 0 0 0 0 3 3 1 0 0 0 0 0 65820 2 15 1 0 0 0 0 0 0 0 0 0 0 2 0 0 0 0 0 0 0 0 0 0 0 0 0 1 0 0 0 9 1 4 0
221 AAG 17 0 67926 5 2 5 3 0 1 0 14 0 4 0 2 0 0 4 5 0 1 0 0 1 0 0 0 0 0 5 0 0 0 0 9 1 1 1 0 0 0 0 0 0 2 0 1 2 0 1 2 0 1 0 0 0 0 0 1 0 1 0 0 0
222 TGT 0 0 0 0 4 0 0 0 0 0 0 8 0 0 0 0 0 0 0 0 1 0 0 0 0 0 0 2 0 0 0 0 0 2 0 1 0 0 0 1 0 0 1 0 1 0 0 0 2 0 0 27 0 0 0 0 4 9 0 67723 0 0 0 1
223 AAG 12 1 67738 8 0 1 16 0 0 0 42 1 1 0 4 1 4 1 0 0 0 1 0 0 1 0 0 0 0 3 0 0 0 0 14 0 0 1 0 1 0 2 0 0 0 0 0 0 0 2 0 1 0 0 0 0 0 0 0 0 2 0 2 0
224 GAT 0 0 0 10 0 0 2 0 0 0 0 0 0 0 1 0 2 2 1 0 0 0 1 0 0 0 0 0 0 0 0 0 2 4 7 68054 1 0 2 1 2 0 2 5 0 0 0 0 0 0 0 3 5 0 1 0 0 0 0 3 0 0 1 1
225 GAG 0 1 24 3 1 2 3 0 0 2 1 0 1 0 0 0 1 0 1 0 3 2 0 0 0 0 1 1 0 1 1 0 14 2 68014 4 0 0 4 0 2 0 16 1 2 1 6 0 0 1 0 0 2 0 0 0 2 1 0 0 0 6 0 2
226 AAG 22 0 67886 2 2 4 1 1 2 4 5 0 0 0 2 0 1 0 1 2 0 5 1 2 2 0 0 0 0 9 0 0 0 4 10 1 2 0 1 1 0 1 1 0 0 0 0 2 0 1 0 0 0 0 0 0 0 0 2 1 1 0 0 1
227 TTC 0 0 0 1 0 0 0 0 2 0 0 0 0 4 0 2 0 2 1 2 0 0 0 0 0 0 0 0 0 4 0 0 0 0 2 0 0 0 0 0 0 0 0 1 1 0 0 0 0 13 0 2 5 2 0 2 0 0 0 0 5 67649 1 8
228 AAT 5 8 3 67894 2 2 2 5 0 4 0 29 2 2 0 6 1 2 1 0 1 0 2 4 2 0 3 2 1 1 0 0 1 0 0 24 1 1 2 0 0 0 0 0 0 0 0 0 0 0 0 5 1 0 0 2 0 2 0 0 3 0 0 5
229 GGA 0 0 0 0 0 0 0 1 19 0 0 0 0 0 0 0 0 0 0 0 2 0 0 0 1 0 0 0 0 0 0 0 16 0 0 0 0 0 0 0 67589 1 3 3 0 0 2 0 0 0 0 4 0 0 0 0 5 0 0 0 0 0 0 0
230 ACA 9 1 0 0 67931 2 59 4 2 0 0 1 20 2 3 0 2 1 1 2 0 2 0 0 2 0 1 0 0 0 1 0 5 0 0 0 4 0 1 0 0 0 4 0 0 0 3 1 0 0 1 0 3 9 0 1 0 2 0 1 0 1 2 0
231 GGG 0 0 0 0 2 0 0 0 0 0 10 0 0 0 0 0 5 0 0 0 1 0 0 0 0 0 0 0 0 0 0 0 0 0 23 0 0 0 1 0 33 3 67704 4 0 0 1 0 0 0 0 0 0 0 0 0 1 0 7 0 0 0 0 0
232 CTA 3 3 0 1 0 0 1 3 0 0 1 1 8 0 0 1 12 9 1 0 17 3 2 0 3 2 3 1 67901 5 5 2 0 3 0 0 0 5 0 0 5 1 1 1 0 0 0 1 2 2 0 1 3 1 1 0 0 1 2 0 16 0 0 0
233 TGT 0 0 1 0 0 0 0 0 2 0 0 0 3 0 0 1 0 0 0 0 0 0 0 0 1 0 0 4 0 0 0 0 0 0 0 1 0 0 0 0 0 3 0 1 0 2 0 0 0 0 0 21 1 0 0 1 0 22 0 67970 0 0 0 4
234 AAA 67964 2 3 0 6 0 0 1 6 0 2 0 0 0 2 0 4 1 0 1 2 2 1 3 3 4 2 1 2 6 0 4 13 3 1 0 0 3 0 0 2 1 2 0 6 3 0 1 2 2 0 0 2 3 0 0 0 4 3 0 0 0 1 1
235 AAT 2 8 0 67884 4 0 1 2 2 0 0 4 0 1 1 7 2 1 0 1 3 5 2 0 2 1 0 2 0 0 0 0 0 0 0 4 1 2 0 2 1 0 0 0 0 0 0 0 0 0 0 4 2 2 0 0 0 0 1 0 2 0 0 2
236 GTC 0 0 0 0 0 1 0 0 0 0 0 1 2 25 0 2 0 1 0 0 0 0 0 0 0 0 0 0 0 0 2 1 2 0 0 0 0 8 1 3 0 0 3 0 4 67916 3 36 0 1 0 1 0 0 1 0 0 1 1 0 0 0 4 0
237 AGC 0 30 0 0 0 3 0 0 0 67936 1 34 0 2 0 0 0 0 0 0 1 0 0 0 9 2 0 2 0 0 0 0 0 0 0 0 1 0 0 1 1 22 3 0 0 1 0 0 0 0 2 1 1 0 0 1 0 0 0 0 0 0 0 0
238 ACA 2 2 0 0 68068 3 23 2 0 0 0 0 19 0 0 0 3 3 0 0 0 0 0 0 0 0 0 0 0 0 0 0 0 0 0 0 11 0 2 0 0 1 2 0 1 2 0 2 0 0 0 0 0 0 0 1 0 0 0 1 0 1 0 1
239 GTA 0 0 0 0 3 3 1 0 1 1 0 1 28 2 1 1 0 0 3 0 1 0 2 2 0 0 2 0 1 1 1 4 0 0 0 0 18 1 0 0 0 0 0 0 67982 0 6 3 0 0 0 0 0 0 0 0 0 0 0 0 7 0 0 0
240 CAA 1 0 1 0 0 1 0 0 1 0 1 0 0 2 0 0 68020 1 11 2 1 1 0 0 2 2 0 1 6 1 1 0 0 0 0 0 0 2 1 0 0 1 1 0 0 3 0 0 18 0 0 0 1 4 0 0 1 0 0 0 0 0 0 0
241 TGC 1 0 1 0 0 0 0 0 1 2 0 0 2 3 0 0 1 0 0 0 1 0 0 0 0 0 0 0 0 0 0 0 2 0 0 0 0 0 0 0 0 1 0 0 0 0 1 0 0 57 0 0 0 1 2 0 2 67896 0 54 0 0 0 0
242 ACA 6 0 0 0 68053 7 5 3 1 1 0 0 10 0 0 0 0 2 0 3 0 0 0 0 0 0 0 1 0 0 0 0 0 0 0 0 4 0 0 0 0 1 0 0 0 0 0 0 1 0 0 4 2 1 0 0 0 0 0 0 0 0 0 0
243 CAT 0 1 0 5 0 0 0 0 0 0 0 0 0 0 0 0 3 14 4 68074 0 0 0 0 0 0 0 6 1 0 0 1 1 1 0 0 0 0 3 0 1 1 0 0 0 0 0 0 0 2 0 9 1 0 0 2 0 0 1 0 0 0 0 0
244 GGA 0 0 0 0 0 0 0 0 12 0 0 0 0 0 0 0 1 0 0 0 0 2 0 0 0 1 0 0 0 0 0 0 13 1 0 0 3 0 0 1 68043 3 8 2 5 0 2 0 2 0 0 0 1 0 1 1 6 0 0 0 0 0 1 0
245 ATC 3 4 0 0 0 2 0 0 0 0 0 0 9 68159 0 10 0 3 0 0 0 0 0 1 0 3 0 0 3 2 0 1 0 1 0 1 0 0 1 0 0 0 0 0 2 1 1 2 0 0 0 0 2 1 0 0 0 0 0 0 1 0 1 0
246 AAG 15 1 67924 2 1 1 1 0 0 0 7 1 0 0 3 4 1 0 0 0 1 0 4 1 1 2 0 0 0 0 0 0 0 0 24 0 0 1 3 0 0 3 0 0 0 0 2 0 0 2 1 0 1 1 0 1 0 0 0 2 0 2 0 0
247 CCA 0 0 0 0 4 0 1 1 0 0 0 1 0 0 0 0 2 2 0 0 68082 3 5 2 0 0 0 0 5 0 0 0 0 0 0 0 1 2 1 0 0 0 0 0 0 1 0 0 0 0 0 0 15 0 0 0 1 2 1 1 0 0 0 1
248 GTA 1 0 0 1 0 1 0 0 1 0 0 0 26 0 0 0 0 0 1 0 2 1 0 0 2 0 0 0 1 1 1 0 2 3 0 0 5 0 0 0 1 0 3 0 68076 1 22 3 2 2 0 0 1 0 0 0 0 0 0 0 6 0 0 0
249 GTA 0 1 0 0 2 1 0 0 0 0 0 2 40 1 0 1 1 0 0 0 3 0 2 1 1 0 1 0 3 0 0 0 3 1 0 0 6 0 0 0 0 0 3 1 68089 1 8 2 0 2 0 1 0 0 0 0 0 1 1 0 4 0 1 0
250 TCA 0 0 0 0 4 0 0 3 0 1 0 0 1 0 0 0 0 0 0 0 4 1 1 0 0 0 0 0 0 0 0 0 0 0 0 0 2 0 0 0 0 0 0 0 2 0 0 0 6 0 0 0 68059 3 4 0 0 0 0 0 6 0 0 0
251 ACT 0 0 1 3 4 9 2 68001 0 0 0 1 1 0 0 15 0 4 0 0 0 0 0 0 0 0 0 0 0 0 0 0 0 0 0 0 0 0 0 3 0 0 0 0 0 0 0 1 0 0 0 1 0 0 5 1 0 0 0 0 0 0 0 5
252 CAA 5 0 2 4 0 0 2 0 0 0 0 0 0 0 1 0 142054 4 20 5 0 1 0 0 14 0 0 4 2 1 4 1 1 4 0 0 0 0 5 0 0 0 0 0 0 0 0 0 11 8 0 0 0 0 0 2 2 0 0 0 2 0 0 2
253 CTG 0 0 0 0 0 0 0 0 0 1 0 0 0 0 11 0 0 1 3 1 0 0 4 0 0 0 0 0 94 2 142176 8 0 0 0 0 0 0 0 4 1 0 1 0 0 0 3 1 1 0 0 3 0 0 0 0 0 0 2 0 2 3 30 0
254 CTG 0 0 0 0 0 0 0 0 0 0 0 0 3 0 8 8 1 0 6 1 0 0 25 1 0 0 6 0 49 0 141954 11 0 0 0 0 0 2 0 4 0 0 0 0 0 0 5 2 2 0 0 0 0 0 0 0 0 0 0 0 0 0 34 6
255 TTA 0 0 0 0 0 0 0 0 0 0 0 0 2 0 1 0 0 0 0 0 0 0 0 0 0 0 0 0 16 1 0 4 0 0 0 0 3 0 0 0 3 0 0 0 0 1 9 0 1 0 0 0 19 0 0 0 0 0 0 0 142056 0 14 1
256 AAT 4 4 0 142334 0 0 0 5 0 0 0 4 0 0 0 10 0 0 0 0 0 0 0 0 2 0 0 0 0 0 0 0 0 0 0 1 0 0 0 0 0 0 0 0 0 0 0 0 3 0 0 0 0 0 0 0 0 0 0 0 0 0 0 0
257 GGC 0 1 0 3 0 0 0 0 0 26 0 3 2 0 2 0 2 0 0 0 0 0 0 0 0 0 0 0 2 3 0 2 0 91 1 0 6 0 0 0 5 141687 2 175 0 3 3 0 2 0 0 0 5 0 0 0 0 4 0 0 0 0 3 0
258 AGT 0 0 0 33 3 3 3 2 0 18 0 141907 0 0 1 1 0 4 0 0 0 0 0 1 1 0 2 1 0 0 0 0 0 0 0 0 0 0 0 0 0 0 1 4 0 0 1 0 0 0 0 2 5 0 1 0 0 0 0 0 0 4 0 0
259 CTA 0 3 0 0 0 5 0 6 2 4 2 4 48 3 6 3 11 2 0 1 6 0 0 0 2 2 0 4 141830 3 35 5 0 3 0 0 7 1 4 1 0 0 5 0 2 4 3 0 2 0 3 0 1 0 2 2 0 1 0 0 37 4 0 0
260 GCA 0 2 0 2 62 3 0 1 0 0 0 0 0 0 2 0 5 3 2 2 1 7 0 0 1 3 0 6 0 6 3 0 12 0 1 1 141574 11 57 10 3 0 7 0 77 0 7 5 0 2 0 0 13 8 1 1 0 0 1 3 0 0 0 0
261 GAA 50 6 0 0 0 6 4 2 0 1 1 2 4 2 2 0 7 4 1 1 10 14 4 3 0 1 0 1 0 0 1 2 141740 6 23 3 0 0 3 1 13 4 9 2 5 1 3 0 6 5 0 5 0 2 0 4 0 0 0 0 2 3 4 2
262 GGA 3 7 4 2 2 4 1 0 39 0 0 3 1 2 7 0 6 2 0 1 0 1 3 5 1 3 4 5 2 0 0 0 19 0 4 4 3 0 0 0 141914 10 34 10 4 0 1 0 0 5 1 0 0 1 1 0 6 2 10 0 0 0 0 0
263 GAG 0 3 20 0 2 0 8 4 0 0 0 2 0 0 1 0 12 9 0 0 6 3 3 0 2 2 1 3 4 0 4 0 43 6 141660 11 0 8 10 3 0 0 61 6 0 1 5 7 0 0 6 0 6 2 5 0 0 3 4 0 0 0 2 0
264 GTA 0 7 0 1 2 1 3 1 0 6 0 0 64 0 3 2 0 2 0 0 11 7 0 0 2 1 0 0 2 2 0 5 7 3 2 0 19 0 0 0 0 2 0 0 142028 1 26 4 0 0 0 0 0 5 0 0 0 0 0 2 4 5 0 0
265 AGA 54 3 0 0 1 2 0 0 142070 4 1 4 7 1 0 2 8 0 0 0 0 0 0 1 1 0 0 3 0 3 4 0 0 1 0 0 0 0 2 1 7 0 2 4 1 0 1 3 0 2 0 0 2 2 0 2 0 8 0 0 0 0 6 5
266 ATT 0 0 0 0 0 3 0 2 0 0 0 0 8 12 1 142357 0 1 0 0 0 3 4 0 2 0 0 1 2 1 0 0 0 0 0 0 0 0 0 2 0 0 0 0 5 0 3 3 0 4 1 0 1 0 0 0 0 0 0 2 0 0 1 6
267 AGA 24 5 2 2 2 0 2 0 142028 2 12 1 9 1 1 4 2 5 0 0 0 0 0 0 8 6 1 1 0 0 0 0 3 1 0 0 2 0 1 0 48 0 0 0 0 0 4 0 0 0 0 0 0 0 4 1 1 1 0 0 5 0 4 0
268 TCT 4 3 3 2 2 4 0 8 0 3 1 0 2 3 0 2 1 1 0 2 4 10 3 9 0 1 0 0 0 5 1 2 2 0 2 0 2 0 5 0 5 2 3 0 1 0 1 1 0 0 3 12 13 71 13 141555 2 4 5 4 0 8 0 20
269 GAA 38 0 3 0 1 2 1 0 3 4 0 0 0 2 2 3 4 0 2 2 10 11 10 3 4 2 0 1 0 0 1 2 141478 1 10 8 4 9 1 0 12 0 3 0 11 3 0 9 4 3 0 0 0 5 0 7 0 5 1 2 2 0 2 5
270 AAT 13 7 4 142019 3 4 2 0 0 1 0 4 4 1 1 4 0 0 3 4 0 2 0 0 2 0 0 0 4 2 1 0 0 3 1 2 0 0 0 4 0 2 3 2 0 3 0 0 0 4 4 1 0 0 0 1 0 0 0 5 3 1 5 1
271 ATC 0 2 0 0 0 7 0 0 0 5 0 0 5 141496 3 58 1 0 0 0 0 2 0 0 0 2 0 0 0 1 1 1 1 0 0 0 0 1 0 0 0 0 0 0 0 10 0 2 0 0 0 0 0 0 0 0 0 0 0 0 0 5 3 0
272 ACA 9 3 0 1 141731 3 18 10 6 1 0 0 42 0 0 0 1 8 1 4 2 8 0 0 3 0 2 0 0 5 0 1 0 0 2 1 31 0 3 0 0 1 1 3 0 2 0 9 3 0 0 0 5 0 0 3 0 1 0 0 0 5 3 0
273 AAC 9 141973 0 22 0 6 0 0 0 1 0 0 0 3 1 0 0 2 0 1 3 0 0 0 0 8 0 0 0 0 0 0 2 11 4 0 0 0 0 0 0 0 0 0 0 0 2 0 0 1 0 0 1 0 0 0 0 0 0 0 0 0 0 1
274 AAT 7 11 1 141308 3 2 3 0 0 0 2 3 0 0 1 4 0 2 2 6 0 0 0 0 5 0 0 0 1 0 0 0 0 0 3 15 0 0 0 0 0 0 0 0 0 0 0 2 0 0 0 4 0 0 0 0 0 0 0 0 0 0 0 0
275 GCC 0 0 0 1 2 90 0 0 0 3 0 4 2 0 2 0 0 0 0 0 0 0 0 1 5 4 1 0 2 0 2 5 0 3 0 0 4 139877 0 9 3 0 11 1 1 78 2 1 0 0 0 1 3 5 4 6 0 0 1 0 1 0 4 0
276 AAA 142156 2 1 4 0 2 1 0 2 3 0 0 0 0 0 0 21 1 1 3 0 0 2 5 0 7 0 4 4 2 0 0 4 1 0 0 1 1 3 5 1 0 0 0 1 0 0 1 0 0 0 2 2 0 0 0 2 0 0 0 0 3 0 4
277 AAC 11 141679 0 23 4 1 2 0 0 11 3 1 3 3 0 0 0 2 0 1 3 0 0 0 0 5 0 1 0 0 0 0 0 1 1 0 0 0 0 0 0 0 0 0 0 2 0 0 0 0 3 0 0 1 0 0 5 0 0 0 0 0 0 0
278 ATA 5 2 0 0 7 0 0 0 2 0 0 0 141903 2 35 6 4 0 1 0 0 1 0 0 0 0 0 0 0 0 0 3 0 2 0 0 0 0 1 2 0 0 0 1 1 0 4 4 0 0 0 1 0 0 0 0 0 0 2 0 5 0 2 0
279 ATA 6 0 0 0 8 2 2 0 0 0 0 0 142131 4 38 2 2 2 1 0 0 1 0 0 0 0 0 8 12 7 1 3 0 0 0 3 0 0 0 0 3 0 0 0 19 1 0 1 3 1 1 0 0 0 1 0 0 2 0 0 14 0 0 1
280 GTA 3 0 1 0 6 0 3 0 0 0 0 1 79 0 0 0 0 3 0 0 8 0 0 3 0 1 2 5 0 3 0 0 2 3 1 0 26 0 2 2 5 4 0 2 140560 8 33 9 6 0 0 0 0 0 0 0 0 5 0 1 8 0 0 0
281 CAA 9 1 0 0 5 0 3 3 0 3 0 2 1 0 3 5 141477 0 9 1 0 0 0 4 5 1 0 0 2 0 2 0 0 0 0 0 2 2 0 0 0 1 0 3 0 1 0 0 26 0 0 0 0 2 0 1 0 0 0 1 0 0 2 5
282 CTT 0 0 0 0 0 0 0 0 0 0 0 0 1 0 0 10 0 0 0 5 1 2 0 5 0 2 0 0 23 19 5 140523 0 1 1 0 0 0 0 0 4 0 1 0 0 1 3 1 0 0 0 1 2 0 0 0 0 0 0 0 0 6 7 12
283 GCC 1 0 1 3 0 108 0 2 0 1 0 4 1 0 6 3 0 1 0 8 1 7 0 2 1 4 2 0 3 0 0 3 1 8 3 4 19 138510 1 63 8 2 6 5 1 129 5 1 0 0 0 0 2 13 0 0 3 0 1 0 2 0 0 2
284 AGC 2 28 2 4 4 1 0 3 3 137601 3 52 1 0 0 0 0 6 0 3 0 0 0 0 2 0 1 0 5 7 1 3 0 0 3 1 0 0 0 0 0 17 0 3 0 0 1 0 0 5 0 0 0 0 2 3 1 4 3 2 0 0 1 0
285 CCT 2 0 2 0 1 0 2 20 0 2 0 4 4 0 0 0 2 5 2 24 8 105 27 139476 0 0 0 0 1 0 0 5 3 0 0 0 1 5 2 0 0 0 0 3 0 0 0 0 0 0 0 0 0 2 0 8 0 0 0 0 7 1 0 0
286 GTA 1 0 0 0 4 3 0 1 0 0 1 0 65 6 0 0 0 0 2 0 0 0 0 0 0 0 0 0 4 0 0 0 3 1 0 0 12 0 1 0 0 0 2 0 137173 2 18 0 3 0 4 0 0 0 0 0 0 0 0 0 3 0 1 0
287 ACA 15 1 0 5 140080 12 2 10 4 0 1 6 44 3 5 5 1 10 0 2 17 3 5 2 3 0 0 5 5 3 2 6 0 0 0 0 6 3 4 0 3 5 9 2 4 4 0 2 0 0 2 1 13 0 4 1 1 0 2 0 4 3 0 4
288 ATT 0 0 0 7 2 0 0 6 0 1 1 1 8 17 8 139994 0 3 0 1 2 2 1 0 1 2 0 0 3 7 3 5 0 4 0 0 1 0 4 1 0 0 1 2 0 4 0 10 0 0 0 3 0 0 0 0 3 5 3 0 6 1 3 9
289 AAT 3 21 1 141677 2 1 5 1 0 1 1 16 8 13 2 15 4 1 8 7 1 0 1 0 2 3 0 4 5 2 1 0 3 4 4 11 0 0 3 0 3 0 0 2 5 1 3 3 1 0 0 8 0 0 2 4 1 0 0 2 4 7 1 6
290 TGT 0 0 0 1 1 0 0 0 0 0 0 6 0 0 0 0 0 0 0 3 0 0 0 2 0 2 0 2 0 0 0 0 1 0 2 0 0 0 3 0 0 1 0 11 2 2 0 0 1 0 0 26 0 0 0 1 2 36 0 120686 1 1 2 5
291 ATC 0 13 0 3 3 8 0 0 10 4 0 0 20 138160 5 34 9 0 0 3 0 0 0 0 3 1 0 0 2 3 2 0 2 0 2 0 4 0 1 1 0 0 1 2 1 6 6 1 0 0 0 0 0 0 0 0 0 0 0 0 2 3 2 0
292 AGA 26 0 0 0 0 0 0 0 131767 0 7 3 1 0 0 0 0 2 0 0 1 0 0 1 7 1 0 0 0 0 0 0 0 0 0 3 0 0 2 0 57 0 1 0 1 0 0 0 2 0 4 0 1 0 0 0 8 1 0 0 1 0 0 0
293 CCT 0 0 0 0 0 0 0 0 3 0 0 1 0 0 0 0 0 0 0 13 16 45 1 131695 0 0 0 2 0 0 2 11 1 0 0 0 0 0 2 0 0 0 0 3 0 0 0 0 0 0 2 0 0 0 0 16 0 0 4 0 0 0 0 0
294 AAC 6 139152 1 29 0 1 2 0 0 8 1 0 0 5 1 0 0 4 0 7 0 0 0 0 0 3 0 0 0 1 0 0 0 3 0 0 0 0 0 0 0 0 1 0 0 0 0 0 2 2 4 0 1 2 2 0 1 0 1 0 0 0 0 1
295 AAC 14 140205 0 26 0 1 0 1 0 7 0 1 0 1 0 0 0 0 0 1 0 0 0 0 0 0 0 0 0 0 0 0 0 2 0 0 0 0 0 0 2 0 0 1 0 0 4 2 2 1 1 0 0 4 0 4 0 0 2 0 0 0 0 0
296 AAT 3 18 0 132454 0 0 0 0 0 3 2 3 2 0 0 0 0 3 0 1 0 2 0 0 0 1 0 0 1 0 0 0 0 0 0 5 8 1 2 3 0 0 1 0 0 0 0 4 0 1 0 3 2 1 1 2 0 0 0 2 2 0 0 0
297 ACA 4 0 0 1 135902 4 36 4 1 0 4 0 24 0 2 0 0 1 0 0 0 0 0 0 5 1 1 1 2 0 0 4 0 0 0 1 12 0 0 0 0 0 0 1 0 0 1 5 0 0 0 0 2 3 2 2 0 0 0 0 0 0 2 0
298 AGA 22 1 0 1 1 0 0 0 136566 0 2 0 10 2 4 1 3 1 5 0 0 0 3 0 6 1 2 1 2 6 0 2 2 0 0 0 1 0 0 2 13 0 0 0 0 0 1 0 1 1 2 2 0 1 0 0 7 2 0 0 5 1 0 3
299 AAA 139071 1 3 1 2 3 2 1 7 0 0 1 4 2 0 0 7 3 3 2 0 0 0 0 0 0 2 3 8 0 4 0 3 0 0 0 0 0 1 0 0 1 0 0 0 0 1 5 6 1 0 0 5 0 0 2 0 3 0 0 3 2 4 4
300 AGT 6 0 4 16 2 5 0 9 11 0 3 94848 2 0 0 2 3 3 0 0 2 7 0 1 0 0 3 3 1 0 0 3 4 0 0 0 2 0 7 1 0 0 0 235 1 1 37 1 0 0 0 0 2 2 0 1 2 2 2 0 0 0 0 0
301 GTA 0 2 0 2 0 0 0 0 0 0 0 0 65 1 0 0 2 0 0 0 2 1 0 0 3 0 0 1 0 1 0 0 3 1 0 2 14 0 0 0 0 0 0 0 104705 3 18 2 2 70 0 0 0 1 0 0 0 1 0 0 1 0 0 0
302 CAC 1 4 0 0 8 85 0 0 0 0 1 0 0 2 0 0 3 123122 2 35 6 4 1 0 0 0 1 0 0 3 0 1 0 5 0 0 0 1 0 0 1 0 0 0 3 0 0 1 2 45 0 0 1 1 2 0 0 1 0 0 1 0 0 0
303 CTA 0 0 0 0 1 1 0 1 0 1 0 0 13 0 0 1 12 0 0 0 20 0 0 5 0 0 0 0 112815 4 33 1 0 1 2 0 2 0 0 0 5 0 0 0 0 0 0 0 0 0 95 0 0 2 0 0 0 0 0 0 18 2 1 0
304 GGA 4 3 2 0 0 1 0 2 19 0 2 0 0 0 0 3 12 3 0 2 0 0 0 0 0 1 1 0 4 3 0 2 21 50 2 0 1 1 1 1 72398 4 2 0 6 0 0 0 2 0 0 3 2 0 1 0 4 0 0 0 0 1 0 1
305 CCA 0 0 0 0 8 4 0 0 2 0 0 0 0 0 0 4 9 0 58 0 111988 6 49 5 0 0 0 0 11 2 1 0 0 0 0 0 7 1 2 0 2 0 0 0 0 0 0 0 1 0 0 2 18 1 0 0 2 0 0 0 2 0 1 1
306 GGA 1 3 0 3 0 3 0 0 28 0 3 0 0 0 0 0 0 3 2 1 0 0 3 1 2 0 0 0 4 0 1 0 23 36 0 2 2 1 1 0 93606 4 6 1 2 2 0 0 0 2 0 2 3 2 0 3 3 0 0 0 0 1 2 0
307 CAA 11 3 0 0 0 1 0 0 0 0 0 0 0 0 0 0 100652 1 0 1 1 0 0 0 0 0 0 0 0 1 0 0 3 0 0 0 0 0 0 0 0 0 0 0 0 0 0 0 12 1 0 0 2 0 0 0 0 0 0 0 0 0 0 0
308 GCA 5 1 0 0 68 0 0 0 1 0 3 0 0 0 0 1 2 2 1 2 8 1 0 0 1 0 0 0 1 0 0 0 7 1 0 2 76202 5 0 5 1 0 0 0 66 0 1 0 1 0 0 0 3 0 0 0 0 1 3 0 1 0 1 0
309 TTC 0 0 0 0 0 0 0 0 0 0 0 0 0 0 0 2 1 2 1 0 0 0 0 0 0 0 0 0 0 1 1 2 0 0 0 0 0 0 0 0 1 1 1 0 0 0 0 0 0 3 1 3 0 1 0 0 1 1 0 0 1 45912 0 14
310 TAT 0 0 1 5 1 0 0 1 0 0 0 0 1 2 0 1 1 2 6 16 0 0 0 0 0 0 0 0 4 0 5 2 1 0 0 2 0 0 0 0 0 0 1 0 1 0 3 0 3 7 2 107373 0 0 0 0 6 0 3 10 2 0 5 2
311 GCA 0 0 0 0 111 2 3 3 0 0 0 1 1 0 0 2 5 3 0 0 0 0 0 0 3 0 0 0 1 0 0 0 6 0 0 0 48396 0 5 1 0 0 3 0 64 0 1 1 2 0 0 1 5 0 1 0 1 1 0 0 1 0 1 0
312 ACA 8 1 1 1 117152 4 21 8 8 2 1 0 34 0 0 2 0 0 2 0 0 0 0 0 1 0 1 1 0 0 0 0 0 0 0 0 14 0 0 3 2 0 0 0 2 0 0 3 0 0 0 0 0 0 0 0 0 0 0 0 0 0 0 4
313 GAT 5 3 0 28 0 0 1 0 6 0 0 1 0 0 0 0 3 0 0 6 0 0 0 0 1 0 2 1 1 0 0 0 26 6 2 89227 3 0 1 2 3 1 2 6 2 0 3 1 0 1 0 7 0 0 0 0 0 0 0 0 0 1 1 0
314 GGC 1 4 0 0 2 4 2 0 3 39 2 1 1 0 0 0 1 0 0 0 0 0 0 0 0 3 1 5 0 0 0 0 0 71 1 0 2 0 3 0 4 50654 2 39 0 0 1 2 1 0 0 1 0 0 0 0 0 3 1 2 0 1 0 0
315 ATA 6 0 0 0 8 0 0 0 0 0 0 5 135807 1 16 0 0 0 0 2 1 0 0 0 0 0 0 0 0 0 0 0 0 0 0 0 0 0 0 0 0 0 0 3 4 0 6 0 3 0 3 0 0 0 0 0 0 0 0 0 3 0 4 1
316 ATA 10 2 3 4 0 0 0 0 0 0 2 0 133814 0 62 4 1 4 0 1 2 0 0 1 2 0 0 3 3 0 1 0 1 1 3 2 0 0 0 0 2 1 3 2 10 0 0 2 1 0 2 4 0 1 2 1 0 0 0 4 9 2 4 4
317 GGG 0 0 0 2 1 0 0 0 0 1 27 0 1 0 0 0 0 0 1 0 0 0 0 0 0 5 1 0 0 2 0 0 2 1 35 0 0 0 2 0 50 3 121794 16 0 0 1 0 0 0 6 0 0 0 3 0 2 1 10 0 0 0 0 0
318 GAG 1 1 29 2 1 3 2 0 0 3 2 0 8 0 4 8 2 0 9 1 1 1 0 0 3 7 2 0 0 0 2 1 46 2 133889 7 0 0 0 0 1 0 22 0 0 0 4 2 0 5 5 2 0 5 4 0 0 0 2 3 2 0 1 0
319 ATA 8 1 0 0 7 0 1 0 8 0 0 0 139664 7 37 0 2 2 0 0 0 2 2 0 1 0 2 0 1 8 0 3 1 1 0 1 2 2 0 0 0 0 0 0 11 4 1 0 1 0 0 0 0 1 0 0 1 0 2 0 4 2 2 1
320 AGA 24 3 0 3 0 1 1 1 140415 0 4 3 4 0 0 0 1 3 0 0 0 0 1 0 1 1 4 0 1 1 0 3 0 0 1 0 1 0 0 1 7 0 1 0 1 0 0 0 0 0 0 0 0 0 0 0 6 0 1 1 0 0 0 0
321 CAA 30 1 0 6 3 1 2 2 1 3 0 2 6 1 0 0 138860 7 22 2 6 0 0 0 15 2 1 0 3 9 7 0 1 1 1 0 1 2 3 3 4 1 0 1 4 2 2 3 23 0 1 1 3 3 0 2 0 2 5 0 3 1 2 1
322 GCA 0 0 0 0 74 0 0 0 0 0 3 0 0 0 1 0 0 0 0 0 6 4 0 0 0 0 0 0 0 0 0 0 3 0 0 0 127584 0 5 5 0 0 1 0 63 0 0 2 1 0 0 0 3 0 1 0 1 1 2 0 0 0 0 0
323 CAT 5 0 3 15 4 1 1 0 0 2 0 0 0 0 3 1 13 25 1 131173 2 0 0 0 2 2 1 3 5 0 3 2 0 2 2 2 4 1 0 1 1 1 0 0 0 0 0 0 0 0 1 37 1 0 1 0 0 0 0 1 2 0 3 1
324 TGT 0 2 0 0 0 2 0 0 1 0 0 8 0 0 0 0 0 1 0 1 0 0 0 0 0 1 0 7 0 0 0 1 0 0 1 3 0 0 0 0 0 1 0 1 0 0 0 0 1 0 2 36 1 0 0 0 16 20 2 135068 0 1 0 9
325 AAT 3 5 0 139656 3 3 0 0 0 0 0 14 4 1 0 5 0 11 0 3 0 0 0 0 3 0 1 1 0 0 0 3 0 0 0 16 0 0 2 1 0 0 0 1 3 1 0 0 0 0 0 6 0 1 0 0 0 0 3 0 0 0 1 0
326 GTT 0 1 0 0 1 0 1 0 0 0 0 0 1 0 0 50 0 0 0 1 2 2 0 0 2 0 2 0 1 6 5 2 0 0 0 2 0 1 0 13 0 0 0 1 6 17 0 134065 2 3 0 0 0 0 0 0 0 0 0 0 4 2 7 6
327 AGT 1 0 2 33 0 6 3 2 5 18 0 138743 1 0 3 1 0 0 0 1 2 2 0 0 0 2 3 5 2 0 0 0 0 0 0 1 0 0 0 0 1 0 0 15 0 0 0 0 2 0 0 0 4 0 5 1 0 0 0 0 0 0 0 0
328 AAA 141743 2 10 8 0 3 0 5 7 0 0 1 5 5 0 2 1 6 2 2 0 0 0 2 0 2 1 4 0 1 2 0 7 0 2 0 7 1 0 0 0 1 2 2 0 2 2 0 3 3 1 4 9 0 3 0 0 1 1 1 2 4 6 0
329 AAA 141803 7 178 1 9 2 2 9 20 0 0 0 2 2 0 4 2 0 2 6 0 4 4 3 2 0 3 0 0 2 0 6 9 4 0 0 0 1 1 3 1 1 1 0 0 3 1 2 1 2 0 5 6 2 5 0 2 0 0 0 0 3 6 4
330 GAA 32 0 2 0 0 0 0 0 0 2 2 3 0 0 5 2 5 7 0 3 0 1 0 0 1 0 0 3 2 0 0 0 141835 2 13 0 0 6 2 0 2 4 0 0 4 0 0 0 6 0 0 0 3 0 0 0 0 0 0 0 0 0 2 0
331 TGG 0 0 0 0 0 0 0 0 0 2 3 0 1 0 0 1 0 0 2 0 0 0 0 0 0 0 0 0 0 0 1 0 0 0 0 0 0 0 0 2 0 0 0 0 0 0 0 0 1 0 26 0 1 0 2 0 21 1 141147 2 3 0 3 0
332 AAT 10 3 6 141625 5 4 2 6 0 1 0 10 2 0 4 9 0 0 0 6 7 6 1 2 0 0 0 1 0 0 0 3 2 0 0 2 1 0 0 0 0 4 4 0 3 0 2 0 4 0 0 4 1 4 0 0 2 1 6 2 1 0 0 0
333 AGC 3 107 0 1 7 10 0 3 17 140852 5 63 3 11 6 0 8 1 5 4 12 8 7 0 1 5 6 0 0 3 8 2 1 0 0 0 3 3 3 3 6 58 0 5 0 8 1 4 0 2 0 6 3 7 0 4 0 4 5 0 3 6 8 0
334 ACT 7 2 2 3 16 12 6 136690 0 0 3 0 0 0 1 21 5 5 2 3 0 0 0 3 0 1 4 0 8 0 0 6 2 0 1 0 3 0 3 5 0 3 3 4 1 0 1 2 0 4 1 0 1 2 0 4 0 6 0 2 5 0 0 3
335 TTG 0 0 0 1 3 0 2 0 0 1 0 0 0 4 14 3 1 0 1 0 0 4 2 1 0 0 4 1 0 4 19 1 1 2 0 0 4 2 0 0 0 6 0 4 1 0 4 2 0 0 1 0 0 0 36 1 0 0 1 3 162 1 138199 4
336 CAA 18 0 3 6 2 5 0 1 0 0 1 2 1 2 0 2 141432 10 9 4 0 7 0 0 31 7 3 7 6 9 2 1 7 0 3 5 0 5 4 0 0 1 2 6 0 0 0 1 108 0 0 1 5 5 3 1 0 2 2 2 0 4 4 2
337 AAG 59 1 141592 13 0 8 3 10 0 7 108 7 1 3 6 4 4 7 10 1 0 0 0 0 1 4 2 4 6 2 5 4 0 0 12 5 4 2 0 2 5 1 2 2 0 0 0 0 1 1 1 0 3 2 1 3 0 0 2 0 7 0 0 0
338 GTA 0 0 0 1 19 0 2 2 4 0 1 0 87 0 0 0 0 0 0 0 0 0 0 0 0 0 0 1 1 0 2 3 4 1 0 0 7 0 0 0 1 0 1 0 141396 0 20 10 0 0 0 0 0 0 0 0 0 4 0 0 20 0 3 0
339 GCC 4 0 1 0 3 75 0 2 0 2 0 0 0 6 0 2 4 0 1 0 0 0 0 0 0 2 2 1 0 2 1 0 2 18 0 0 6 137772 1 11 3 2 3 8 0 112 8 3 0 0 0 1 2 10 1 2 0 1 0 0 0 0 3 5
340 AAC 6 141437 3 38 0 5 4 2 1 19 0 0 4 1 0 2 0 0 0 0 0 1 0 0 0 7 0 1 1 3 3 0 1 13 3 1 1 0 3 0 1 0 4 1 5 1 3 0 0 10 0 3 0 0 2 2 0 2 0 1 0 0 0 5
341 CAA 8 3 5 6 6 2 0 7 0 5 2 0 6 6 1 6 141565 7 5 12 0 0 0 1 1 5 4 0 8 0 4 0 0 0 1 0 5 2 2 4 0 0 2 0 2 4 8 2 22 0 0 0 1 2 7 0 1 1 0 4 1 3 6 0
342 TTA 0 0 0 0 0 0 2 1 0 0 0 0 18 0 0 2 0 0 0 0 0 0 0 0 0 1 0 0 17 1 3 0 0 0 1 0 0 1 0 0 0 0 3 0 3 0 0 0 29 0 2 2 9 0 0 1 1 0 0 0 141737 3 40 7
343 AGA 72 0 4 12 2 0 3 1 141835 0 8 1 15 6 5 2 3 3 4 9 2 0 0 0 20 0 10 4 4 2 0 2 2 0 0 0 0 3 2 0 8 0 9 0 3 1 1 6 0 0 1 0 0 0 1 0 4 0 2 1 1 1 1 0
344 CCA 0 1 5 2 22 14 1 11 2 0 1 4 5 0 0 1 17 8 0 6 141844 13 7 5 0 2 3 0 10 0 3 1 0 3 6 1 4 1 3 1 1 1 13 1 3 0 1 1 1 0 0 2 26 0 0 3 0 4 0 0 4 1 4 6
345 TAC 0 8 0 6 0 4 1 0 4 1 0 0 0 4 5 0 2 9 0 2 0 2 0 0 1 0 0 0 4 1 3 0 0 1 0 0 4 1 0 4 0 0 1 0 0 3 0 0 5 141406 4 32 0 0 0 0 4 8 3 3 3 5 0 4
346 TTT 0 0 0 0 1 0 0 0 0 1 2 0 2 0 0 8 0 0 0 1 5 3 0 0 3 4 1 0 0 3 5 8 4 0 4 2 0 2 1 0 3 0 1 5 0 5 6 11 0 1 0 9 0 0 0 9 0 0 1 0 17 12 2 140082
347 AAG 84 3 141823 17 2 4 6 3 0 4 22 0 2 5 3 1 2 3 0 1 5 8 1 4 5 2 1 7 0 0 2 5 1 4 15 0 2 4 1 0 1 0 8 10 6 0 2 2 0 0 2 7 2 2 2 3 0 0 0 5 3 2 4 4
348 AAC 14 141939 4 31 4 5 3 0 0 6 0 0 0 7 0 3 2 8 3 6 5 8 0 4 0 1 1 2 1 0 0 1 0 0 1 2 0 0 0 0 1 3 1 1 4 2 0 3 1 1 0 5 1 1 0 2 0 0 1 0 1 0 4 0
349 AAC 17 141893 1 31 3 7 0 0 4 22 3 0 0 3 0 1 0 5 0 3 0 1 1 0 0 7 1 2 1 1 0 0 1 11 10 2 1 2 0 0 0 4 2 0 2 1 5 6 9 0 0 0 0 3 0 3 4 0 8 0 0 1 2 0
350 ACA 22 0 1 0 141919 2 7 2 1 0 1 0 11 2 0 0 1 2 2 0 1 1 3 3 2 1 3 0 0 2 1 5 0 0 0 2 5 3 2 0 4 0 5 0 0 0 0 2 0 0 0 6 2 6 0 5 0 0 5 0 0 0 0 0
351 ATA 3 0 1 0 15 4 6 0 2 1 4 0 141948 1 9 0 0 2 1 10 13 6 0 1 8 1 0 0 1 0 0 2 0 0 0 0 0 2 2 0 0 0 0 0 10 0 0 1 1 0 1 3 0 3 3 2 0 0 1 2 7 0 4 0
352 ATA 35 0 1 0 8 0 0 0 3 0 0 0 142151 0 20 4 1 0 0 0 0 3 0 0 0 0 1 0 0 0 0 0 0 0 0 0 0 0 0 0 0 0 0 0 2 3 2 0 1 2 0 3 0 0 0 1 2 0 0 0 0 1 0 1
353 AAA 141933 8 8 18 1 10 1 1 12 8 2 2 6 5 0 0 0 6 2 1 0 0 1 0 4 1 3 1 11 1 3 0 12 10 0 0 2 2 1 0 0 0 0 0 5 4 0 0 3 0 0 3 4 0 4 6 0 0 3 0 6 2 1 0
354 TTT 5 4 0 2 0 2 0 0 1 0 0 0 0 0 0 11 0 0 0 0 0 4 0 1 0 0 0 0 0 0 0 12 0 0 0 2 1 0 3 0 0 2 1 0 0 0 0 0 4 5 0 1 0 0 0 2 0 0 1 1 0 4 6 141934
355 GCT 8 3 1 3 2 0 0 88 0 2 3 3 1 0 8 2 7 0 1 0 0 0 0 0 1 1 0 0 3 0 0 0 2 0 2 12 13 18 7 141717 3 0 2 0 1 0 5 93 0 2 4 1 6 6 2 11 1 0 1 1 2 3 4 6
356 AAC 13 142099 9 27 4 6 1 0 1 7 0 2 3 9 1 8 2 3 5 1 2 3 0 0 2 6 1 0 1 8 0 0 3 10 0 0 5 2 5 3 7 1 2 3 2 0 2 0 5 1 0 3 3 0 0 2 0 3 0 0 0 5 1 0
357 TCA 10 8 0 10 10 1 4 0 3 2 0 0 0 0 0 0 5 6 1 0 9 1 0 7 4 0 0 0 0 0 0 0 0 1 0 0 4 4 1 2 0 1 0 2 0 4 0 1 9 0 0 0 141950 0 14 6 0 2 0 3 20 0 0 0
358 TCA 0 1 0 0 8 1 0 0 0 2 0 1 0 0 0 0 1 0 0 0 30 1 1 2 0 0 0 0 1 0 0 0 1 5 0 0 2 2 3 0 2 0 0 0 0 0 0 2 4 0 2 0 141230 8 61 1 0 0 0 2 29 0 0 0
359 GGA 1 1 0 0 0 0 0 0 21 0 0 0 1 1 0 4 2 0 0 0 0 0 1 0 0 0 0 0 0 1 1 0 12 0 1 0 0 1 0 0 142210 2 21 0 0 0 0 0 0 0 0 0 0 2 0 2 7 0 3 0 0 0 0 0
360 GGG 0 0 0 0 0 0 0 0 0 0 103 0 0 0 0 3 5 1 0 0 2 2 2 0 0 0 1 0 1 2 0 6 0 0 25 0 0 0 0 0 38 0 141976 7 2 0 6 0 0 0 0 0 0 3 0 0 1 0 5 0 1 0 0 4
361 GAT 0 0 0 23 0 0 1 0 0 0 0 0 0 3 0 1 2 1 0 0 0 3 1 0 0 0 0 0 0 0 0 0 6 11 0 142180 5 0 3 2 0 0 0 3 0 0 0 0 0 5 0 6 0 0 0 0 0 0 0 0 0 0 0 1
362 CTA 4 5 3 3 5 2 0 0 0 0 6 0 15 3 5 1 5 0 2 3 39 0 0 5 0 3 4 0 141963 1 53 6 1 0 0 0 0 1 0 5 0 3 2 0 9 0 9 0 0 10 1 3 2 0 0 4 1 0 7 1 17 1 2 6
363 GAA 11 1 1 0 0 0 0 0 0 0 3 0 2 0 1 0 0 1 0 0 0 0 0 0 0 3 2 4 0 0 0 0 142196 0 10 2 0 1 0 0 2 1 0 1 0 0 0 0 6 0 0 0 0 2 0 0 1 0 0 0 0 0 0 2
364 ATT 0 0 0 9 0 0 0 5 0 0 0 11 11 21 0 142180 0 2 2 1 3 0 0 0 0 0 0 1 0 5 2 4 0 0 0 0 0 0 0 0 0 0 3 0 1 1 0 5 0 0 1 0 0 0 0 0 1 0 1 1 0 0 0 6
365 ACA 6 0 0 0 200536 11 47 10 1 1 0 3 83 1 3 2 3 0 0 5 6 0 0 0 1 5 0 0 0 4 1 9 5 1 0 2 17 1 10 8 1 3 3 0 9 1 6 7 0 0 2 1 15 10 0 2 2 8 1 0 0 0 1 0
366 ACA 5 0 3 0 200851 10 12 15 1 1 0 9 21 0 1 0 13 9 6 3 3 2 0 4 2 0 0 0 2 0 4 0 2 0 4 0 24 4 1 0 2 1 0 0 1 1 0 4 0 2 1 0 4 2 2 9 0 1 0 6 0 2 0 3
367 CAT 0 2 0 10 2 1 4 6 0 2 0 9 0 2 9 0 3 29 1 200703 0 0 0 0 1 0 0 4 0 6 0 10 1 0 0 4 6 5 5 4 4 0 0 0 5 0 0 1 0 0 1 24 4 0 0 1 2 0 7 0 0 0 3 7
368 AGT 10 5 0 42 3 1 7 10 6 20 1 199891 3 0 1 7 3 6 3 5 0 0 0 0 0 0 1 5 0 4 0 2 0 0 0 0 11 0 2 0 0 0 7 22 5 0 1 4 0 0 0 0 0 0 5 2 0 0 6 0 1 5 5 1
369 TTT 2 4 6 0 0 7 0 0 0 0 0 0 0 0 1 9 0 3 1 0 0 0 0 0 0 0 0 0 0 0 0 9 2 0 0 0 5 0 3 0 0 0 2 0 0 2 0 0 2 0 3 5 0 0 0 14 0 1 8 0 3 17 0 200396
370 AAT 3 10 5 200734 4 3 0 0 1 1 0 11 0 0 1 10 2 0 0 1 0 0 0 0 0 6 0 4 0 3 0 3 0 0 0 40 3 3 2 0 0 0 0 0 0 2 0 2 0 0 0 2 7 0 6 0 0 0 0 0 0 0 4 2
371 TGT 3 0 0 0 0 6 0 0 0 0 0 0 0 0 0 0 1 1 3 2 3 0 0 0 2 0 0 10 0 0 0 0 0 0 0 0 0 0 0 0 3 0 3 0 0 0 0 0 1 1 1 67 0 1 0 1 1 14 2 200435 3 0 0 6
372 GGA 0 0 1 0 0 0 0 0 54 0 1 0 0 0 0 2 4 0 0 0 0 0 0 0 0 3 0 4 0 0 0 0 45 1 0 0 0 0 1 0 200529 5 66 20 10 0 0 1 0 0 0 0 0 0 0 0 8 0 0 0 1 0 5 0
373 GGA 0 4 0 1 0 0 1 0 46 3 7 0 2 0 4 0 13 0 0 3 2 0 0 1 1 0 0 0 2 0 0 0 11 0 0 0 0 1 1 0 200770 5 13 4 9 1 1 3 6 0 0 1 3 0 0 0 5 0 0 0 1 0 0 0
374 GAA 47 0 0 2 4 2 3 0 1 0 0 1 0 0 2 0 4 6 0 0 3 1 0 0 0 0 0 0 2 3 0 0 200706 0 5 7 0 0 0 0 2 1 0 0 2 0 0 0 0 1 0 0 4 4 0 0 2 0 0 0 0 0 0 0
375 TTT 0 5 0 4 0 1 0 0 0 2 0 0 0 1 0 38 0 0 0 1 3 3 0 0 0 1 0 2 0 0 0 0 6 0 3 0 0 0 1 3 0 0 0 0 1 0 0 3 0 1 0 16 0 3 0 4 2 0 0 0 9 14 9 200392
376 TTC 0 9 0 0 0 2 0 5 0 0 0 0 0 8 0 0 0 0 1 2 3 3 0 0 1 1 3 0 5 1 10 0 0 0 0 0 6 0 0 0 0 0 2 2 2 2 0 1 2 3 3 0 1 17 0 1 0 3 2 2 32 200643 0 63
377 TAT 3 1 4 15 0 4 0 0 3 2 3 0 0 0 0 1 0 4 0 16 10 0 2 0 0 0 3 0 2 3 1 4 0 2 2 0 0 0 4 2 0 0 0 0 0 0 0 2 3 23 12 200527 5 3 0 3 1 0 0 8 1 0 3 14
378 TGT 0 1 0 0 0 1 0 0 4 0 3 1 2 2 0 0 0 4 0 0 2 1 0 0 0 0 0 8 0 0 1 0 2 0 1 0 0 0 0 0 7 0 2 1 1 0 0 9 0 3 7 61 0 0 0 3 13 60 2 200263 6 0 0 9
379 AAC 27 200469 0 56 6 11 3 3 1 38 7 1 2 3 1 0 1 13 4 1 0 12 5 0 3 0 5 2 3 6 0 0 1 37 7 1 2 9 1 5 0 2 5 2 7 2 4 7 0 2 0 3 10 3 3 2 0 1 4 0 12 2 0 2
380 ACA 19 0 0 0 200860 13 19 3 2 0 0 0 9 0 0 0 0 2 0 0 1 0 3 0 0 0 0 1 5 0 2 0 0 0 1 0 3 0 0 0 1 0 0 0 2 0 0 0 0 0 0 3 3 9 5 6 4 0 0 0 1 0 2 1
381 TCA 6 2 2 7 9 4 1 6 1 1 2 0 3 3 0 0 2 11 4 6 17 1 0 0 0 3 5 1 0 2 4 4 0 3 0 11 6 7 0 0 1 2 2 0 8 0 0 1 6 4 3 0 199839 7 102 12 0 0 0 0 29 6 0 0
382 GGC 11 3 2 2 1 13 0 0 2 64 0 0 1 3 7 3 19 4 5 0 11 0 1 5 1 29 14 11 0 3 0 2 0 101 0 2 7 15 2 5 12 198721 11 56 4 21 4 0 3 3 0 3 16 5 0 3 0 18 1 6 13 3 2 1
383 CTG 0 1 0 0 0 0 0 0 0 1 0 2 6 7 40 6 0 0 8 8 3 0 36 3 0 3 3 0 86 16 199868 7 0 0 1 0 0 3 0 0 0 0 0 4 0 0 0 2 4 0 0 0 0 0 0 4 1 0 5 0 3 0 22 4
384 TTT 4 5 0 0 2 1 1 4 0 0 2 0 0 3 0 13 1 2 0 2 2 1 0 0 0 0 5 5 0 2 5 14 3 1 0 2 0 0 2 0 0 3 8 0 5 0 1 4 0 1 0 14 0 0 5 17 2 0 4 0 6 31 1 199162
385 AAT 20 30 8 200468 15 4 17 3 6 18 9 39 7 5 6 8 1 4 0 9 13 5 4 4 1 7 3 12 2 3 6 1 2 6 9 8 7 4 10 7 8 0 6 3 0 1 1 3 5 7 1 3 7 16 5 11 0 0 4 7 1 6 1 6
386 AGC 4 104 5 2 13 7 7 4 6 197432 1 84 0 13 4 0 25 8 0 8 14 6 5 0 0 11 0 0 0 0 4 0 4 5 6 5 4 8 8 5 4 88 12 18 3 3 2 4 0 5 5 4 2 0 6 1 2 7 4 0 0 4 0 10
387 ACT 11 12 11 22 35 26 16 199747 13 17 10 17 8 0 2 61 10 9 5 3 4 8 10 9 5 13 7 5 5 1 0 3 10 2 13 11 9 0 7 4 7 0 10 14 8 24 3 7 1 2 7 4 6 8 13 0 4 5 10 3 8 0 4 1
388 TGG 5 11 6 1 0 9 5 7 0 3 9 7 8 2 18 7 1 4 3 9 1 10 1 2 0 4 36 0 15 5 2 5 1 4 2 4 11 2 9 0 0 1 17 3 1 6 6 1 0 6 14 8 9 5 8 4 24 5 198440 18 5 8 20 18
389 GAG 4 4 51 1 11 14 15 7 0 5 6 15 5 15 4 9 5 6 20 17 11 11 7 7 3 8 4 3 1 10 14 2 106 16 199077 27 7 0 7 0 11 12 27 5 6 3 9 11 3 11 11 5 5 5 18 2 0 3 10 12 7 8 13 11
390 TTT 4 10 0 0 7 9 0 6 1 3 4 0 3 9 8 13 0 16 6 4 5 14 7 11 3 1 19 0 6 5 1 29 5 2 11 0 7 3 1 3 4 3 0 7 5 1 1 11 5 9 6 18 3 0 0 32 0 4 7 1 14 37 8 198630
391 AAT 18 22 0 200418 4 4 0 1 2 1 1 26 1 5 0 10 0 11 0 2 7 4 4 3 2 1 5 4 4 0 1 0 0 2 0 22 0 1 0 8 0 0 1 0 5 4 1 1 3 1 0 15 4 7 3 3 0 0 2 0 0 2 0 0
392 AGC 4 98 0 0 3 14 0 9 14 196145 11 76 0 10 3 5 11 3 9 0 18 12 0 2 2 13 0 12 9 2 7 2 2 3 0 0 3 10 3 1 0 52 1 11 0 2 3 11 2 1 2 1 0 7 6 0 4 5 5 0 0 0 0 0
393 ACT 10 1 12 18 20 23 11 196769 4 2 6 7 4 7 1 43 10 3 0 4 11 17 0 7 11 8 4 7 1 1 3 11 3 6 15 0 5 18 3 9 1 1 6 11 8 2 5 8 3 2 0 2 6 4 0 17 0 0 1 4 4 0 6 6
394 TGG 16 8 6 11 10 2 22 0 11 8 10 7 5 1 0 13 1 1 3 1 5 2 1 4 3 5 78 4 5 0 13 14 5 0 6 4 4 4 1 1 0 4 2 23 4 0 4 5 0 0 26 3 1 5 2 2 34 12 197254 4 0 6 13 1
395 AAT 12 44 8 199718 12 5 9 0 4 0 4 18 1 5 2 14 0 19 5 7 13 19 7 3 3 2 8 5 3 1 6 3 6 2 0 9 4 8 14 0 3 5 4 12 3 11 4 9 0 6 0 12 0 3 5 5 0 0 8 5 5 4 2 2
396 AAT 9 7 1 198931 4 11 3 11 2 0 3 5 2 7 11 8 1 3 10 3 14 7 7 0 2 0 3 0 6 1 1 5 0 0 7 20 6 5 0 6 2 3 5 5 0 0 0 5 0 3 0 4 0 0 5 2 0 7 2 1 10 2 0 0
397 TCA 0 8 2 9 9 10 2 9 2 7 4 4 0 4 7 3 1 6 10 3 17 6 3 3 4 2 3 8 0 9 3 0 3 7 9 8 10 5 10 1 7 6 13 5 9 2 4 11 16 4 0 6 199271 6 46 2 6 5 7 11 34 3 9 2
398 AAT 23 17 6 200045 4 9 1 7 1 4 4 13 2 6 0 6 7 6 16 4 2 4 13 2 2 6 1 3 2 5 0 2 4 1 0 30 12 7 8 3 12 7 5 6 8 2 0 2 0 3 1 3 6 8 1 2 0 0 8 17 5 1 10 2
399 AGC 2 99 4 1 8 12 1 4 10 189753 4 84 3 7 2 2 4 16 11 3 12 6 7 4 2 6 3 0 11 0 6 2 0 12 2 18 7 6 7 1 0 45 2 0 0 5 2 0 0 3 0 3 0 6 8 0 0 10 2 2 0 1 4 1
400 ACA 21 5 1 4 198902 2 27 5 0 2 3 1 33 0 3 0 9 4 22 3 9 3 0 8 0 15 0 6 13 4 0 4 4 0 0 4 18 0 4 3 2 0 3 1 1 1 0 7 2 0 0 7 12 1 2 0 3 1 3 0 1 2 1 6
401 GAG 0 0 26 0 2 5 3 2 0 4 1 1 0 0 1 3 3 4 11 8 0 11 0 0 3 4 0 0 0 8 11 4 30 3 194638 5 0 2 5 0 2 4 8 0 2 4 14 0 0 2 2 0 0 4 6 1 2 0 0 0 8 0 3 0
402 AAT 16 13 3 196975 7 2 0 2 0 0 13 7 0 6 9 8 6 3 5 0 6 5 0 1 3 1 3 0 0 2 0 0 3 4 5 21 0 4 2 7 2 0 4 1 0 1 4 2 0 0 0 9 2 0 2 0 1 3 0 0 0 1 5 4
403 ATA 1 2 0 0 14 1 0 1 0 0 1 0 199137 0 14 4 1 6 3 7 0 0 0 0 0 0 0 0 6 0 0 0 1 0 0 0 0 2 3 0 0 4 4 0 21 3 4 1 1 0 1 1 0 0 0 0 1 0 0 0 2 5 4 0
404 ACT 4 1 0 35 16 19 0 183739 0 2 0 3 1 0 4 24 9 0 0 4 1 0 0 0 0 1 2 0 0 2 0 0 0 1 0 2 0 0 0 8 5 3 0 0 4 0 2 9 1 1 0 7 2 0 1 1 0 0 2 0 2 1 0 1
405 CTC 0 0 0 0 0 0 1 1 0 0 3 4 0 7 2 1 0 2 0 0 0 21 0 4 1 2 0 0 10 185615 1 51 0 3 0 0 0 0 0 1 0 1 0 0 0 8 1 6 0 0 2 4 0 0 0 2 0 0 0 0 2 23 5 0
406 CAA 21 10 0 4 0 3 5 1 0 7 0 0 13 3 0 0 196797 0 8 3 13 5 0 10 14 0 0 2 12 0 4 0 4 0 0 0 2 0 0 7 0 4 3 4 4 0 0 3 15 0 0 2 5 1 0 0 0 0 0 2 0 3 0 0
407 TGC 1 0 0 0 0 4 0 0 0 2 0 2 0 4 0 0 0 0 0 0 0 0 0 2 0 8 0 0 0 0 0 0 0 0 0 0 0 0 2 0 0 1 2 0 2 0 0 0 1 108 0 0 0 5 2 0 28 173348 0 190 0 6 0 1
408 AGA 44 9 8 6 6 0 0 7 185556 0 6 1 15 0 2 2 4 0 1 0 2 0 3 1 12 0 3 7 0 2 0 0 0 0 0 0 2 1 1 0 26 3 0 0 0 3 0 1 2 0 0 5 0 0 0 2 10 2 3 0 0 0 0 2
409 ATA 1 2 0 0 0 0 0 0 0 0 0 2 193440 6 20 3 1 1 0 0 0 0 4 1 0 1 2 0 8 3 0 6 5 0 0 0 0 0 0 0 0 0 0 0 7 0 7 2 3 0 0 4 0 0 1 0 5 0 0 7 3 6 5 2
410 AAG 101 5 189083 21 0 0 1 0 3 0 22 0 0 2 0 0 1 11 2 1 0 0 0 0 0 0 9 1 0 0 1 0 0 0 20 1 0 0 0 0 0 0 0 0 0 1 0 0 2 0 9 0 0 0 0 0 0 0 0 0 0 0 1 1
411 CAA 8 0 6 2 0 0 0 0 5 0 2 0 0 1 1 2 195129 1 9 0 0 0 0 0 1 0 0 2 0 0 0 4 0 2 0 0 0 0 0 0 1 3 0 0 0 0 0 0 36 0 0 0 5 5 1 1 0 2 0 3 0 0 0 0
412 ATT 0 1 0 24 0 1 0 2 2 0 0 4 6 18 0 140319 0 0 0 0 0 0 0 0 0 0 0 3 6 0 0 5 0 0 0 2 0 2 0 0 0 0 1 0 8 0 1 4 0 2 0 3 0 0 0 0 0 0 0 0 0 0 1 7
413 ATA 10 6 0 0 14 5 1 0 3 0 0 0 168683 21 21 9 0 0 0 0 2 0 0 2 3 0 0 0 6 0 0 2 0 1 0 0 1 0 0 0 0 1 1 3 2 2 1 2 2 0 0 1 0 1 0 1 1 0 0 0 6 3 0 0
414 AAT 36 16 9 181156 6 6 6 2 1 2 2 2 1 1 0 9 0 4 14 1 1 3 1 2 8 5 2 6 0 3 1 1 0 1 1 5 0 3 4 5 4 4 2 8 1 1 5 0 1 4 0 8 3 0 9 0 0 0 3 0 1 2 0 0
415 ATG 2 0 1 0 4 0 8 2 0 1 6 0 65 3 127916 4 1 3 1 0 3 5 0 1 0 0 0 2 2 2 2 2 0 0 0 0 0 2 0 0 0 0 0 0 4 0 8 4 0 0 1 6 0 0 1 0 0 0 0 1 8 2 2 1
416 TGG 5 0 2 3 0 0 0 0 0 0 8 0 0 1 0 0 0 0 0 0 0 0 0 0 0 3 7 0 0 0 0 0 0 0 0 1 0 0 0 0 0 1 0 0 0 0 2 0 0 0 37 0 0 0 1 0 79 5 154967 0 0 0 15 2
417 CAA 7 0 0 5 2 1 0 4 0 4 4 3 0 0 0 0 184732 5 15 7 0 2 0 0 16 3 0 0 0 0 0 0 0 1 0 1 6 0 0 3 0 0 0 0 0 0 0 0 47 4 0 0 4 3 3 4 2 0 1 0 0 0 1 0
418 AGA 53 8 5 0 5 2 2 4 177525 6 10 2 18 2 2 1 4 2 0 1 0 3 3 0 4 0 1 1 0 0 3 2 1 3 13 0 2 3 0 1 22 0 3 0 3 0 1 0 0 0 0 6 1 0 0 0 91 0 0 0 1 0 0 0
419 GCA 1 11 1 7 88 7 1 6 2 8 0 4 7 4 2 12 11 3 15 0 9 6 3 5 0 0 0 3 4 7 0 2 11 4 0 2 127670 6 76 8 4 3 0 7 167 4 2 1 0 8 0 0 12 4 0 8 0 0 1 1 0 1 1 4
420 GGA 0 0 0 5 0 0 0 2 48 0 4 0 2 1 1 0 1 6 1 3 0 1 0 2 7 8 0 0 0 3 0 4 24 8 4 0 1 0 0 3 126227 7 24 2 1 2 0 1 0 1 0 0 2 3 0 0 10 2 3 0 1 2 0 1
421 CAA 32 13 18 4 5 5 3 3 6 3 4 1 3 3 1 3 151639 9 39 8 5 6 2 6 8 3 6 5 18 4 1 5 8 0 1 2 11 5 1 10 0 0 1 0 8 5 6 0 11 5 0 12 0 2 5 1 3 1 1 0 4 1 4 1
422 GCA 2 2 2 2 69 4 6 0 7 8 3 7 2 0 1 0 11 2 1 5 6 0 0 2 0 0 1 5 2 1 1 5 14 0 0 0 131368 8 9 1 1 2 3 2 75 5 2 8 0 4 0 2 13 1 0 1 0 1 3 2 2 7 0 4
423 ATA 2 0 0 15 6 6 2 3 3 0 0 0 175917 6 39 13 2 1 2 4 2 0 0 1 2 4 0 0 11 0 2 0 0 5 0 0 0 0 0 0 0 0 0 0 10 5 2 2 0 2 0 4 0 2 2 2 0 0 0 1 5 0 3 3
424 TAT 5 0 0 6 0 0 1 0 1 0 1 2 14 0 2 0 0 0 0 7 0 0 0 0 3 0 2 0 0 0 0 0 2 0 5 3 3 0 0 0 0 0 0 3 0 2 0 4 4 17 6 165264 0 0 0 3 1 0 2 30 7 6 0 3
425 GCC 7 4 0 0 2 89 8 2 0 0 0 0 4 1 1 4 5 2 6 0 3 1 0 0 3 0 0 3 1 2 4 0 0 9 0 0 9 146215 8 20 0 1 0 1 3 118 1 0 0 4 0 0 0 11 3 0 1 8 4 0 6 0 0 1
426 CCT 0 2 0 0 0 1 0 8 0 0 4 2 0 0 0 0 8 1 0 20 10 32 0 110483 0 0 2 1 0 0 0 35 0 0 0 0 0 0 0 0 0 0 0 0 1 0 1 2 0 2 0 6 0 1 0 13 2 0 0 0 2 1 0 2
427 CCC 0 6 0 2 6 16 9 0 0 2 0 1 0 0 4 0 0 39 0 0 19 111853 3 7 3 3 0 0 1 14 0 0 2 0 0 3 1 5 3 1 0 1 0 0 0 0 5 7 0 2 0 0 0 13 3 1 2 0 0 2 2 0 0 1
428 ATA 9 0 1 4 18 0 0 3 2 0 2 0 190710 1 12 4 6 2 3 3 0 1 0 0 0 0 1 0 6 0 0 2 0 0 1 0 0 5 0 0 1 0 0 0 5 4 1 0 0 1 0 1 0 0 2 1 6 0 1 3 0 0 0 3
429 CCA 6 0 2 0 21 4 1 3 0 7 4 0 2 0 0 5 22 0 1 0 174945 11 52 22 6 2 2 1 23 0 0 2 4 0 3 0 3 0 0 0 2 0 0 0 5 0 8 10 0 1 0 0 26 2 2 5 2 2 0 0 2 0 2 0
430 GGA 2 0 1 4 3 1 0 0 15 0 0 0 3 0 1 0 0 5 0 7 0 0 1 0 0 0 1 5 5 0 0 0 20 5 2 5 0 0 0 3 168467 4 24 8 4 2 2 0 3 1 2 1 6 0 0 0 14 5 2 0 0 0 1 1
431 GTA 8 0 4 6 3 8 0 0 0 4 0 1 92 1 0 0 1 2 0 2 10 5 0 4 6 5 3 4 13 7 2 3 25 0 0 0 18 2 1 5 2 2 0 0 189458 1 9 5 2 6 3 4 1 0 0 5 0 0 2 1 4 2 10 8
432 ATA 19 0 0 1 11 0 0 0 0 0 0 1 190714 12 75 9 1 0 1 0 0 0 0 0 0 0 3 0 4 0 5 4 0 0 0 1 0 0 0 0 0 1 0 0 7 0 7 0 7 1 1 0 0 0 0 1 0 0 0 7 10 0 6 5
433 AGG 0 0 34 5 4 0 6 2 87 3 182991 13 6 0 16 0 1 0 0 0 0 0 2 0 1 2 19 6 0 0 11 1 1 0 3 0 1 0 0 0 0 1 32 1 0 0 1 0 2 1 0 2 0 0 2 0 0 1 12 5 0 0 0 0
434 TGT 0 0 0 0 0 0 0 0 0 4 0 1 0 0 1 0 0 1 1 0 0 0 0 0 0 0 0 15 0 0 0 2 0 5 0 0 1 0 0 0 2 0 2 1 0 0 1 0 0 0 6 54 1 0 3 2 0 32 2 192595 0 0 0 12
435 AAA 199518 4 5 5 5 7 0 0 5 0 2 0 2 0 0 0 0 7 1 0 0 1 0 0 0 0 0 2 0 2 3 0 15 0 3 5 0 0 1 0 0 0 0 0 0 0 0 0 1 0 0 0 1 1 4 0 0 0 0 0 1 0 0 0
436 TCA 0 2 1 1 7 0 0 2 0 0 0 2 1 1 0 0 1 2 2 0 6 0 0 0 1 0 5 0 2 0 0 0 0 2 0 0 6 0 0 2 0 0 4 0 0 0 0 0 7 0 1 0 187019 2 14 12 1 0 0 0 23 0 1 0
437 AAT 14 8 0 198082 0 0 0 1 0 1 4 5 0 5 2 1 0 0 3 0 0 0 0 0 0 1 0 0 2 0 5 0 0 1 1 18 0 2 0 4 0 4 2 4 1 0 0 3 0 4 0 1 0 8 1 6 0 0 1 4 0 0 2 1
438 ATT 0 0 0 14 0 0 0 14 0 0 1 0 2 15 4 187735 3 1 0 4 0 0 0 0 0 0 0 2 0 0 3 1 0 0 0 1 0 0 0 0 0 0 4 0 0 4 2 4 0 0 0 0 0 0 0 0 0 4 0 0 6 0 0 0
439 ACA 6 0 0 3 197440 17 127 20 8 6 0 1 93 0 1 0 1 0 0 0 4 0 0 0 0 0 0 0 0 0 0 3 0 0 0 0 17 0 0 0 1 0 0 0 0 0 0 0 0 1 0 0 4 3 0 0 0 0 3 0 0 0 0 3
440 GGA 3 0 0 0 1 0 0 0 31 2 0 1 1 0 1 0 0 0 0 0 0 0 0 0 0 0 0 0 0 0 0 1 58 0 0 0 6 0 0 0 197629 3 9 2 17 0 0 2 0 2 0 0 1 1 0 0 15 0 0 0 0 0 2 0
441 CTA 0 0 0 0 4 2 0 1 0 0 0 0 9 3 8 2 4 0 0 0 27 1 0 3 1 0 0 2 197196 11 16 7 0 0 2 0 0 0 1 0 0 0 0 0 3 0 8 13 0 2 2 0 0 0 0 0 0 5 0 0 33 2 2 2
442 ATA 8 0 0 0 7 3 0 0 1 0 0 0 196787 8 25 10 0 4 0 0 1 4 0 0 0 0 3 0 3 9 0 2 0 3 1 0 0 2 0 0 2 3 1 1 14 5 0 0 3 0 0 0 0 0 1 0 0 0 0 4 1 0 0 1
443 TTA 0 1 0 0 0 0 0 0 0 3 0 0 14 13 0 7 0 0 0 0 1 0 0 0 0 0 0 2 9 0 0 3 2 0 0 0 0 5 0 0 2 0 0 0 2 1 3 0 1 3 0 0 3 1 0 3 0 0 0 2 196943 10 8 4
444 ACA 8 0 1 0 198625 3 45 9 1 2 0 2 22 0 0 3 0 0 0 3 0 7 0 0 0 0 0 0 0 0 0 0 0 0 3 2 9 1 2 1 0 0 0 0 1 0 0 0 3 0 3 1 1 2 1 1 0 0 0 4 0 0 0 5
445 AGA 27 0 1 0 1 0 0 0 197119 1 25 5 15 0 0 0 0 0 0 0 0 0 0 0 1 4 1 0 0 0 0 0 0 0 0 0 0 0 0 0 8 0 0 0 0 0 0 0 1 1 0 0 0 0 0 0 3 0 0 0 0 0 0 2
446 GAT 0 0 1 29 0 0 1 0 0 0 0 0 0 0 0 0 0 0 0 2 4 0 0 0 0 0 0 0 0 0 0 0 7 18 0 197984 2 0 2 0 0 0 0 3 0 0 0 0 0 0 0 6 0 0 0 0 0 0 0 2 2 0 2 0
447 GGT 5 2 0 0 3 0 0 0 0 0 1 27 0 4 0 0 0 0 0 3 0 0 0 0 2 0 0 1 2 0 2 0 0 4 0 44 0 0 0 1 26 17 0 198697 6 0 0 2 4 1 3 0 0 0 0 0 0 0 0 11 2 0 0 2
448 GGG 0 0 0 4 0 0 0 0 0 0 35 0 0 3 0 5 0 0 2 0 0 1 0 0 0 0 0 0 0 0 0 0 0 0 86 5 0 1 0 0 34 0 196952 14 0 0 13 2 0 0 0 7 0 0 0 0 0 0 11 1 0 0 1 0
449 AGT 5 0 2 123 6 5 2 9 21 34 3 199510 2 0 5 5 8 6 0 3 1 3 5 2 3 0 4 2 0 0 2 0 0 2 4 7 4 0 0 0 0 4 4 70 4 0 0 5 0 3 1 0 3 5 0 0 1 4 2 20 0 2 0 1
450 AAT 19 26 5 199043 7 5 9 2 0 0 2 9 5 0 4 9 8 10 3 4 4 9 6 0 0 3 1 4 0 0 0 4 0 6 4 17 0 1 2 0 0 1 4 3 1 3 10 5 0 0 0 7 4 3 4 0 0 4 2 0 1 0 10 3
451 AAG 58 19 199488 24 3 0 2 0 7 3 39 1 1 0 12 0 2 12 9 4 5 9 5 0 5 8 5 5 0 7 13 0 4 0 113 3 5 3 3 18 2 7 2 6 0 3 12 3 3 5 4 9 15 12 5 0 1 5 7 3 7 1 13 9
452 AAT 14 28 13 200209 13 14 6 20 0 3 9 2 5 0 4 15 7 4 4 1 8 11 1 3 4 12 2 2 8 0 1 2 3 0 5 17 4 1 1 2 3 3 8 6 2 0 0 0 3 5 0 3 3 7 0 1 0 8 1 3 10 1 5 1
453 ACA 13 4 4 3 196335 19 48 8 8 7 8 1 45 2 13 4 20 9 4 9 16 11 12 1 3 3 3 0 3 9 3 8 3 2 13 4 32 2 13 0 0 1 11 11 8 0 16 2 4 10 0 3 8 2 3 1 0 2 7 11 4 8 4 8
454 AGT 0 0 4 40 2 0 2 6 18 25 8 198623 0 7 8 6 2 6 0 3 2 3 1 1 1 1 12 20 0 1 6 0 3 0 6 2 4 6 5 1 2 2 29 39 4 17 7 2 0 2 3 0 1 1 12 0 0 0 12 13 3 7 4 7
455 GAA 27 6 0 0 0 0 0 0 0 1 0 0 0 0 1 0 3 1 0 4 1 0 0 0 4 0 0 0 0 0 0 3 198106 4 16 4 0 0 0 2 1 0 0 0 4 0 0 0 1 5 5 1 2 0 0 0 2 6 0 0 0 0 0 3
456 ACC 2 7 0 2 25 199161 5 41 0 6 5 3 1 47 2 5 3 0 1 0 0 6 0 2 0 4 0 0 0 1 2 4 0 0 3 0 1 14 3 0 0 0 0 0 6 3 5 12 0 0 0 2 3 0 1 3 5 0 8 0 0 0 2 3
457 TTC 0 2 0 3 0 1 0 0 0 0 0 0 4 13 1 3 2 3 0 1 1 1 0 0 1 0 0 0 2 45 0 4 0 0 6 3 2 0 1 0 0 0 0 1 2 3 1 1 3 14 0 3 2 28 0 0 3 3 0 2 7 197777 0 58
458 AGA 37 1 0 0 4 3 0 4 199550 2 9 0 7 6 0 0 0 1 2 0 0 0 5 0 23 7 0 6 0 0 8 0 0 0 2 0 4 4 0 0 74 0 0 0 0 0 0 1 0 0 0 2 0 0 0 0 2 0 0 0 0 1 0 0
459 CCT 1 2 0 0 1 0 0 15 0 0 0 0 0 1 1 0 0 0 3 4 13 92 24 197542 0 0 0 2 0 0 1 28 0 0 0 0 4 0 0 1 0 0 0 0 0 0 0 0 0 0 0 0 0 0 0 13 0 1 1 0 0 0 0 0
460 GGA 0 1 1 1 2 8 11 5 30 2 0 6 5 4 1 7 3 3 5 3 0 1 0 0 1 0 0 0 3 5 5 0 30 0 1 3 7 1 4 1 198490 9 73 7 19 10 7 3 3 2 0 2 16 11 15 0 5 0 1 4 6 4 7 6
461 GGA 0 0 0 4 0 0 0 5 31 0 4 0 2 0 0 0 1 0 0 2 0 0 3 3 1 0 0 0 2 0 0 0 19 2 0 0 2 0 0 4 200590 3 51 8 9 2 0 0 0 1 0 3 0 2 2 0 10 1 1 1 0 0 5 0
462 GGA 4 0 0 0 0 5 4 0 40 2 0 0 0 0 0 0 0 1 2 1 0 0 0 0 1 0 1 0 0 0 0 0 30 0 0 3 0 0 1 0 200471 6 69 6 2 1 0 0 0 3 4 0 1 0 0 0 10 2 5 0 0 0 0 0
463 GAT 11 3 1 82 2 0 0 2 1 0 0 0 0 1 2 0 3 12 3 6 1 1 0 0 0 3 0 1 0 1 0 1 27 20 9 200410 7 0 5 1 5 0 7 1 0 0 0 0 4 0 0 6 0 1 0 1 0 2 0 0 4 0 0 1
464 ATG 3 0 4 0 3 0 7 0 3 2 5 2 41 0 200492 16 1 0 0 2 2 7 0 0 0 0 2 0 4 0 2 6 2 2 0 3 5 0 2 2 2 1 15 0 3 7 15 1 1 0 0 0 0 0 0 0 1 0 0 1 2 6 7 9
465 AGG 6 2 104 1 3 8 0 2 63 2 199404 10 1 0 73 3 5 8 3 10 2 6 0 3 1 17 19 1 0 3 4 0 0 0 4 0 0 2 2 0 0 2 47 0 2 0 6 3 0 5 7 1 4 0 0 0 1 0 10 5 3 0 2 1
466 GAC 0 36 0 2 3 1 0 0 2 0 0 3 0 0 0 0 1 0 0 1 4 5 0 0 0 0 1 0 0 2 0 4 9 200514 5 48 0 0 1 1 2 8 5 2 0 2 0 0 0 1 1 0 3 0 0 0 1 1 0 0 0 0 4 0
467 AAT 3 18 0 200365 3 2 3 4 0 1 1 9 5 3 1 18 5 3 1 2 0 0 2 0 0 5 0 1 0 2 5 2 0 0 0 10 1 2 4 5 1 0 5 1 5 1 5 1 0 0 0 2 0 2 0 0 1 7 3 1 5 0 1 0
468 TGG 0 1 1 3 0 1 4 2 6 0 2 0 0 0 0 0 0 0 0 0 0 0 0 0 0 2 4 2 2 9 0 12 0 0 5 1 0 0 2 0 0 3 7 4 0 2 0 0 4 2 24 1 1 0 2 5 22 0 199817 11 2 9 8 0
469 AGA 60 0 0 0 6 0 0 0 200800 2 5 0 6 1 5 0 0 5 0 0 6 2 0 0 5 6 0 0 0 7 0 0 0 0 2 2 1 4 2 0 36 0 0 0 0 0 3 6 7 0 2 0 0 1 2 5 6 0 5 0 1 0 0 3
470 AGT 0 1 2 73 12 3 2 1 2 43 4 307750 0 0 0 0 0 2 0 5 0 0 4 0 4 0 0 0 0 0 0 0 0 3 0 0 1 7 1 3 0 0 8 26 0 5 0 5 10 5 0 0 0 6 7 3 0 0 0 4 0 0 0 1
471 GAA 87 3 0 0 0 2 5 7 4 0 4 0 0 2 0 0 4 0 0 0 0 0 0 0 0 0 0 0 0 0 2 0 307832 5 6 14 2 0 0 0 2 0 0 0 5 0 0 0 27 0 0 5 4 1 0 0 0 0 0 0 0 0 2 0
472 TTA 10 3 0 0 0 0 6 0 0 0 3 3 42 2 2 0 0 0 0 0 0 2 0 0 0 0 0 0 22 0 2 0 7 0 0 0 0 3 0 0 0 0 6 0 1 0 1 8 20 1 0 0 16 0 0 1 0 0 0 0 307642 3 40 6
473 TAT 4 0 0 10 0 0 0 0 0 11 0 0 0 2 0 0 0 4 0 48 13 0 0 0 0 0 3 0 5 4 5 7 4 5 1 5 0 11 2 0 0 0 11 4 8 2 4 1 53 22 3 307788 0 9 3 1 5 4 3 8 17 0 3 8
474 AAG 93 4 307646 18 0 7 4 8 10 1 39 0 6 3 21 6 3 6 1 0 0 15 12 8 0 0 1 3 3 0 0 8 7 0 72 0 7 10 12 0 1 2 19 0 3 0 4 0 4 1 11 2 0 2 0 0 2 0 4 3 0 0 0 0
475 TAT 0 0 0 5 0 0 0 0 6 2 1 0 0 2 3 0 0 0 0 15 0 8 0 0 0 7 0 0 0 0 0 0 0 0 0 0 0 0 0 0 0 3 0 5 0 4 0 9 14 10 3 307766 0 0 0 0 0 7 0 8 0 0 1 11
476 AAA 307742 1 78 0 1 2 0 0 37 0 0 4 4 0 0 0 0 0 0 0 3 0 0 0 0 3 0 3 0 5 0 2 44 2 0 0 0 0 0 0 0 0 0 0 8 0 0 0 11 0 0 3 0 0 0 0 0 1 0 0 0 0 0 0
477 GTA 0 1 0 0 1 7 3 6 2 0 0 0 141 2 0 0 6 2 0 0 0 0 1 4 0 0 0 0 1 5 0 0 9 0 0 1 23 0 4 0 0 0 0 0 307643 5 29 7 0 0 8 0 0 0 0 7 5 0 0 2 27 0 4 0
478 GTA 0 0 0 5 0 0 0 0 0 0 0 0 65 4 0 6 0 4 0 4 0 7 0 0 0 0 0 2 4 0 3 0 63 0 0 1 24 0 3 0 0 0 4 0 307551 14 65 10 0 0 0 0 5 0 4 0 2 0 0 0 8 0 0 0
479 AAA 307268 7 25 10 17 2 0 13 17 0 0 4 17 12 0 19 12 3 4 0 5 0 0 0 0 0 3 4 5 3 5 1 7 3 6 1 0 24 7 4 0 3 0 0 10 9 4 0 6 8 1 0 1 16 7 9 1 0 0 1 2 4 3 3
480 ATT 2 0 1 16 0 2 3 18 0 0 2 8 30 29 0 304192 0 0 0 3 0 0 0 4 0 4 2 5 0 6 6 11 0 1 0 0 0 0 0 0 1 0 5 0 6 0 3 7 0 0 1 0 0 0 0 0 0 0 5 4 0 0 5 50
481 GAA 98 0 8 3 4 4 14 14 0 3 8 9 0 6 11 12 16 12 19 15 0 3 0 0 3 0 5 0 0 7 1 6 306805 0 112 21 10 21 0 7 61 0 3 0 27 5 4 0 5 3 4 2 2 0 9 4 0 0 3 9 8 6 7 0
482 CCA 3 0 0 0 5 1 1 0 1 5 0 4 0 0 0 5 19 0 0 4 307792 29 15 10 0 0 0 0 38 0 0 11 4 2 0 0 11 11 0 0 2 0 0 0 0 0 2 0 4 0 0 0 39 1 0 1 0 0 0 0 0 0 0 1
483 ATA 2 3 0 0 0 0 0 0 0 0 0 0 106900 12 34 3 0 4 0 0 3 0 0 0 0 0 0 0 2 0 0 2 0 0 1 0 3 0 0 0 0 0 0 0 2 0 0 0 0 0 1 0 0 0 0 0 0 2 0 0 6 2 3 0
484 GGA 1 4 0 2 0 2 0 3 19 1 0 0 0 0 0 1 0 1 0 0 0 3 2 0 1 0 0 0 0 0 2 0 12 0 0 1 0 0 2 0 106889 5 10 4 3 1 0 0 2 1 0 0 0 2 0 0 11 0 0 0 0 0 0 0
485 GTA 0 0 0 2 0 1 0 0 0 0 2 0 41 4 0 0 4 0 0 0 1 1 0 0 2 1 1 0 6 5 1 0 6 0 0 0 3 0 0 0 1 0 1 0 106862 8 40 12 1 0 0 3 0 0 0 4 2 1 0 0 3 0 2 4
486 GCA 0 2 0 1 33 1 0 0 0 0 0 0 0 0 0 0 0 0 0 2 10 0 0 0 0 0 0 0 0 0 0 0 4 0 0 2 106715 8 24 15 0 0 0 0 89 0 1 3 0 0 0 0 4 0 0 0 2 0 0 3 0 1 0 1
487 CCC 0 0 1 0 0 3 0 0 0 0 0 0 0 0 2 0 0 5 0 0 22 106809 1 10 5 0 1 0 2 9 0 0 2 1 0 1 0 1 1 0 3 0 1 1 1 0 0 0 2 0 0 0 2 12 2 0 1 1 0 1 2 0 0 0
488 ACC 0 2 0 2 8 106875 1 29 0 4 2 2 0 13 0 0 0 0 1 0 0 0 0 0 0 0 0 0 0 0 0 0 0 0 0 0 0 4 1 0 0 0 1 0 0 0 1 0 0 1 0 0 0 2 3 0 0 0 0 0 0 0 0 0
489 AGG 0 1 25 0 0 0 1 0 30 7 106694 6 0 0 5 3 3 0 1 0 3 0 0 2 0 0 4 2 5 0 0 0 1 0 6 0 1 0 0 0 0 2 45 0 0 0 1 2 0 0 0 3 0 1 6 1 0 0 4 0 1 0 0 1
490 GCA 0 0 0 6 79 3 0 1 0 3 0 0 0 0 0 0 0 0 0 3 2 0 0 0 4 3 1 0 0 0 0 0 11 1 1 0 106510 9 9 3 0 0 2 0 13 0 0 0 1 3 1 0 9 2 1 1 0 0 2 2 1 0 0 0
491 AAA 106891 0 16 2 3 0 0 1 15 0 0 0 7 3 0 2 1 0 0 0 0 0 0 1 0 3 0 12 0 4 1 0 1 1 2 0 2 2 0 0 0 0 0 1 2 0 0 2 3 0 0 1 1 0 0 1 0 0 1 1 0 0 2 0
492 AGA 16 0 1 0 0 1 0 2 106775 2 10 0 3 2 0 3 3 0 1 0 0 0 0 0 6 1 1 1 3 3 2 0 1 1 0 0 0 0 0 1 66 0 0 0 1 0 0 0 1 0 0 2 1 0 0 0 1 0 0 0 2 0 3 1
493 AGA 16 4 0 1 1 0 0 0 106808 0 14 1 21 1 4 6 6 0 5 3 2 0 0 0 8 4 1 1 1 0 0 3 0 0 0 0 0 0 2 0 20 0 0 5 1 0 3 5 3 0 0 2 1 0 0 0 2 3 0 1 0 7 5 2
494 GTG 0 0 0 0 1 0 0 0 0 3 0 0 0 1 26 0 0 0 0 3 0 0 0 0 0 0 0 0 0 0 0 0 0 0 1 0 0 0 6 0 0 0 2 1 30 0 106325 0 0 0 0 0 0 0 0 0 0 2 0 3 0 0 2 0
495 GTG 0 0 0 0 0 0 0 0 0 0 1 0 0 0 18 0 0 0 0 0 0 0 0 0 0 0 0 0 0 1 1 0 0 2 1 0 0 0 3 0 0 0 1 0 18 0 106025 7 0 0 0 0 0 0 0 0 0 0 1 0 3 0 7 0
496 GAG 1 2 24 1 0 0 0 0 0 0 0 7 0 1 2 0 2 1 2 1 0 2 0 0 2 0 6 0 0 0 0 0 8 0 106435 4 0 1 3 5 3 0 14 1 2 0 2 0 0 1 7 3 1 3 5 1 0 0 0 1 0 2 2 0
497 AGA 11 1 0 0 0 0 0 0 106709 0 18 0 3 0 10 4 0 0 0 4 2 0 0 0 5 1 0 2 0 0 2 0 0 0 0 0 0 0 0 0 10 0 0 0 0 0 0 1 0 0 1 0 0 0 1 0 2 0 1 0 0 3 0 4
498 GAA 29 0 0 3 1 3 1 0 2 2 0 5 0 0 0 0 0 1 1 0 3 5 3 3 1 1 3 6 0 0 0 7 106594 5 6 5 18 7 2 5 13 4 4 3 5 4 0 3 0 0 0 0 0 4 1 2 2 0 0 1 2 3 1 0
499 AAA 106832 5 11 0 3 1 0 0 2 3 0 0 0 2 0 0 6 0 0 0 6 3 2 4 2 6 5 4 0 0 0 0 10 5 2 0 0 3 2 0 0 4 0 0 2 2 0 0 1 4 0 0 0 5 1 0 3 0 0 3 3 0 0 0
500 AGA 15 0 0 0 0 0 0 0 106295 1 3 0 2 0 0 0 0 0 0 0 1 0 0 0 1 3 3 0 0 0 0 0 0 0 0 0 0 0 0 0 198 0 0 0 0 0 0 0 0 0 0 0 0 0 0 0 0 0 0 0 0 0 0 0
501 GCA 1 3 0 1 67 1 1 0 0 2 0 0 0 2 1 1 2 6 1 4 0 0 0 0 0 0 0 0 0 2 3 0 11 4 2 4 106189 0 9 8 3 0 0 0 93 6 1 1 2 1 0 2 0 0 1 0 0 5 4 3 0 6 0 4
502 GTT 0 0 0 0 0 5 0 2 0 6 0 3 0 0 0 17 2 0 0 0 14 14 13 8 0 0 0 0 1 8 2 4 0 0 0 1 6 6 0 21 1 1 1 5 2 6 2 101888 0 0 0 0 4 0 0 0 0 0 0 0 1 0 1 0
503 GGA 0 11 0 1 3 7 0 0 36 0 0 1 0 0 0 0 4 8 0 0 4 8 2 2 0 0 0 0 0 3 1 0 20 4 2 0 1 1 0 0 106022 7 25 3 4 3 0 0 0 0 0 0 3 1 0 0 8 1 0 0 0 0 2 0
504 ATA 0 0 0 0 1 0 2 0 0 0 0 0 106502 0 28 10 0 0 0 0 0 0 0 1 0 0 0 0 0 0 1 5 0 0 0 0 1 2 0 0 0 1 0 0 5 0 0 1 2 5 0 4 0 0 0 1 0 0 0 0 8 9 3 6
505 GGA 0 1 0 1 0 1 0 0 12 0 0 2 0 0 0 0 0 0 0 0 0 1 0 0 0 0 0 0 0 0 0 0 8 0 0 0 0 0 0 0 106166 0 13 3 4 0 0 0 0 0 0 0 0 1 0 0 3 0 0 0 2 0 1 0
506 GCT 0 0 0 0 0 0 0 37 0 0 0 0 0 0 0 0 0 0 0 0 0 2 3 0 0 0 0 0 0 0 0 0 0 0 0 2 1 13 0 104902 0 0 0 3 0 1 0 16 0 0 0 0 0 0 0 1 0 0 0 0 0 0 0 0
507 GTC 0 0 0 0 0 1 0 0 0 0 0 0 0 20 1 0 0 0 0 0 0 0 0 0 0 0 1 0 1 0 0 1 0 0 0 1 4 21 1 0 1 3 3 0 11 104738 1 23 0 0 1 0 0 0 0 0 1 0 5 0 0 0 3 2
508 TTC 0 0 0 0 0 3 1 1 0 0 0 0 2 5 3 0 0 0 0 0 0 2 2 0 0 0 0 0 3 11 0 3 0 0 4 0 4 3 2 0 0 0 1 4 1 9 2 3 0 0 0 1 0 8 0 0 1 0 0 0 10 102753 1 7
509 ATT 0 0 0 2 2 2 2 15 0 0 0 0 5 2 1 105371 1 2 0 0 0 0 0 0 0 2 0 0 4 3 5 3 0 0 0 0 0 0 0 0 5 0 0 1 0 0 0 4 0 1 0 0 0 7 0 3 0 1 0 0 4 3 4 15
510 GGG 0 2 0 0 2 4 3 0 1 0 19 0 0 0 1 0 0 0 0 0 3 0 0 2 0 0 0 0 0 0 0 2 0 0 5 0 0 0 0 0 26 0 104675 7 0 0 7 0 0 1 0 0 1 0 0 0 0 0 10 0 3 0 3 0
511 TTC 0 0 0 0 0 0 0 0 0 0 0 0 0 3 1 0 0 0 0 0 0 0 0 0 0 0 0 0 0 3 0 0 0 0 0 0 0 0 0 0 0 0 0 0 0 3 0 0 0 2 0 0 0 2 0 0 0 0 0 1 6 102338 0 4
512 TTA 0 0 0 0 0 0 0 0 0 0 0 0 1 5 0 0 0 0 0 0 1 0 0 0 0 0 0 0 10 1 0 0 0 0 0 0 0 0 0 0 0 0 0 0 1 0 0 0 0 0 0 0 4 0 0 1 0 0 0 0 105218 2 46 2
513 GGA 0 0 0 5 10 6 6 3 20 6 0 0 0 1 1 1 3 5 1 1 0 0 0 0 2 4 0 0 2 0 1 0 14 0 1 0 15 6 0 1 104197 2 13 8 5 2 0 2 0 0 0 1 4 6 4 0 6 3 0 0 0 0 4 1
514 GCA 0 0 0 0 76 0 1 0 0 0 0 0 0 1 0 0 0 1 0 0 1 0 0 0 0 0 0 0 0 1 0 0 4 0 0 0 105524 5 11 2 0 0 0 0 22 0 0 0 0 2 0 1 3 4 0 0 0 0 0 0 0 0 0 0
515 GCA 0 0 0 0 30 0 0 0 0 0 0 0 0 0 0 0 0 0 0 0 1 0 0 0 0 0 0 0 0 0 0 0 6 0 0 0 105329 6 58 11 0 0 0 0 19 9 0 0 0 0 0 0 1 0 0 2 0 0 0 0 0 0 0 0
516 GGA 3 0 0 0 0 0 0 0 22 0 0 0 3 0 1 0 0 0 0 0 1 0 0 0 0 0 2 0 0 0 0 0 20 0 4 1 1 0 2 2 102360 0 16 2 2 0 0 0 0 0 2 0 0 0 1 7 4 2 0 0 0 0 0 0
517 AGC 0 24 0 0 0 0 0 0 0 103310 0 23 0 0 0 0 0 0 0 0 0 0 0 0 0 4 0 0 0 2 1 0 0 0 0 0 0 0 0 0 0 5 0 0 0 1 0 0 0 0 0 0 0 0 1 0 0 0 0 0 0 0 0 0
518 ACT 0 0 0 0 3 28 2 102452 0 0 0 1 0 0 0 3 0 0 0 0 0 0 0 0 0 0 0 0 0 0 0 0 0 0 0 0 0 0 0 3 0 0 0 0 0 0 0 0 0 0 0 0 0 0 0 0 0 0 0 0 0 0 0 0
519 ATG 0 0 1 0 0 0 7 0 0 0 0 0 7 0 102061 6 0 0 0 0 0 0 0 0 0 0 0 0 0 0 0 0 0 0 0 0 0 0 0 0 0 0 0 0 0 0 10 0 0 0 0 0 0 0 1 0 0 0 0 0 0 0 0 0
520 GGC 0 0 0 0 0 0 0 0 0 9 0 0 0 0 0 0 0 0 0 0 0 0 0 0 0 0 0 0 0 0 0 0 0 7 0 0 0 0 0 0 10 100902 0 27 0 4 0 0 0 0 0 0 0 0 0 0 0 13 0 0 0 0 0 0
521 GCG 0 0 0 0 0 0 19 0 0 0 0 0 0 0 0 0 0 0 0 0 0 0 0 0 0 0 0 0 0 0 0 0 0 0 8 0 71 0 105117 3 0 0 0 0 0 0 35 0 0 0 0 0 0 0 16 0 0 0 0 0 0 0 0 0
522 GCG 0 0 0 0 0 0 14 0 0 0 0 0 0 0 0 0 0 0 0 0 0 0 0 0 0 0 0 1 0 0 0 0 0 0 2 0 66 1 101807 3 0 0 0 0 0 0 20 0 0 0 0 0 0 0 0 0 0 0 0 0 0 0 0 0
523 TCA 0 0 0 0 5 6 2 1 0 1 0 3 4 1 2 5 0 2 0 6 24 0 2 3 2 0 0 0 1 0 0 3 0 0 1 0 6 6 2 4 2 1 2 5 2 2 6 7 9 0 1 1 103691 5 82 18 1 0 1 10 28 2 6 0
524 GTA 0 0 0 3 0 0 0 0 0 3 0 0 65 4 0 1 0 0 0 0 0 0 0 0 0 0 0 0 0 0 0 0 0 0 1 0 6 0 0 0 2 0 0 0 103671 3 30 0 0 0 0 2 0 0 0 1 0 0 4 0 6 3 0 0
525 ACG 0 0 5 0 39 3 100587 2 0 0 0 0 0 0 23 0 0 0 0 0 0 0 0 0 0 0 0 0 0 0 0 0 0 0 0 0 0 0 8 0 0 0 0 0 0 0 0 0 0 0 0 0 0 0 2 0 0 0 0 0 0 0 0 0
526 CTG 0 0 0 0 0 0 0 0 0 0 0 0 0 0 4 0 0 0 0 0 0 0 19 0 0 0 6 0 9 0 99182 1 0 0 0 0 0 0 0 0 0 0 0 0 0 0 0 0 0 0 0 0 0 0 0 0 0 0 0 0 0 0 5 0
527 ACG 0 0 5 0 13 0 92475 2 0 0 0 0 0 0 61 0 0 0 0 0 0 0 0 0 0 0 0 0 0 0 1 0 0 0 0 0 0 0 12 0 0 0 0 0 0 0 0 0 0 0 0 0 0 0 0 0 0 0 0 0 0 0 0 0
528 GTA 0 0 0 0 0 0 0 0 0 0 0 0 31 0 0 0 0 0 0 0 0 0 0 0 0 0 0 0 2 0 0 0 5 0 0 0 12 0 0 0 0 0 0 0 97856 0 7 0 0 0 0 0 0 0 0 0 0 0 0 0 2 0 0 0
529 CAG 0 0 1 0 0 0 0 0 0 0 0 0 0 0 0 0 29 3 92719 17 0 0 1 0 0 0 34 0 0 0 7 2 0 0 1 0 0 0 0 0 0 0 0 0 1 0 0 0 0 0 39 0 0 0 0 0 0 0 0 0 0 0 0 0
530 GCC 0 0 0 0 0 46 0 0 0 0 0 0 0 0 0 1 0 0 0 0 0 0 0 0 0 0 0 0 0 0 0 0 0 2 0 0 0 94855 0 4 0 0 0 0 0 36 0 0 0 0 0 0 0 0 0 0 0 0 0 0 0 0 0 0
531 AGA 14 0 3 0 1 0 2 0 102660 0 3 0 0 0 3 0 0 0 0 0 0 0 0 0 0 0 0 0 0 0 0 0 0 0 0 0 0 0 0 0 10 0 0 0 0 0 0 0 0 0 0 0 0 0 0 0 2 0 0 0 0 0 0 0
532 CAA 5 1 0 0 1 0 0 0 2 0 0 0 0 0 0 0 95758 0 2 3 1 0 0 0 5 0 0 2 0 0 0 0 0 0 0 0 1 0 0 0 0 0 0 0 0 0 0 0 3 3 0 0 0 0 0 0 0 0 0 0 0 0 0 2
533 TTA 0 0 0 0 0 0 0 2 0 0 0 0 1 0 0 0 0 0 0 0 0 0 0 0 0 0 0 0 7 0 0 0 0 0 0 0 0 0 0 2 0 0 0 0 2 0 0 0 5 0 0 0 10 0 0 1 0 0 0 0 96854 0 4 0
534 TTG 0 0 0 0 0 0 0 0 0 0 0 2 0 0 5 0 0 0 1 0 0 0 0 0 0 0 0 0 0 0 4 0 0 0 0 0 0 0 5 2 0 0 0 0 0 0 1 0 0 0 2 0 0 0 2 0 0 0 1 1 9 4 99090 6
535 TCT 0 0 0 0 0 0 0 0 0 0 0 0 0 0 0 0 0 0 0 0 0 0 0 11 0 0 0 0 0 0 0 0 0 0 0 0 0 0 0 5 0 0 0 0 0 0 0 0 0 0 0 5 0 11 1 92745 0 0 0 1 0 0 0 18
536 GGT 0 0 0 0 0 0 0 0 0 0 0 12 0 0 0 0 0 0 0 0 0 0 0 0 0 0 0 0 0 0 0 0 0 0 0 15 0 0 0 0 1 5 0 98578 0 0 0 3 0 0 0 0 0 0 0 0 0 0 0 0 0 0 0 0
537 ATA 3 0 1 0 2 0 3 0 0 0 0 0 104461 0 14 7 0 0 0 0 0 0 0 0 0 0 0 0 0 0 0 0 0 0 0 0 0 0 4 0 0 0 0 1 11 0 0 0 0 1 0 0 0 0 0 0 1 0 0 0 0 0 0 0
538 GTG 0 0 0 0 0 0 0 0 0 0 0 0 0 0 13 0 0 0 0 0 0 0 0 0 0 0 0 0 0 0 0 0 0 0 0 0 0 0 4 0 0 0 0 0 17 0 102434 2 0 0 0 0 0 0 0 0 0 0 0 0 0 0 5 0
539 CAA 2 0 0 0 0 0 0 0 0 0 0 0 0 0 0 0 106147 3 20 5 0 0 0 0 11 0 0 0 3 0 1 0 0 0 0 0 0 0 0 0 0 0 0 0 0 0 0 0 19 0 0 0 2 0 0 0 0 0 0 0 0 0 0 0
540 CAG 0 0 3 0 0 5 0 0 0 0 0 0 0 0 0 1 35 2 103596 3 0 0 0 0 2 0 4 0 2 0 5 0 0 0 0 0 0 0 0 2 0 0 0 0 0 0 0 0 0 0 17 0 0 0 0 0 0 0 0 0 4 0 2 0
541 CAA 4 0 0 0 0 2 0 0 2 0 0 0 0 0 1 0 103366 0 3 0 0 0 0 0 9 0 2 0 2 0 0 0 1 0 0 0 0 2 0 0 0 0 0 0 0 0 0 0 12 0 0 0 0 2 0 0 0 1 0 0 0 0 0 0
542 AGC 0 52 0 0 0 3 0 0 6 103720 0 44 0 0 0 2 0 0 2 0 0 0 0 4 0 0 0 0 0 0 0 0 0 0 0 0 0 0 0 8 0 3 0 1 0 2 0 0 0 0 1 0 0 0 0 1 0 1 1 0 0 0 0 1
543 AAT 1 12 2 104398 0 0 0 0 0 0 2 3 0 0 0 3 0 0 0 0 0 0 0 0 0 0 0 0 0 0 0 0 0 0 0 0 0 0 2 0 0 0 3 1 2 0 0 2 0 1 0 0 0 0 0 0 0 0 0 0 0 0 0 0
544 TTG 0 0 0 0 0 0 6 0 0 0 0 0 0 0 1 0 0 0 0 0 0 0 0 0 0 0 0 0 0 0 5 0 0 0 0 0 0 0 0 0 0 0 0 0 5 0 1 0 0 0 0 1 0 0 2 0 0 0 0 0 21 0 104981 4
545 CTG 0 0 0 0 0 0 0 0 0 0 0 0 0 0 2 0 0 0 4 5 0 0 12 0 4 0 2 2 21 2 105430 4 0 0 0 0 0 0 0 0 0 0 0 0 2 0 0 0 0 0 0 0 0 0 0 0 0 0 0 0 0 0 44 0
546 AGG 1 0 32 1 2 2 0 0 21 0 106099 9 0 0 19 0 2 7 1 1 0 0 0 2 0 0 4 0 0 0 6 0 0 0 0 0 0 1 3 0 0 0 32 1 2 0 0 0 0 0 0 0 0 0 0 0 0 0 1 0 0 0 1 1
547 GCT 0 0 0 0 2 2 0 80 0 0 0 0 0 0 0 0 0 0 0 0 0 0 0 1 0 0 0 0 0 0 1 0 0 0 0 6 1 37 1 105403 1 0 1 0 6 0 0 35 0 0 0 0 0 0 0 1 0 0 0 0 0 0 1 2
548 ATA 5 2 0 0 7 0 2 2 0 0 0 0 106320 6 53 2 0 0 0 2 0 0 0 0 0 0 0 0 0 1 1 1 0 0 0 0 0 0 0 0 0 0 0 0 3 0 5 0 0 1 0 0 2 0 0 0 0 1 0 0 3 0 0 1
549 GAG 6 6 11 2 1 3 6 0 0 0 2 1 0 0 0 0 0 2 0 0 0 0 0 0 2 0 6 0 1 0 0 0 14 0 106083 6 0 0 6 0 1 0 31 8 0 0 16 0 0 0 5 0 1 0 1 2 0 0 14 0 0 0 3 0
550 GCT 0 0 0 1 0 1 0 76 0 2 0 0 0 0 0 0 0 0 0 0 0 0 0 7 0 0 3 1 1 0 0 0 0 0 0 3 2 21 1 104759 0 0 1 2 0 1 0 28 0 0 0 2 1 0 1 5 0 0 0 1 0 0 0 0
551 CAA 0 0 0 0 0 0 0 0 0 0 0 0 0 0 0 0 106693 2 4 0 0 0 0 0 14 0 0 0 0 0 0 0 0 0 0 0 0 0 0 0 0 0 0 0 0 0 0 0 2 0 0 0 0 1 1 0 0 0 0 0 0 0 0 0
552 CAG 0 0 1 3 1 0 3 2 0 0 0 0 0 0 1 0 103 7 106453 4 0 0 6 0 0 0 17 0 0 0 0 1 0 0 1 0 0 0 0 0 2 0 0 2 0 0 0 1 0 0 10 0 0 0 1 0 0 0 0 0 0 0 0 0
553 CAT 0 0 0 13 1 1 0 0 0 0 0 0 0 0 3 0 18 8 6 106294 3 0 0 0 0 0 0 4 1 0 0 3 0 0 0 2 2 0 0 0 0 0 0 0 0 0 0 0 0 3 0 31 1 0 0 0 0 0 0 0 2 0 2 0
554 CTG 0 0 1 0 0 1 1 2 0 1 0 0 0 0 22 0 1 1 4 0 0 0 24 0 0 0 1 0 26 4 105820 3 0 0 0 0 2 0 1 2 0 0 0 1 0 0 3 0 0 0 0 0 0 0 0 0 4 0 1 0 0 0 25 0
555 TTG 0 0 0 0 0 0 0 0 0 0 0 0 0 0 1 0 0 0 1 1 0 0 0 0 0 1 0 0 0 2 13 0 0 0 0 0 0 0 0 0 0 0 0 0 0 0 0 1 0 0 4 2 0 0 31 0 0 2 0 0 12 1 106472 4
556 AAA 106199 0 4 0 4 2 0 2 8 1 0 3 2 0 0 0 0 0 4 0 0 2 0 1 0 0 0 0 0 2 0 0 12 0 1 0 2 4 1 3 1 1 3 5 0 0 0 0 1 0 0 0 0 0 1 0 0 0 0 0 0 0 0 0
557 CTC 0 0 0 2 0 0 0 0 0 0 0 0 0 4 0 1 0 0 0 0 0 9 0 0 0 1 0 0 6 105800 2 7 0 0 0 0 0 0 0 2 0 0 2 0 0 1 0 0 0 0 0 2 0 0 0 1 0 0 0 0 0 3 0 0
558 ACG 0 0 6 0 40 0 106206 15 0 2 1 1 0 0 80 0 0 0 0 2 1 2 0 0 0 2 5 0 0 0 0 0 0 1 1 0 0 0 15 0 0 2 0 3 0 0 1 0 2 2 0 0 0 0 5 2 0 3 0 2 0 0 0 2
559 GTC 0 0 0 0 2 0 0 0 0 0 0 0 0 24 0 0 1 4 0 2 0 0 0 0 0 0 1 2 1 0 3 3 0 0 0 0 0 11 0 1 0 3 0 0 5 106154 0 10 1 0 0 4 0 0 0 0 0 0 2 0 1 8 0 0
560 TGG 0 3 0 0 0 0 0 0 0 1 3 0 0 0 2 0 0 0 0 0 0 0 0 0 0 0 26 0 0 0 0 0 0 0 0 0 0 0 0 0 0 2 0 0 0 0 0 0 0 0 9 0 0 0 0 0 19 1 106702 5 0 0 3 0
561 GGC 0 0 0 1 0 0 0 0 0 13 0 0 0 0 0 0 0 0 0 0 0 0 1 0 0 4 0 1 0 0 0 0 0 55 0 0 0 3 0 0 7 106614 0 37 0 2 0 0 0 0 0 0 0 0 0 0 0 0 1 0 0 0 0 0
562 ATT 0 0 0 0 5 2 0 42 0 1 0 0 10 24 5 106602 0 0 0 1 2 1 0 3 0 0 0 0 7 4 0 4 0 0 0 0 0 3 7 0 0 0 0 0 0 4 3 5 0 0 0 1 0 0 0 0 0 0 0 0 0 0 0 4
563 AAA 106162 3 6 2 0 0 0 0 5 0 0 0 0 0 0 0 4 0 2 0 0 0 0 2 0 3 2 0 1 0 0 0 6 0 0 0 3 0 0 0 0 1 0 0 0 1 0 1 1 0 0 0 0 0 2 0 0 0 0 0 0 0 0 0
564 CAG 0 1 4 0 0 15 0 4 1 2 0 2 2 0 0 0 56 3 106582 4 0 0 0 0 0 0 15 4 1 1 2 0 4 0 9 5 0 1 5 2 0 0 2 1 0 0 1 6 0 0 32 3 0 0 1 2 0 0 3 2 2 1 0 3
565 CTC 0 0 0 0 0 3 0 1 0 0 0 0 0 3 0 0 0 1 1 0 0 5 0 3 0 0 0 0 11 106098 0 32 0 0 0 0 0 0 0 2 0 0 0 0 0 2 0 0 0 0 0 0 0 4 0 0 0 1 0 0 0 17 0 1
566 CAG 0 0 7 0 1 4 0 0 0 0 0 0 0 0 0 0 29 3 106856 3 0 0 2 0 2 0 53 1 1 0 5 0 0 0 0 0 0 0 0 0 0 0 0 0 0 0 0 0 0 0 10 0 2 0 0 1 0 0 0 0 1 2 0 0
567 GCA 0 0 0 0 43 1 0 2 0 1 1 0 0 0 1 2 0 0 0 0 3 0 0 0 0 0 0 0 1 0 0 0 4 0 0 0 106369 1 5 4 1 0 0 0 15 0 0 2 0 0 0 0 2 0 0 2 0 0 0 0 2 1 0 0
568 AGA 8 0 0 0 1 0 1 0 106742 0 14 0 6 0 0 3 0 0 0 0 0 2 3 0 8 0 6 3 0 0 0 0 0 0 0 0 0 1 0 0 20 0 0 0 0 0 0 0 0 0 0 0 0 2 0 0 1 0 0 0 0 0 0 0
569 GTC 0 0 0 0 0 0 1 0 0 2 0 0 0 28 0 0 0 0 0 0 0 0 0 0 0 0 0 2 0 3 0 0 0 3 0 0 0 5 0 0 0 0 0 0 2 105144 0 1 0 0 0 0 0 0 0 0 0 0 0 0 0 3 0 1
570 CTA 1 0 0 0 0 2 0 2 0 0 0 0 4 0 0 0 4 0 0 0 3 0 2 0 2 3 0 1 106411 6 48 3 4 0 0 0 0 2 0 0 0 1 0 0 1 0 0 1 0 1 0 0 0 1 2 0 0 0 0 0 3 1 0 0
571 GCT 0 0 0 0 0 0 0 8 0 0 0 0 0 0 0 0 0 0 0 0 0 0 0 1 0 0 0 0 0 0 0 0 0 0 0 5 1 11 1 106631 0 0 0 0 0 0 0 9 0 0 0 0 0 0 0 4 0 0 0 0 0 0 0 0
572 GTG 0 0 0 0 0 0 0 0 0 2 0 0 0 1 15 0 0 0 0 0 0 0 1 0 0 0 0 0 0 0 2 0 0 1 0 0 0 1 23 0 0 0 0 0 17 4 106781 14 0 0 0 0 0 0 0 0 0 0 0 0 0 0 4 0
573 GAA 13 0 0 0 1 0 0 0 0 0 5 0 0 0 0 0 0 0 0 0 0 0 0 0 0 0 0 0 0 0 0 0 106595 0 18 1 0 0 0 0 5 0 0 0 0 0 0 0 1 0 0 1 0 0 0 0 2 0 0 0 0 1 0 0
574 AGA 18 0 1 0 1 1 1 0 106746 0 6 0 0 1 2 2 0 0 0 0 0 0 0 0 1 0 0 0 0 2 2 0 0 0 0 0 0 0 0 0 12 0 2 0 0 0 0 0 0 1 0 0 0 0 0 0 0 0 0 4 0 2 0 0
575 TAC 0 12 0 0 0 2 0 0 0 0 0 0 0 0 0 0 0 5 0 0 0 0 0 0 0 0 0 0 0 0 0 0 0 0 0 0 0 0 1 0 0 3 0 0 0 0 0 0 1 106334 0 5 0 0 0 0 0 16 0 0 0 0 0 0
576 CTA 0 0 0 0 0 5 0 0 0 0 0 2 7 0 1 0 1 0 0 0 11 0 2 0 0 0 0 0 106747 4 1 0 0 0 0 0 0 0 0 0 0 0 0 0 0 0 1 0 0 0 2 0 0 0 0 0 0 0 0 0 1 0 0 0
577 AAG 38 2 106653 12 0 0 7 2 0 2 44 1 0 1 8 3 0 0 0 6 0 0 0 0 0 2 0 3 0 0 3 6 0 0 4 4 2 0 3 5 0 0 0 0 0 0 4 2 0 0 0 6 0 0 3 3 0 1 1 3 2 3 5 1
578 GAT 1 0 3 21 0 0 4 2 0 0 0 0 0 0 1 2 0 1 0 0 0 0 0 0 0 0 0 0 0 0 2 0 5 8 1 105657 0 1 0 1 0 0 3 1 0 0 0 0 0 2 0 4 0 3 0 0 0 3 0 0 0 0 7 0
579 CAA 9 2 0 0 1 0 0 2 0 0 0 3 1 0 2 4 106157 4 6 0 0 0 0 0 15 2 0 0 0 0 0 0 0 0 0 0 1 0 0 5 2 0 0 0 1 0 3 2 12 0 0 6 0 0 0 0 2 0 2 0 4 1 2 4
580 CAG 0 0 1 0 0 0 0 0 0 0 0 0 0 0 3 0 27 0 106018 1 0 2 2 0 0 0 20 0 1 0 14 0 0 0 1 0 0 0 3 0 0 0 1 0 0 0 4 0 0 0 13 0 0 0 0 0 0 0 2 0 0 0 0 0
581 CTC 0 0 0 0 0 0 0 0 0 0 0 0 0 1 0 0 0 1 0 0 0 3 0 0 0 2 0 0 4 106273 0 5 0 0 0 0 0 0 0 0 0 0 0 0 0 3 0 0 0 0 0 0 0 0 0 0 0 0 0 0 0 9 0 0
582 CTA 0 0 0 0 5 0 0 0 0 0 4 0 11 0 4 0 0 0 0 0 19 3 0 0 0 0 0 0 106758 8 20 5 0 0 0 0 0 0 0 0 0 0 0 0 0 1 0 0 0 0 0 0 0 0 0 0 1 0 0 0 13 5 2 0
583 GGA 1 0 1 5 0 3 2 3 19 0 2 0 0 0 2 0 0 0 1 0 0 0 0 0 0 1 0 0 1 1 0 0 7 0 1 2 17 0 1 0 106679 4 7 0 4 1 0 0 0 1 0 2 2 2 0 9 12 0 6 0 3 2 3 1
584 ATT 1 1 0 3 5 0 0 1 0 0 0 6 3 8 4 106871 0 0 1 0 1 0 0 0 1 0 1 0 4 2 3 5 0 0 0 3 0 0 1 0 0 0 0 0 5 1 0 10 0 2 0 2 0 0 2 1 1 0 3 3 2 1 2 2
585 TGG 0 1 0 0 0 5 0 3 0 0 2 1 0 5 7 0 0 0 1 3 0 2 0 0 0 0 17 0 2 5 1 2 0 0 3 0 0 0 0 0 0 0 7 0 0 0 0 0 5 1 16 0 1 0 0 0 20 5 106448 19 2 5 12 5
586 GGC 0 0 0 0 0 0 0 0 0 12 0 0 0 0 0 0 0 0 0 0 0 0 0 0 2 0 0 1 0 1 0 0 0 35 0 0 1 0 2 0 11 106620 5 40 0 3 0 0 0 0 0 0 0 4 1 0 2 2 0 0 0 0 0 0
587 TGC 0 0 0 0 0 0 0 0 0 3 0 0 0 0 0 0 0 0 0 0 0 0 0 0 0 6 0 0 0 0 0 0 0 0 2 0 0 0 0 1 0 0 0 0 0 0 0 0 0 72 0 0 0 1 0 0 7 135829 0 30 0 0 0 0
588 TCT 2 0 2 1 0 1 0 28 0 0 0 0 0 1 0 0 0 1 2 0 0 0 5 22 0 0 0 0 0 1 0 0 0 0 0 1 0 0 1 1 0 0 0 2 0 0 2 0 0 2 0 5 2 73 11 112540 0 0 0 0 2 1 1 11
589 GGA 0 8 3 1 1 2 5 0 36 5 6 5 1 0 2 0 4 12 1 3 0 0 2 0 1 0 3 1 2 4 3 0 46 4 0 1 6 0 4 1 135633 6 11 7 2 1 0 1 2 5 1 1 4 2 4 1 7 0 4 0 1 0 0 4
590 AAA 136100 2 11 0 0 1 3 1 15 4 7 0 1 0 0 0 0 0 0 2 2 0 0 0 4 0 10 0 1 0 0 4 0 0 0 0 0 0 1 0 0 0 0 0 2 0 0 0 2 3 0 0 0 0 1 0 0 0 0 0 1 0 0 0
591 CTC 0 0 0 0 1 0 2 0 0 0 3 0 2 3 1 1 0 2 0 0 0 14 0 0 5 0 5 2 15 135599 0 13 0 0 0 0 0 0 0 1 0 0 0 0 0 3 1 0 2 0 0 2 0 0 0 5 0 0 0 2 0 15 0 0
592 ATC 0 4 0 0 0 0 0 0 2 0 0 0 17 136087 3 18 0 0 0 0 2 0 0 0 0 0 0 0 0 1 0 0 0 0 0 0 0 0 0 2 0 2 0 0 0 22 0 0 3 0 0 0 0 0 1 1 0 0 0 0 0 3 0 0
593 TGC 1 3 1 0 0 0 0 0 0 1 0 0 0 6 0 0 0 1 0 0 0 0 0 0 0 26 0 2 0 0 0 0 0 0 0 0 0 0 0 0 0 0 0 0 0 0 0 0 1 47 1 4 0 1 0 0 1 135938 0 59 1 6 0 0
594 ACC 0 6 0 0 0 136029 0 21 0 1 0 2 0 10 0 0 0 2 0 3 0 3 1 3 0 0 4 0 1 1 4 1 0 0 0 0 0 6 0 0 0 0 0 0 0 0 0 0 0 0 0 0 1 4 1 0 0 0 0 0 1 1 0 2
595 ACT 2 0 0 2 4 38 6 135511 0 0 0 10 0 0 0 7 0 0 0 0 0 0 0 3 0 0 0 0 0 0 0 0 0 0 0 0 0 0 0 6 0 0 0 0 0 6 0 0 0 0 0 0 0 0 0 0 0 0 0 0 0 0 0 0
596 AAT 20 7 0 135843 2 3 0 1 0 0 0 7 0 0 0 4 0 0 0 0 1 0 0 0 0 0 0 1 0 0 0 1 0 0 0 11 0 0 0 0 2 0 0 1 1 3 0 3 0 0 0 0 0 2 0 4 0 0 0 5 0 0 0 0
597 GTG 0 0 4 0 0 0 0 0 1 0 0 0 0 2 33 0 0 2 0 0 0 0 0 0 0 0 1 0 1 0 2 0 2 0 0 0 0 0 6 0 0 1 0 0 60 8 135717 2 0 0 3 0 0 0 4 0 0 0 1 2 0 0 4 1
598 CCC 0 0 6 0 0 1 0 0 1 0 0 0 0 1 0 1 0 2 0 2 10 135759 4 16 0 4 1 0 0 15 0 0 4 0 0 0 0 6 0 3 0 0 1 0 0 0 0 1 0 0 0 0 0 45 0 0 0 0 0 0 1 0 0 0
599 TGG 0 1 0 0 0 0 1 1 0 0 10 0 0 0 0 0 0 0 0 0 0 0 0 0 3 0 90 0 0 0 2 0 0 0 0 0 0 0 0 4 0 0 4 0 0 0 0 1 1 0 27 0 6 0 1 0 11 2 135847 1 0 0 3 0
600 AAC 17 135132 16 27 0 0 3 0 22 35 21 14 2 0 13 2 8 0 17 3 0 0 1 0 6 7 21 10 3 5 13 5 11 40 12 13 0 4 6 1 0 0 2 0 5 3 3 0 1 0 0 0 16 16 29 10 3 12 0 12 0 0 7 0
601 TCT 11 1 8 6 1 6 1 2 11 1 5 3 6 5 3 2 5 8 2 1 15 34 17 83 7 4 2 4 1 1 6 0 1 0 2 2 2 1 2 0 5 2 19 2 9 0 0 1 0 0 1 12 14 13 2 135577 0 0 1 1 4 1 5 25
602 AGT 22 25 21 86 3 0 6 3 110 9 52 134366 22 9 32 52 34 33 37 17 0 2 0 0 16 26 51 54 19 19 14 14 23 6 34 19 17 11 55 26 22 15 39 181 8 23 29 34 2 4 0 14 1 7 1 5 3 16 4 58 15 4 18 11
603 TGG 2 0 0 0 0 0 0 4 2 2 3 0 1 0 0 1 0 3 1 1 0 0 0 5 0 0 14 0 0 0 0 2 1 0 0 0 0 0 0 1 1 0 2 1 0 0 2 0 0 0 36 0 0 0 0 0 31 2 135879 5 0 0 3 1
604 AGT 0 2 0 74 0 1 0 1 4 17 1 135287 1 0 0 1 0 0 2 4 0 0 0 0 0 0 0 0 2 0 0 1 0 0 0 0 2 0 0 0 0 2 0 31 0 0 0 1 0 0 0 0 1 0 2 0 0 1 0 7 0 0 0 0
605 AAT 16 19 6 135654 0 0 0 0 0 2 2 8 0 0 0 2 1 3 1 0 0 0 0 0 0 3 4 0 0 0 0 0 0 0 2 7 3 4 0 6 7 3 3 0 0 0 0 0 0 0 0 0 0 0 2 1 2 0 0 0 0 0 0 0
606 AAA 135436 0 7 1 0 0 0 1 8 0 3 0 3 0 0 0 0 0 0 0 0 1 0 0 1 3 1 3 0 0 0 0 27 0 0 0 0 0 3 4 2 0 0 0 0 0 0 0 0 0 0 1 0 2 0 0 0 0 0 0 0 3 0 1
607 TCC 1 1 3 2 4 9 7 0 2 2 5 0 0 1 0 1 0 0 4 1 0 1 4 0 0 0 0 5 0 1 3 0 0 2 2 0 3 2 0 0 0 0 4 2 0 0 0 1 1 5 0 0 15 135117 5 22 5 1 3 4 0 1 3 4
608 CAG 2 0 6 0 1 1 0 1 0 0 0 2 1 0 0 0 45 3 135383 9 0 5 5 1 7 0 64 0 2 1 8 12 1 3 12 1 0 1 2 5 1 1 5 0 6 1 5 0 1 2 8 5 0 3 3 4 1 10 2 2 5 2 8 2
609 GAT 5 5 5 33 0 5 5 0 1 1 4 3 1 1 0 4 8 1 4 4 4 7 7 0 2 2 0 2 4 2 0 5 17 6 8 133638 1 7 6 5 0 6 9 10 6 3 10 14 0 3 4 17 7 4 3 3 9 2 3 7 0 0 3 7
610 GAG 5 0 55 3 3 1 4 7 5 5 0 4 3 3 0 4 3 5 11 3 1 0 0 6 0 2 5 2 3 1 3 4 49 3 133272 19 3 9 13 1 0 0 41 4 7 2 23 5 1 0 4 13 10 0 2 1 2 0 1 0 0 2 7 9
611 ATA 13 0 0 0 9 0 0 0 4 0 0 0 135328 6 12 7 2 0 0 0 0 0 0 0 1 0 0 0 1 1 0 2 5 0 1 0 0 0 3 0 0 1 3 4 5 0 0 0 0 0 7 3 0 1 0 0 0 0 0 0 7 0 2 1
612 TGG 0 3 4 0 0 1 0 0 0 0 20 0 0 0 0 0 0 0 6 0 0 0 0 0 1 0 8 0 2 0 0 0 0 0 4 0 0 0 0 0 0 4 0 0 0 1 0 0 7 3 17 0 0 0 1 0 24 0 135608 4 0 2 11 6
613 GGA 7 6 0 4 3 1 2 5 37 0 9 4 0 0 2 1 0 3 6 0 0 0 0 0 3 1 3 0 2 4 0 1 48 7 4 0 5 1 0 0 134841 7 28 15 1 1 0 0 0 2 0 0 2 12 3 0 10 3 17 2 2 8 1 3
614 AAC 39 135202 5 34 2 13 4 4 3 21 8 0 4 6 3 1 6 5 4 3 1 0 0 0 0 1 7 14 5 2 2 3 2 8 3 0 2 3 8 0 7 0 4 0 1 6 2 5 2 9 0 11 7 8 0 0 7 3 0 1 2 3 8 2
615 ATG 0 0 2 0 22 6 48 3 0 0 7 4 40 1 134817 2 0 0 0 0 3 0 0 0 0 0 3 0 0 0 7 1 3 0 2 1 0 1 2 0 1 4 0 0 3 0 18 0 0 0 1 0 0 0 2 0 0 0 1 0 9 0 7 5
616 ACC 0 6 0 0 14 135371 3 28 0 3 0 2 2 17 0 0 0 0 0 0 0 0 1 2 0 0 0 0 0 0 0 0 0 0 1 0 0 28 2 0 0 0 1 1 0 0 0 0 0 1 0 0 1 3 3 5 2 0 0 0 4 0 4 1
617 TGG 1 0 0 1 0 0 0 0 2 0 6 1 0 0 2 3 0 0 0 0 3 0 0 1 0 5 7 1 6 0 1 0 0 1 2 1 3 2 1 0 2 1 8 3 1 1 1 2 7 0 32 0 0 0 13 0 47 3 131915 5 0 0 1 3
618 CTG 8 5 5 6 2 1 1 0 5 3 8 1 5 0 8 6 0 0 14 2 1 0 7 2 3 10 13 7 182 6 132120 11 0 0 9 0 0 0 4 0 0 1 0 0 0 1 2 1 2 0 6 1 0 0 2 2 0 0 0 0 3 0 59 1
619 CAA 26 3 2 2 0 2 7 5 0 1 3 4 0 0 0 0 134578 3 10 4 1 0 0 3 16 4 3 3 4 0 1 3 7 1 0 5 1 1 2 9 2 0 0 0 0 0 0 1 58 0 0 0 0 0 1 1 0 0 2 0 1 0 2 0
620 TGG 1 0 1 3 0 0 1 0 0 0 19 0 1 0 2 0 0 2 1 0 0 0 1 0 0 1 6 0 0 1 0 3 3 1 0 0 2 0 1 0 3 0 2 0 0 1 1 0 6 0 22 3 3 0 3 0 25 0 133661 8 0 3 24 0
621 GAT 4 6 4 56 4 18 0 2 1 6 5 16 1 0 3 2 5 2 0 9 0 0 0 0 4 0 1 0 0 0 0 1 7 36 8 134169 5 14 6 0 3 5 11 20 7 1 4 10 0 9 6 10 5 6 12 8 0 1 4 0 0 2 0 6
622 AAA 134929 7 28 8 2 0 2 0 37 1 9 3 5 2 2 0 3 1 5 7 0 0 1 0 1 5 0 0 5 1 0 1 7 4 6 1 0 0 5 1 0 3 3 1 0 0 4 3 0 2 2 0 3 1 5 3 0 0 0 1 1 0 1 3
623 GAA 24 3 0 0 7 8 3 1 1 1 0 4 6 1 3 3 8 6 1 6 0 1 1 0 1 2 1 1 8 8 5 7 132307 5 6 4 7 7 6 9 4 0 0 1 17 12 12 13 5 2 1 1 7 0 1 0 1 1 1 4 11 0 10 0
624 GTT 0 0 0 1 1 2 0 3 0 0 1 0 18 3 4 56 0 5 0 0 0 0 0 0 0 0 2 2 9 3 4 4 3 0 2 11 0 0 1 3 2 3 0 0 4 5 14 131740 4 0 0 2 0 0 0 0 0 0 2 1 6 0 11 5
625 AGC 11 55 3 6 11 1 0 0 43 133190 3 110 2 14 1 5 0 4 0 3 0 0 0 0 3 10 4 5 0 0 0 8 3 2 4 0 3 3 0 0 3 22 3 9 0 8 0 4 0 0 2 3 1 4 1 1 0 9 1 7 5 2 0 3
626 AAT 66 21 12 134695 4 9 4 11 3 7 5 7 3 5 6 4 5 4 3 3 0 1 4 2 2 4 3 3 4 2 7 0 0 6 0 7 5 2 6 2 0 5 17 16 4 0 7 0 4 3 0 7 2 9 14 8 3 0 0 2 0 0 7 1
627 TAC 1 12 1 1 0 0 0 2 0 3 0 4 0 1 0 0 0 19 0 8 1 0 0 3 0 0 0 0 0 0 0 0 1 0 2 0 2 0 1 4 1 0 1 0 9 4 2 6 7 131656 0 46 2 3 4 2 0 20 3 0 0 9 2 0
628 ACA 28 2 10 1 133019 0 26 0 8 1 17 2 40 1 1 1 1 6 2 3 0 0 0 1 7 8 18 0 0 5 3 6 0 0 0 0 24 0 6 1 3 0 0 0 6 2 2 2 0 4 0 6 4 0 0 4 2 1 2 0 1 1 3 0
629 CAG 2 0 30 4 0 0 0 0 0 0 2 0 1 0 0 0 22 2 132840 3 0 0 1 0 6 3 44 5 2 0 1 2 0 0 2 3 2 3 0 0 0 0 4 0 1 0 0 0 0 2 27 0 0 1 1 0 3 3 0 3 3 3 0 0
630 ATA 70 0 3 3 16 4 2 0 7 0 10 3 129615 3 11 3 0 1 1 1 0 0 0 1 6 6 7 6 1 0 0 0 3 0 3 4 1 4 4 1 0 4 0 2 7 1 4 3 0 2 0 0 0 0 4 7 0 0 3 6 0 6 3 2
631 ATA 10 0 0 1 2 0 0 1 0 0 0 2 130576 4 6 6 2 2 0 2 1 2 0 4 3 0 0 0 0 0 0 0 0 0 0 0 0 0 0 0 0 1 0 0 2 0 0 0 0 0 1 0 0 0 0 0 0 0 0 0 0 2 0 1
632 TAT 0 0 0 2 0 0 0 0 1 0 0 0 1 1 2 0 0 0 3 2 0 0 1 0 0 3 0 3 3 0 4 2 0 0 1 0 0 1 0 0 1 0 0 0 0 1 0 4 41 6 3 130908 1 0 2 3 2 0 2 5 5 6 0 10
633 ACT 6 2 10 16 18 15 3 115027 13 0 29 4 0 0 0 36 5 3 2 4 1 0 0 5 6 9 11 1 8 2 3 1 4 2 7 11 1 6 0 8 15 0 1 7 0 0 2 0 0 3 0 5 11 5 3 5 0 1 8 0 7 1 0 4
634 CTA 18 0 4 0 1 0 1 0 3 0 6 1 23 2 0 3 10 0 0 1 11 0 0 0 10 8 7 22 123005 8 17 4 0 0 0 0 2 4 0 2 0 0 0 0 1 3 0 3 2 1 0 0 0 0 1 0 2 0 0 3 21 3 1 1
635 ATT 4 0 1 1 0 0 2 6 0 0 0 0 27 3 7 121208 0 1 0 0 0 0 0 0 0 0 0 0 5 4 0 8 0 0 0 0 0 0 0 0 0 0 0 1 5 0 2 6 0 0 0 0 0 2 0 0 3 0 0 0 2 0 6 1
636 GAA 41 0 2 0 1 1 3 2 0 6 2 3 0 0 4 0 4 1 4 1 0 0 0 0 0 2 1 2 2 2 0 1 118208 12 18 10 10 8 5 0 37 11 16 14 2 0 0 0 4 6 0 11 2 0 4 1 0 0 8 3 0 12 1 11
637 GAA 109 2 6 1 2 4 3 3 7 5 10 9 8 7 7 6 4 7 4 5 1 0 0 0 2 4 9 7 5 1 0 4 113999 2 10 1 7 4 3 3 7 7 11 0 16 2 9 17 2 4 1 3 2 7 6 6 0 0 1 2 9 0 7 2
638 TCG 0 0 1 0 5 0 0 0 0 0 1 0 0 3 0 0 0 0 0 1 0 0 0 0 0 0 0 0 0 1 0 1 1 0 0 0 3 0 0 0 0 0 0 0 0 0 2 0 0 2 1 1 116 1 83544 3 0 0 0 2 0 0 17 0
639 CAG 0 1 6 3 0 0 0 3 0 0 1 0 0 0 3 0 35 4 106030 2 0 0 0 0 3 0 32 3 0 0 3 0 2 0 7 3 4 2 1 1 0 0 1 0 0 0 0 0 0 1 23 0 1 0 0 0 2 0 5 0 0 3 0 0
640 AAC 2 122248 3 35 0 8 8 2 3 7 0 0 0 1 3 4 0 3 1 0 0 0 0 0 0 0 0 0 3 1 4 0 2 7 1 2 4 3 0 2 3 2 2 2 0 1 0 6 0 0 4 1 2 0 0 1 0 1 0 0 3 5 5 1
641 CAG 2 0 3 0 0 0 0 0 0 0 2 1 0 0 0 0 42 0 41670 1 0 0 0 0 0 0 3 0 0 0 0 0 0 1 2 1 1 0 0 0 0 0 0 0 0 0 1 0 0 0 0 0 0 0 0 0 0 0 0 0 1 0 1 0
642 CAA 9 0 0 3 0 0 0 0 0 0 0 0 1 1 3 0 64144 0 4 0 0 0 0 0 1 0 0 0 1 0 0 1 3 0 0 0 2 0 2 0 0 0 0 0 0 0 0 0 33 0 0 0 0 0 0 1 0 0 1 1 0 0 2 1
643 GAA 154 0 0 1 1 0 0 0 2 0 0 0 1 2 0 2 2 0 1 0 0 0 0 0 0 0 0 1 0 0 1 1 86157 3 3 1 3 0 0 0 0 0 0 0 0 0 0 1 2 0 0 2 0 0 1 0 0 0 0 0 0 0 2 0
644 AAA 113298 0 1 1 1 0 0 0 0 1 2 1 0 3 0 2 2 1 2 0 0 0 0 0 3 0 1 0 1 2 0 2 0 2 0 0 2 0 1 2 1 0 0 1 0 0 0 2 2 1 0 0 0 1 0 0 0 0 1 0 5 0 3 3
645 AAT 16 5 2 108151 1 1 4 1 4 1 0 9 2 1 1 16 2 1 1 4 1 0 0 0 0 1 1 1 1 0 0 0 1 2 3 3 1 1 0 0 0 2 2 0 1 1 2 0 0 0 1 4 0 1 0 0 1 0 0 0 1 0 0 0
646 GAA 55 2 0 3 1 2 2 0 7 0 3 4 2 0 2 6 12 1 1 1 0 0 3 0 3 0 0 1 0 0 3 1 110929 0 12 5 4 3 2 4 16 1 13 4 5 1 0 0 3 0 2 10 5 1 4 1 3 2 27 4 6 3 5 3
647 CAA 16 0 3 3 3 1 0 0 6 0 0 2 3 0 4 3 91414 3 7 5 0 0 0 0 5 0 1 0 8 0 5 11 4 0 1 0 0 0 5 0 1 0 0 0 5 8 5 5 8 2 1 2 0 0 5 2 1 1 7 8 2 5 7 19
648 GAC 3 31 0 3 0 3 0 0 2 0 0 3 0 3 0 3 3 1 1 0 0 0 0 0 0 1 0 0 0 1 3 4 15 89706 0 20 7 0 0 0 0 4 1 4 4 8 1 10 0 5 0 2 4 2 0 4 3 3 0 3 0 0 5 0
649 TTA 5 0 1 1 1 0 2 0 0 0 0 0 21 0 3 6 0 0 0 0 0 0 1 1 0 0 0 0 11 0 6 5 5 0 0 0 0 1 0 0 7 0 4 4 3 1 2 1 2 0 0 6 1 0 0 0 3 1 2 4 108090 0 8 0
650 TTA 0 0 1 0 1 1 0 3 1 0 0 1 8 0 0 2 2 0 0 0 0 0 1 2 0 0 0 0 13 1 0 0 0 0 3 0 0 0 0 0 0 0 0 0 2 2 0 5 4 2 0 3 7 1 0 0 5 0 0 0 120226 6 17 12
651 GCA 5 0 2 1 36 0 0 2 1 1 8 10 0 1 0 1 1 0 3 1 1 0 0 0 0 3 0 5 0 0 0 0 9 0 10 1 121639 3 6 7 0 1 3 4 56 0 7 1 1 0 0 0 9 1 9 1 0 2 0 5 5 3 0 5
652 TTG 1 3 0 0 0 0 2 0 4 0 0 1 1 0 8 4 0 0 1 0 4 0 1 0 1 0 1 0 0 1 12 2 3 1 1 0 0 0 1 2 6 1 0 2 1 0 1 0 0 5 0 9 0 4 9 2 0 2 16 0 37 7 98695 23
653 GAC 1 53 0 0 0 11 2 3 1 2 3 2 0 2 0 1 0 2 2 4 2 0 0 1 1 4 0 0 0 1 0 1 39 126697 12 16 1 1 0 0 6 37 8 15 3 0 3 2 4 4 0 0 2 2 7 5 0 0 0 1 0 0 2 2
654 AAG 57 0 132080 8 2 1 5 0 2 2 43 3 0 4 14 7 2 0 4 1 0 0 0 0 2 0 7 0 0 0 0 1 6 0 25 1 0 2 6 2 1 2 3 0 1 3 5 4 0 0 1 1 0 0 1 0 1 1 0 5 0 0 0 2
655 TGG 1 0 1 0 0 0 1 0 0 0 2 0 3 0 3 0 0 0 0 0 0 0 0 2 0 0 3 2 0 0 0 2 1 1 5 0 0 0 1 3 2 0 5 0 0 1 2 0 0 1 16 0 1 0 1 0 6 0 118179 4 0 0 9 1
656 GCA 0 2 12 5 85 0 0 2 0 3 0 0 7 2 2 0 3 0 4 2 0 0 2 0 1 0 3 1 3 0 0 0 2 1 1 3 80996 5 19 10 4 1 1 0 119 1 4 0 0 5 1 1 5 1 1 0 2 0 2 0 1 5 5 7
657 AGT 2 3 5 29 0 1 0 3 8 12 0 116101 4 3 10 5 0 1 1 3 0 0 0 0 0 0 0 0 0 2 0 1 0 2 4 3 2 0 0 1 3 1 12 4 3 0 1 4 1 4 0 2 0 0 3 1 0 0 0 2 1 2 0 1
658 CTG 0 2 0 0 3 1 0 0 0 0 0 3 0 0 11 1 0 0 2 0 0 1 26 0 1 0 5 1 65 1 109813 12 2 4 5 2 0 0 4 0 2 0 3 2 1 1 1 1 0 0 7 1 0 0 1 0 0 0 3 0 9 0 14 0
659 TGG 0 0 3 0 1 0 1 2 0 4 7 5 14 0 1 10 2 0 0 0 0 0 0 0 5 0 42 1 3 0 2 3 2 3 3 0 1 4 2 8 2 0 4 3 6 1 8 2 1 2 19 8 0 0 9 5 25 9 127507 15 6 3 14 12
660 AAT 5 17 1 134273 6 3 6 1 0 5 0 10 0 0 0 4 1 1 6 2 3 1 5 0 0 4 0 2 2 1 1 0 4 1 1 6 7 0 0 1 6 4 19 3 0 0 0 0 4 0 0 0 2 1 2 0 1 4 3 2 0 0 0 0
661 TGG 4 0 0 0 0 1 1 0 0 1 3 2 3 1 3 1 3 1 5 0 4 3 3 1 0 3 7 1 0 0 1 0 3 0 0 3 0 1 0 2 4 0 13 9 0 0 0 0 4 0 18 0 6 2 1 3 30 1 129776 4 2 4 6 3
662 TTT 0 0 0 1 0 0 0 0 1 0 0 2 0 0 3 3 4 0 3 7 2 0 0 1 2 6 1 2 0 0 2 15 0 0 0 2 1 0 2 0 0 0 0 2 2 0 0 6 0 2 0 22 2 2 0 7 0 2 6 7 8 20 0 133706
663 AAC 10 133676 1 23 6 1 1 4 6 34 13 9 4 9 0 3 6 2 2 15 0 0 0 0 1 2 4 3 5 0 3 0 2 20 1 1 7 0 4 0 0 13 14 2 4 3 3 4 0 4 0 1 0 2 0 1 1 0 1 4 4 0 1 1
664 ATC 1 4 0 0 0 9 1 3 4 1 0 0 7 131447 0 23 0 1 0 0 0 0 0 0 0 0 0 2 4 7 1 8 0 0 0 1 0 0 0 1 0 0 8 7 2 10 0 2 1 0 1 1 1 2 0 5 1 0 2 7 2 8 4 4
665 TCA 2 0 1 2 28 9 2 10 0 1 3 4 5 2 16 6 0 0 2 0 26 0 0 1 1 0 0 1 2 7 4 0 2 1 3 0 3 2 0 3 2 0 0 4 17 2 8 7 3 0 2 0 131695 2 25 17 0 1 2 3 25 0 1 3
666 CAA 24 2 3 2 4 0 1 0 9 6 0 6 6 6 1 6 134520 2 23 15 1 0 0 3 32 0 8 4 4 2 9 2 0 0 3 0 0 1 0 1 8 0 2 0 3 3 0 1 23 5 2 2 2 0 7 7 1 0 1 3 10 0 1 3
667 TGG 0 0 0 0 0 0 0 0 0 0 0 1 0 0 0 3 0 0 0 0 0 4 0 0 0 0 3 0 1 0 3 0 0 0 0 0 0 0 1 1 0 0 4 0 0 1 3 0 1 0 22 0 0 2 0 0 60 1 133351 3 0 0 0 0
668 CTG 0 0 0 0 0 0 4 0 0 0 3 0 2 0 8 0 1 0 1 0 1 4 8 0 1 0 6 0 34 6 122932 7 0 0 0 1 0 0 0 0 0 0 0 0 0 2 5 3 0 0 2 0 1 0 0 1 0 1 0 1 0 0 35 0
669 TGG 0 8 0 1 0 1 8 0 0 0 6 1 2 0 2 0 1 0 1 0 0 1 0 0 0 1 8 0 3 0 0 0 2 0 4 0 2 1 3 0 0 0 7 2 0 2 1 0 0 8 20 2 0 2 5 4 30 0 126495 1 0 6 12 1
670 TAT 1 0 0 14 2 0 0 0 2 3 6 0 0 0 0 0 0 4 2 23 0 0 0 0 5 3 3 1 1 1 0 0 4 0 3 3 0 0 0 0 2 1 2 6 0 2 5 1 7 21 3 135601 0 0 2 0 0 5 0 5 0 0 0 4
671 ATA 12 6 0 1 10 1 6 2 2 0 0 1 135869 4 17 0 3 1 6 0 0 1 1 0 0 4 0 0 4 0 0 2 0 2 2 3 0 0 1 0 0 0 4 0 5 6 1 0 0 0 0 2 0 3 5 1 0 0 1 0 2 7 3 0
672 AAG 30 3 135862 4 0 0 1 0 1 0 18 0 2 0 1 0 0 1 6 4 0 0 7 0 4 4 7 3 0 0 0 0 1 0 10 0 0 0 1 3 0 1 2 0 0 0 2 2 0 4 9 1 1 0 1 0 0 2 2 0 0 0 1 1
673 ATA 8 3 1 6 10 2 6 4 3 0 2 3 135603 2 16 10 0 1 1 4 1 0 3 2 3 4 0 0 9 5 7 5 0 3 2 8 1 0 1 1 7 1 2 2 1 1 0 7 0 2 1 7 5 0 1 6 0 2 5 8 8 3 7 2
674 TTT 0 4 0 5 2 1 1 5 0 0 1 7 4 2 5 2 1 0 1 3 0 0 0 0 0 0 3 0 2 0 0 20 0 0 4 1 8 2 1 1 4 3 5 2 5 2 2 5 2 2 1 6 0 1 6 16 0 3 3 15 20 19 10 135114
675 ATA 13 1 1 11 1 2 2 0 0 3 0 7 135534 11 15 13 3 2 0 2 2 1 1 0 2 0 1 3 2 9 3 4 3 1 3 2 0 0 0 0 0 0 4 9 28 2 6 8 2 4 1 13 0 0 1 0 1 5 11 5 13 0 5 7
676 ATA 13 2 2 3 18 0 0 0 3 0 1 5 135885 3 17 3 0 0 0 2 0 1 0 5 0 2 0 1 3 3 3 0 0 1 4 2 1 0 0 2 4 2 0 9 11 0 1 0 0 0 6 0 1 1 1 0 0 1 1 0 3 4 0 1
677 ATA 5 0 0 0 6 4 0 4 0 3 0 3 135768 6 46 2 0 0 3 0 0 0 3 0 0 0 0 0 3 3 0 0 0 0 1 0 0 0 0 0 5 3 5 10 12 1 0 0 0 3 1 2 2 0 0 2 2 0 5 13 10 6 2 4
678 GTA 2 0 0 0 2 2 2 0 0 2 2 0 37 3 3 2 0 0 6 1 0 2 0 6 0 0 0 0 0 3 1 0 3 2 2 0 23 2 0 0 1 3 3 1 135807 3 49 2 0 0 0 1 2 0 5 3 0 0 0 5 2 2 0 0
679 GGA 0 1 0 0 11 0 0 12 13 3 0 0 4 1 3 2 1 1 3 1 5 0 4 1 0 0 0 1 0 2 0 0 44 0 0 0 6 3 1 0 135480 4 52 11 4 0 2 11 0 0 1 0 4 0 1 2 2 4 2 4 2 0 11 1
680 GGC 1 7 0 1 0 0 2 4 0 41 3 0 0 1 2 0 0 0 0 2 0 0 1 0 0 2 0 0 2 0 4 3 3 21 0 0 0 5 0 1 8 134699 4 33 1 12 3 6 0 0 0 3 5 0 2 2 0 22 7 0 3 0 2 4
681 TTA 5 0 6 2 7 1 0 0 0 3 0 0 21 2 4 8 0 3 5 1 0 2 1 0 0 0 0 2 14 2 0 1 4 0 2 1 2 0 1 2 3 0 7 8 7 0 3 0 13 0 1 5 26 2 2 4 0 2 2 0 135283 12 12 2
682 ATA 13 2 0 2 2 3 4 3 0 3 0 0 135836 2 40 8 9 2 3 2 0 2 0 1 0 0 0 1 2 1 10 0 0 0 1 0 2 3 4 1 0 7 7 7 5 0 1 6 0 1 7 1 1 7 2 1 0 2 0 0 2 1 1 1
683 GGA 0 0 2 7 1 7 3 5 17 4 0 0 1 3 0 1 3 3 6 0 3 0 1 3 2 3 1 0 3 2 2 0 24 0 0 0 7 2 12 5 135376 7 17 18 10 6 0 5 0 0 0 1 0 2 1 3 20 7 8 8 3 1 0 1
684 TTA 3 5 3 4 10 7 6 3 5 7 0 1 5 3 0 1 5 8 1 2 0 9 5 1 2 3 4 2 1 10 5 0 5 0 10 5 1 3 5 1 2 4 4 6 14 4 0 5 8 5 0 3 15 2 9 6 0 2 9 2 135430 2 29 4
685 AGA 35 2 5 2 7 1 4 3 135593 0 7 5 8 1 0 2 4 4 2 6 4 2 4 0 2 13 2 3 5 0 4 2 5 2 4 0 7 3 4 7 14 3 12 3 6 3 0 5 3 0 0 13 5 0 0 4 3 4 5 5 1 1 1 18
686 ATA 1 0 0 0 2 4 0 0 0 3 0 5 135811 2 25 6 0 1 0 3 3 1 2 3 0 0 0 5 4 14 4 4 0 0 2 4 0 0 1 7 0 1 1 3 14 3 11 0 0 0 0 2 2 4 1 3 5 6 1 2 5 11 10 6
687 GTT 0 0 0 0 9 11 1 4 0 1 3 10 9 0 0 41 0 8 0 1 3 3 4 4 0 0 1 1 0 5 2 4 0 0 0 0 0 10 2 16 3 0 10 3 14 17 7 135721 1 2 0 4 0 11 2 0 0 0 8 5 3 5 1 8
688 TTT 3 9 0 5 2 7 2 2 2 0 2 0 2 0 0 25 0 0 4 0 0 6 4 2 6 1 3 5 3 4 6 6 0 2 9 0 9 1 4 2 1 5 10 3 4 3 4 10 1 3 3 10 2 3 0 12 0 0 4 2 13 4 5 135704
689 GCA 0 0 3 2 101 13 3 0 0 16 2 0 1 2 6 0 3 3 0 0 3 2 5 0 0 1 7 0 0 3 1 0 5 4 4 4 135415 1 44 19 4 9 4 3 204 0 3 2 0 2 3 2 2 2 0 1 0 0 4 9 5 5 1 4
690 GTG 0 0 0 0 0 1 2 3 0 5 0 2 4 8 62 0 1 0 1 0 0 3 1 0 0 0 1 0 0 3 3 2 0 4 4 0 9 0 17 6 6 2 0 4 184 3 135604 7 1 0 2 2 0 0 2 3 0 7 1 13 5 8 4 6
691 CTT 2 1 1 0 0 7 7 1 8 2 6 2 5 0 2 19 9 6 4 9 3 3 1 29 8 2 3 7 8 27 1 135888 1 0 2 1 8 3 2 1 0 3 1 2 4 2 2 18 0 3 1 2 8 2 0 3 0 0 4 0 6 3 5 37
