# POSITION WT AAA AAC AAG AAT ACA ACC ACG ACT AGA AGC AGG AGT ATA ATC ATG ATT CAA CAC CAG CAT CCA CCC CCG CCT CGA CGC CGG CGT CTA CTC CTG CTT GAA GAC GAG GAT GCA GCC GCG GCT GGA GGC GGG GGT GTA GTC GTG GTT TAA TAC TAG TAT TCA TCC TCG TCT TGA TGC TGG TGT TTA TTC TTG TTT
31 GGA 0 0 0 0 0 0 0 0 93 0 0 0 0 0 0 0 0 0 0 0 0 0 0 0 2 0 0 0 0 0 0 0 50 0 0 0 0 0 0 0 253278 0 8 0 1 0 0 0 0 0 0 0 0 0 0 0 5 0 0 0 0 0 0 0
32 AAC 5 254141 3 16 0 0 0 0 0 7 0 0 0 1 0 0 0 0 0 0 0 0 0 0 0 0 0 0 0 0 0 0 0 1 0 0 0 0 0 0 0 0 0 0 0 0 0 0 0 2 0 0 0 0 0 0 0 0 0 0 0 0 0 0
33 TTG 0 0 0 0 0 0 0 0 0 0 0 0 0 0 3 0 0 0 0 0 0 0 0 0 0 0 0 0 0 0 22 0 0 0 0 0 0 0 0 0 0 0 0 0 0 0 2 0 0 0 1 0 0 0 39 0 0 0 2 0 37 0 254041 4
34 TGG 0 0 0 0 0 0 0 0 0 0 2 0 0 0 0 0 0 0 0 0 0 0 0 0 0 0 4 0 0 0 0 0 0 0 0 0 0 0 0 0 0 0 3 0 0 0 0 0 0 0 28 0 0 0 2 0 45 0 254071 4 0 0 11 0
35 GTT 0 0 0 0 0 0 0 0 0 0 0 0 0 0 0 93 0 0 0 0 0 0 0 0 0 0 0 0 0 0 0 1 0 0 0 5 0 0 0 22 0 0 0 0 0 17 0 252206 0 0 0 0 0 0 0 0 0 0 0 0 0 0 0 5
36 ACT 0 0 0 25 11 28 5 253819 0 0 0 6 0 0 0 71 0 0 0 0 0 0 0 0 0 0 0 0 0 0 0 0 0 0 0 0 0 0 0 14 0 0 0 0 0 0 0 0 0 0 0 0 0 0 0 1 0 0 0 0 0 0 0 0
37 GTC 0 1 0 0 0 0 0 0 0 0 0 0 0 126 0 0 0 0 0 0 0 0 0 0 0 0 0 0 0 7 0 0 0 0 0 0 0 17 0 0 0 3 0 0 25 253499 4 43 0 0 0 0 0 0 0 0 0 0 0 0 0 13 0 0
38 TAC 0 6 0 0 0 0 0 0 0 0 0 0 0 0 0 0 0 13 0 0 0 0 0 0 0 0 0 0 0 0 0 0 0 0 0 0 0 0 0 0 0 0 0 0 0 0 0 0 21 253499 3 34 0 1 0 0 0 6 0 0 0 2 0 0
39 TAT 0 0 0 8 0 0 0 0 0 0 0 0 0 0 0 0 0 0 0 33 0 0 0 0 0 0 0 0 0 0 0 0 0 0 0 2 0 0 0 0 0 0 0 0 0 0 0 0 2 11 0 254089 0 0 0 0 0 0 0 7 0 0 0 0
40 GGG 0 0 0 0 0 0 0 0 0 0 37 0 0 0 0 0 0 0 0 0 0 0 0 0 0 0 0 0 0 0 0 0 0 0 44 0 0 0 1 0 53 0 251846 5 0 0 15 0 0 0 0 0 0 0 0 0 0 0 5 0 0 0 0 0
41 GTG 0 0 0 0 0 0 0 0 0 0 0 0 0 0 62 0 0 0 0 0 0 0 0 0 0 0 0 0 0 0 0 0 0 0 2 0 0 0 11 0 0 0 2 0 140 2 251717 8 0 0 0 0 0 0 0 0 0 0 0 0 0 0 1 0
42 CCT 0 0 0 0 0 0 0 7 0 0 0 0 0 0 0 0 0 0 0 23 18 122 18 250133 0 0 0 2 0 0 0 32 0 0 0 0 0 0 0 5 0 0 0 0 0 0 0 0 0 0 0 0 0 0 0 110 0 0 0 0 0 0 0 0
43 GTG 0 0 0 0 0 0 0 0 0 0 0 0 0 0 69 0 0 0 0 0 0 0 0 0 0 0 0 0 0 0 1 0 0 0 2 0 0 0 23 0 0 0 2 0 75 1 247728 2 0 0 0 0 0 0 0 0 0 0 0 0 0 0 7 0
44 TGG 0 0 0 0 0 0 0 0 0 0 5 0 0 0 0 0 0 0 0 0 0 0 0 0 0 0 15 0 0 0 0 0 0 0 0 0 0 0 0 0 0 0 4 0 0 0 0 0 0 0 38 0 0 0 1 0 27 2 253313 5 0 0 12 0
45 AAG 94 2 249399 38 0 0 12 0 0 0 67 0 0 0 15 0 0 0 2 0 0 0 0 0 0 0 0 0 0 0 0 0 0 0 51 0 0 0 0 0 0 0 0 0 0 0 0 0 0 0 4 0 0 0 0 0 0 0 0 0 0 0 0 0
46 GAC 0 68 0 0 0 0 0 0 0 0 0 0 0 0 0 0 0 2 0 0 0 0 0 0 0 0 0 0 0 0 0 0 13 252258 0 61 0 1 0 0 0 24 0 0 0 2 0 0 0 6 0 0 0 0 0 0 0 0 0 0 0 0 0 0
47 GCA 0 0 0 0 252 0 0 0 0 0 0 0 0 0 0 0 0 0 0 0 0 0 0 0 0 0 0 0 0 0 0 0 10 0 0 0 250879 4 44 5 0 0 0 0 50 0 0 0 0 0 0 0 5 0 0 0 0 0 0 0 0 0 0 0
48 GAG 0 0 33 0 0 0 0 0 0 0 0 0 0 0 0 0 0 0 0 0 0 0 0 0 0 0 0 0 0 0 0 0 67 2 251445 3 0 0 0 0 0 0 27 0 0 0 0 0 0 0 3 0 0 0 0 0 0 0 0 0 0 0 0 0
49 ACC 0 5 0 0 4 250325 0 27 0 0 0 0 0 28 0 0 0 0 0 0 0 0 0 0 0 0 0 0 0 0 0 0 0 0 0 0 0 7 0 0 0 0 0 0 0 0 0 0 0 0 0 0 0 0 0 0 0 0 0 0 0 0 0 0
50 ACT 0 0 0 17 2 16 3 250620 0 0 0 6 0 0 0 41 0 0 0 0 0 0 0 1 0 0 0 0 0 0 0 0 0 0 0 0 0 0 0 7 0 0 0 0 0 0 0 0 0 0 0 0 0 0 0 1 0 0 0 0 0 0 0 0
51 CTA 0 0 0 0 0 0 0 0 0 0 0 0 20 0 0 0 3 0 0 0 20 0 0 0 1 0 0 0 252818 0 16 0 0 0 0 0 0 0 0 0 0 0 0 0 1 0 0 0 0 0 0 0 0 0 0 0 0 0 0 0 25 0 0 0
52 TTC 0 0 0 0 0 0 0 0 0 0 0 0 0 4 0 0 0 0 0 0 0 0 0 0 0 0 0 0 0 6 0 0 0 0 0 0 0 0 0 0 0 0 0 0 0 2 0 0 1 6 0 0 0 6 0 0 0 0 0 0 10 253900 0 39
53 TGT 0 0 0 0 0 0 0 0 0 0 0 16 0 0 0 0 0 0 0 0 0 0 0 0 0 0 0 40 0 0 0 0 0 0 0 0 0 0 0 0 0 0 0 1 0 0 0 0 0 0 0 59 0 0 0 2 3 22 1 251086 0 0 0 6
54 GCA 0 0 0 0 166 0 0 0 0 0 0 0 0 0 0 0 0 0 0 0 2 0 0 0 0 0 0 0 0 0 0 0 5 0 0 0 251986 3 9 2 1 0 0 0 115 0 0 0 0 0 0 0 1 0 0 0 0 0 0 0 0 0 0 0
55 TCA 0 0 0 0 2 0 0 0 0 0 0 0 0 0 0 0 0 0 0 0 12 0 0 0 0 0 0 0 0 0 0 0 0 0 0 0 1 0 0 0 0 0 0 0 0 0 0 0 6 0 0 0 252638 2 68 2 0 0 0 0 25 0 0 0
56 GAT 0 0 0 27 0 0 0 0 0 0 0 0 0 0 0 0 0 0 0 3 0 0 0 0 0 0 0 0 0 0 0 0 1 11 2 252129 0 0 0 1 0 0 0 6 0 0 0 2 0 0 0 209 0 0 0 0 0 0 0 0 0 0 0 0
57 GCT 0 0 0 0 0 0 0 110 0 0 0 0 0 0 0 0 0 0 0 0 0 0 0 0 0 0 0 0 0 0 0 0 0 0 0 14 2 12 0 247532 0 0 0 1 0 0 0 26 0 0 0 0 0 0 0 2 0 0 0 0 0 0 0 0
58 AAA 252532 1 28 8 0 0 0 0 12 0 0 0 5 0 0 0 0 0 0 0 0 0 0 0 0 0 0 0 0 0 0 0 9 0 0 0 0 0 0 0 0 0 0 0 0 0 0 0 0 0 0 0 0 0 0 0 0 0 0 0 201 0 0 0
59 GCA 0 0 0 0 113 0 0 0 0 0 0 0 0 0 0 0 0 0 0 0 0 0 0 0 0 0 0 0 0 0 0 0 3 0 0 0 249210 1 4 1 2 0 0 0 49 0 0 0 0 0 0 0 4 0 0 0 0 0 0 0 0 0 0 0
60 TAT 0 0 0 3 0 0 0 0 0 0 0 0 0 0 0 0 0 0 0 12 0 0 0 0 0 0 0 0 0 0 0 0 0 0 0 1 0 0 0 0 0 0 0 0 0 0 0 0 8 10 1 251624 0 0 0 202 0 0 0 27 0 0 0 2
61 GAT 0 0 0 37 0 0 0 0 0 0 0 0 0 0 0 0 0 0 0 0 0 0 0 0 0 0 0 0 0 0 0 0 0 10 3 250905 0 0 0 0 0 0 0 10 0 0 0 0 0 0 0 3 0 0 0 0 0 0 0 0 0 0 0 0
62 GCA 0 0 0 0 86 0 0 0 0 0 0 0 0 0 0 0 0 0 0 0 0 0 0 0 0 0 0 0 0 0 0 0 9 0 0 0 250882 1 55 2 0 0 0 0 143 0 0 0 0 0 0 0 2 0 0 0 0 0 0 0 0 0 0 0
63 GAA 58 0 0 0 0 0 0 0 0 0 0 0 0 0 0 0 5 0 0 0 0 0 0 0 0 0 0 0 0 0 0 0 248407 0 10 3 0 0 0 0 4 0 0 0 3 0 0 0 2 0 0 0 0 0 0 0 0 0 0 0 0 0 0 0
64 GTG 0 0 0 0 0 0 0 0 0 0 0 0 1 0 67 0 0 0 0 0 0 0 0 0 0 0 0 0 0 0 0 0 0 0 4 0 0 0 13 0 0 0 3 0 122 8 233005 6 0 0 0 0 0 0 0 0 0 0 0 0 0 0 6 0
65 CAT 0 0 0 9 0 0 0 0 0 0 0 0 0 0 0 0 4 14 2 238047 0 0 0 0 0 0 0 8 0 0 0 5 0 0 0 4 0 0 0 0 0 0 0 0 0 0 0 0 0 0 0 68 0 0 0 0 0 0 0 0 0 0 0 0
66 AAT 3 9 2 246235 0 0 0 0 0 0 0 9 0 0 0 3 0 0 0 2 0 0 0 0 0 0 0 0 0 0 0 0 0 0 0 12 0 0 0 0 0 0 0 0 0 0 0 0 0 0 0 0 0 0 0 0 0 0 0 0 0 0 0 0
67 ATC 0 1 0 0 0 7 0 0 0 0 0 0 15 230085 0 21 0 0 0 0 0 0 0 0 0 0 0 0 0 0 0 0 0 0 0 0 0 0 0 0 0 0 0 0 0 9 0 0 0 0 0 0 0 0 0 0 0 0 0 0 0 3 0 0
68 TGG 0 0 0 0 0 0 0 0 0 0 19 0 0 0 0 0 0 0 0 0 0 0 0 0 0 0 11 0 0 0 0 0 0 0 0 0 0 0 0 0 0 0 0 0 0 0 0 0 0 0 32 0 0 0 0 0 40 0 222067 6 0 0 9 0
69 GCT 0 0 0 0 0 0 0 114 0 0 0 0 0 0 0 0 0 0 0 0 0 0 0 1 0 0 0 0 0 0 0 0 0 0 0 16 2 7 0 163589 0 0 0 2 0 0 0 28 0 0 0 0 0 0 0 1 0 0 0 0 0 0 0 0
70 ACA 1 0 0 0 246185 0 14 1 6 0 0 0 55 0 0 0 0 0 0 0 0 0 0 0 0 0 0 0 0 0 0 0 0 0 0 0 6 0 0 0 0 0 0 0 0 0 0 0 0 0 0 0 2 0 0 0 0 0 0 0 0 0 0 0
71 CAT 0 0 0 3 0 0 0 0 0 0 0 0 0 0 0 0 6 12 0 243324 0 0 0 0 0 0 0 9 0 0 0 0 0 0 0 1 0 0 0 0 0 0 0 0 0 0 0 0 0 0 0 44 0 0 0 0 0 0 0 0 0 0 0 0
72 GCC 0 0 0 0 0 70 0 0 0 0 0 0 0 0 0 0 0 0 0 0 0 0 0 0 0 0 0 0 0 0 0 0 0 13 0 0 23 160340 1 22 0 1 0 0 0 58 0 0 0 0 0 0 0 4 0 0 0 0 0 0 0 0 0 0
73 TGT 0 0 0 1 0 0 0 0 0 0 0 10 0 0 0 0 0 0 0 0 0 0 0 0 0 0 0 93 0 0 0 0 0 0 0 0 0 0 0 0 0 0 0 7 0 0 0 0 0 0 0 76 0 0 0 2 1 17 0 212746 0 0 0 2
74 GTA 0 0 0 0 0 0 0 0 1 0 0 0 73 0 0 0 0 0 0 0 0 0 0 0 0 0 0 0 2 0 0 0 2 0 0 0 8 0 0 0 0 0 0 0 237125 1 18 0 0 0 0 0 0 0 0 0 0 0 0 0 1 0 0 0
75 CCT 0 0 0 0 0 0 0 4 0 0 0 0 0 0 0 0 0 0 0 23 5 52 1 225477 0 0 0 1 0 0 0 16 0 0 0 0 0 0 0 3 0 0 0 0 0 0 0 0 0 0 0 0 0 0 0 67 0 0 0 0 0 0 0 0
76 ACA 3 0 0 0 223717 10 66 7 1 0 0 0 47 0 0 0 0 0 0 0 1 0 0 0 0 0 0 0 0 0 0 0 0 0 0 0 11 0 0 0 0 0 0 0 0 0 0 0 0 0 0 0 3 0 0 0 0 0 0 0 0 0 0 0
77 GAC 0 39 0 0 0 0 0 0 0 0 0 0 0 0 0 0 0 2 0 0 0 1 0 0 0 0 0 0 0 0 0 0 13 196158 0 23 0 0 0 0 0 15 0 0 0 7 0 0 0 2 0 0 0 0 0 0 0 0 0 0 0 0 0 0
78 CCC 0 1 0 0 0 50 0 0 0 0 0 0 0 0 0 0 0 18 0 0 28 138579 1 13 0 0 0 0 0 17 0 1 0 0 0 0 0 0 0 0 0 0 0 0 0 0 0 0 0 1 0 0 0 22 0 0 0 0 0 0 0 0 0 0
79 AAC 2 218741 0 40 0 17 0 0 0 12 0 0 0 1 0 0 3 1 0 0 0 0 0 1 0 0 0 0 0 0 0 0 0 17 0 0 0 0 0 0 0 0 0 0 0 0 0 0 0 3 0 0 0 0 0 0 0 0 0 0 0 0 0 0
80 CCA 1 1 0 0 2 0 0 0 0 0 0 0 0 0 0 0 8 16 0 0 229810 6 3 3 1 0 0 0 12 0 0 0 0 0 0 0 0 0 0 0 0 0 0 0 0 0 0 0 0 0 0 0 16 0 0 0 0 0 1 0 0 0 0 0
81 CAA 3 0 15 0 4 0 0 0 0 0 0 0 0 0 1 0 170981 4 11 1 1 0 0 0 28 0 0 0 1 0 0 0 0 1 0 0 0 0 0 0 0 0 0 0 0 0 0 0 9 0 0 0 0 0 0 0 0 0 0 0 0 0 0 0
82 GAA 13 0 0 0 0 0 0 0 0 0 0 0 0 0 0 0 0 0 0 0 0 0 0 0 0 0 0 0 0 0 0 0 118517 0 1 0 0 0 0 0 0 0 0 0 0 0 0 0 3 0 0 0 0 0 0 0 0 0 0 0 0 0 0 0
83 ATA 9 0 0 0 5 0 0 0 0 0 0 0 112980 0 7 3 0 0 0 0 0 0 0 0 0 0 0 0 0 0 0 0 0 0 0 0 0 0 0 0 0 0 0 0 5 0 0 0 0 0 0 0 0 0 0 0 0 0 0 0 0 0 0 0
84 AAT 18 7 1 154172 0 0 0 0 0 0 0 2 0 0 0 0 0 0 0 0 0 0 0 0 0 0 0 0 0 0 0 0 0 0 0 1 0 0 0 0 0 0 0 0 0 0 0 0 0 0 0 1 0 0 0 0 0 0 0 0 0 0 0 0
85 TTG 0 0 0 0 0 0 0 0 0 0 0 0 0 0 12 0 0 0 0 0 0 0 0 0 0 0 0 0 0 0 10 0 0 0 0 0 0 0 0 0 0 0 0 0 0 0 4 0 1 0 2 0 0 0 4 0 0 0 4 0 7 1 93038 48
86 GAA 49 0 0 0 0 0 0 0 0 0 0 0 2 0 0 1 0 0 0 0 0 0 0 0 0 0 0 0 1 0 0 0 207952 0 13 6 0 0 0 0 91 0 0 0 0 0 0 0 4 0 0 0 0 0 0 0 0 0 0 0 0 0 0 0
87 AAT 15 6 1 180646 0 0 0 1 0 0 0 4 3 0 1 1 0 0 0 0 0 0 0 0 0 0 0 0 0 0 0 0 0 0 0 7 0 0 0 0 0 0 0 0 0 0 0 0 0 0 0 1 0 0 0 0 0 0 0 0 0 0 0 2
88 GTG 0 1 2 2 0 0 0 0 0 0 0 0 0 0 54 0 0 0 0 0 0 0 0 0 0 0 0 0 0 0 2 0 1 0 6 0 0 0 6 0 1 0 0 0 35 2 223790 2 0 0 0 0 0 0 0 0 1 0 3 1 0 0 7 0
89 ACA 11 0 0 0 219753 1 10 3 0 0 0 0 52 0 0 0 1 0 1 0 0 0 0 0 0 0 0 0 0 0 0 0 1 1 0 0 27 0 0 0 0 0 0 0 0 0 0 0 0 0 0 0 0 0 0 0 0 0 0 0 0 0 1 0
90 GAA 57 0 1 2 0 0 0 0 0 0 0 0 0 0 0 0 2 0 0 0 0 0 0 0 0 0 0 0 0 0 0 0 213473 4 24 4 0 0 0 0 6 0 0 0 1 0 0 0 9 0 0 0 0 0 0 0 0 0 0 1 0 0 0 0
91 GAG 1 0 23 2 0 0 0 0 1 0 0 0 0 0 0 1 0 0 1 0 0 0 0 0 0 0 0 0 0 0 0 0 58 3 214168 15 0 0 0 0 0 0 5 1 0 0 4 0 0 0 8 0 0 0 0 0 0 0 0 0 0 0 1 0
92 TTT 0 0 1 1 0 0 0 0 0 0 0 0 0 0 0 4 0 0 0 0 0 0 0 0 0 0 0 0 0 0 0 5 0 0 0 0 0 0 0 0 0 0 0 0 0 0 1 0 0 0 0 25 0 0 0 9 0 0 1 0 5 8 0 193046
93 AAC 14 231643 1 46 0 3 0 0 0 36 0 0 0 2 0 0 0 0 0 0 0 0 0 0 0 0 0 0 0 0 0 0 0 13 0 0 0 0 0 0 0 0 0 0 0 0 0 0 0 6 0 0 0 0 0 0 0 0 0 0 0 0 0 0
94 ATG 0 0 8 0 0 0 11 0 0 0 0 0 59 2 242569 7 0 0 0 0 0 0 0 0 0 0 0 0 0 0 0 0 0 0 0 0 0 0 0 0 0 0 0 0 0 0 16 0 0 0 0 0 0 0 0 0 0 0 0 1 0 0 4 0
95 TGG 0 0 0 0 0 0 0 0 0 0 6 0 0 0 0 0 0 0 0 0 0 0 0 0 0 0 24 0 0 0 0 0 0 0 0 0 0 0 0 0 1 0 1 0 0 0 0 0 1 0 35 0 0 0 0 0 53 1 209632 5 0 0 6 0
96 AAA 250924 2 2 1 1 0 0 0 13 0 0 0 1 0 0 0 0 0 0 0 0 0 0 0 0 0 0 0 0 0 0 0 14 0 0 0 0 0 0 0 0 0 0 0 0 0 0 0 1 0 0 0 0 0 0 0 0 0 0 0 0 0 0 0
97 AAT 4 4 0 250248 0 0 0 2 0 0 0 7 0 0 0 56 0 0 0 0 0 0 0 0 0 0 0 0 0 0 0 0 0 0 0 3 0 0 0 0 0 0 0 0 0 0 0 0 0 0 0 1 0 0 0 0 0 0 0 0 0 0 0 0
98 AAC 6 247172 1 54 0 0 0 0 0 16 0 0 0 3 0 0 0 0 0 0 0 0 0 0 0 0 0 0 0 0 0 0 0 39 0 0 0 0 0 0 0 0 0 0 0 0 0 0 0 0 0 0 0 0 0 0 0 0 0 0 0 0 0 0
99 ATG 0 0 2 0 0 0 5 0 0 0 4 0 45 0 229251 5 0 0 0 0 0 0 0 0 0 0 0 0 0 0 0 0 0 0 0 0 0 0 0 0 0 0 0 0 0 0 18 0 0 0 0 0 0 0 0 0 0 0 0 0 0 0 3 0
100 GTA 0 0 0 0 0 0 0 0 0 0 0 0 87 0 0 0 0 0 0 0 0 0 0 0 0 0 0 0 1 0 0 0 1 0 0 0 13 0 0 0 0 0 0 0 236335 0 21 0 0 0 0 0 0 0 0 0 0 0 0 0 2 0 0 0
101 GAA 60 0 0 0 0 0 0 0 0 0 0 0 0 0 0 0 0 0 0 0 0 0 0 0 0 0 0 0 0 0 0 0 246731 2 15 2 0 0 0 0 10 0 0 0 1 0 0 0 3 0 0 0 0 0 0 0 0 0 0 0 0 0 0 0
102 CAG 0 0 9 0 0 0 0 0 0 0 0 0 0 0 0 0 74 1 251875 6 0 0 2 0 0 0 34 0 0 0 1 0 0 0 2 0 0 0 0 0 0 0 0 0 0 0 0 0 0 0 39 0 0 0 0 0 0 0 0 0 0 0 0 0
103 ATG 1 0 11 0 0 0 7 0 0 0 1 0 116 5 251657 6 0 0 0 0 0 0 0 0 0 0 0 0 0 0 0 0 0 0 0 0 0 0 0 0 0 0 0 0 0 0 4 0 0 0 0 0 0 0 0 0 0 0 0 0 0 0 2 0
104 CAT 0 0 0 22 0 0 0 0 0 0 0 0 0 0 0 0 8 9 2 249573 0 0 0 1 0 0 0 2 0 0 0 2 0 0 0 0 0 0 0 0 0 0 0 0 0 0 0 0 0 0 0 55 0 0 0 0 0 0 0 0 0 0 0 0
105 ACA 24 0 0 1 253023 2 18 5 1 0 0 0 70 0 0 0 1 0 0 0 0 0 0 0 0 0 0 0 0 0 0 0 0 0 0 0 36 0 0 0 0 0 0 0 0 0 0 0 0 0 0 0 2 0 0 0 0 0 0 0 0 0 0 0
106 GAT 0 0 0 46 0 0 0 1 0 0 0 0 0 0 0 0 0 0 0 2 0 0 0 0 0 0 0 0 0 0 0 0 1 19 1 252023 0 0 0 2 0 0 0 3 0 0 0 1 0 0 0 9 0 0 0 0 0 0 0 0 0 0 0 0
107 ATA 3 0 0 0 12 0 0 0 1 0 0 0 252879 0 25 0 0 0 0 0 0 0 0 0 0 0 0 0 0 0 0 0 0 0 0 0 0 0 0 0 0 0 0 0 17 0 0 0 0 0 0 0 0 0 0 0 0 0 0 0 0 0 0 0
108 ATC 0 11 0 0 0 10 0 1 0 1 0 0 10 251185 1 48 0 0 0 0 0 0 0 0 0 0 0 0 0 1 0 0 0 0 0 0 0 0 0 0 0 0 0 0 0 11 0 0 0 0 0 0 0 0 0 0 0 0 0 0 0 1 0 0
109 AGC 1 49 0 0 0 1 0 0 4 249189 0 56 0 6 0 0 0 0 0 0 0 0 0 0 0 1 0 0 0 0 0 0 0 0 0 0 0 0 0 0 0 19 0 0 0 1 0 0 0 0 0 0 0 0 0 0 0 5 0 0 0 0 0 0
110 CTA 0 0 0 0 0 0 0 0 0 0 0 0 22 0 0 0 6 0 0 1 41 0 0 0 3 0 0 0 253283 1 11 1 0 0 0 0 0 0 0 0 0 0 0 0 1 0 0 0 0 0 0 0 0 0 0 0 0 0 0 0 13 0 0 0
111 TGG 0 0 0 0 0 0 0 0 0 0 0 0 0 0 0 0 0 0 0 0 0 0 0 0 0 0 7 0 0 0 0 0 0 0 0 0 0 0 0 0 0 0 0 0 0 0 0 0 1 0 44 0 0 0 0 0 41 1 251668 14 0 0 8 0
112 GAC 0 73 0 0 0 0 0 0 0 0 0 0 0 0 0 0 0 5 0 0 0 0 0 0 0 0 0 0 0 0 0 0 17 252998 0 27 0 0 0 0 0 8 0 0 0 4 0 0 0 2 0 0 0 0 0 0 0 0 0 0 0 0 0 0
113 CAA 3 0 0 0 0 0 0 0 0 0 0 0 0 0 0 0 251195 4 48 11 0 0 0 0 37 0 0 0 4 0 0 0 0 0 0 0 0 0 0 0 0 0 0 0 0 0 0 0 10 0 0 0 0 0 0 0 0 0 0 0 0 0 0 0
114 GGC 1 0 0 0 0 0 0 0 0 43 0 0 0 0 0 0 0 0 0 0 0 0 0 0 0 2 0 0 0 0 0 0 0 64 0 0 0 2 0 0 11 247919 1 20 0 4 0 0 0 0 0 0 0 0 0 0 0 36 0 0 0 0 0 0
115 CTA 0 0 0 0 0 0 0 0 0 0 0 0 19 0 0 0 3 0 0 0 42 0 0 0 3 0 0 0 252951 0 34 0 0 0 0 0 0 0 0 0 0 0 0 0 0 0 0 0 0 0 0 0 0 0 0 0 0 0 0 0 24 0 0 0
116 AAG 76 1 253415 4 0 0 4 0 0 0 14 0 0 0 5 0 0 0 0 0 0 0 0 0 0 0 0 0 0 0 0 0 0 0 8 0 0 0 0 0 0 0 0 0 0 0 0 0 0 0 4 0 0 0 0 0 0 0 0 0 0 0 0 0
117 CCA 0 0 0 0 5 0 0 0 0 0 0 0 0 0 0 0 6 0 0 0 250162 0 8 1 0 0 0 0 18 0 0 0 0 0 0 0 0 0 0 0 0 0 0 0 0 0 0 0 0 0 0 0 64 0 0 0 0 0 0 0 0 0 0 0
118 TGT 0 0 0 0 0 0 0 0 0 0 0 5 0 0 0 0 0 0 0 1 0 0 0 0 0 0 0 21 0 0 0 0 0 0 0 0 0 0 0 0 0 0 0 4 0 0 0 0 0 0 0 59 0 0 0 1 6 13 2 253631 0 0 0 9
119 GTA 0 0 0 0 0 0 0 0 0 0 0 0 82 0 0 0 0 0 0 0 0 0 0 0 0 0 0 0 3 0 0 0 1 0 0 0 16 0 0 0 0 0 0 0 253749 1 19 0 0 0 0 0 0 0 0 0 0 0 0 0 4 0 0 0
120 AAG 65 0 251744 6 0 0 0 0 0 0 20 0 0 0 3 0 0 0 1 0 0 0 0 0 0 0 0 0 0 0 0 0 0 0 12 0 0 0 0 0 0 0 0 0 0 0 0 0 0 0 0 0 0 0 0 0 0 0 0 0 0 0 1 0
121 TTA 0 0 0 0 0 0 0 0 0 0 0 0 9 0 0 0 0 0 0 0 0 0 0 0 0 0 0 0 24 0 0 0 0 0 0 0 0 0 0 0 0 0 0 0 1 0 0 0 3 0 0 0 8 0 0 0 0 0 0 0 252924 1 23 1
122 ACC 0 9 0 0 8 251583 1 23 0 5 0 0 0 37 0 0 0 0 0 0 0 0 0 0 0 0 0 0 0 0 0 0 0 1 0 0 0 18 0 0 0 0 0 0 0 0 0 0 0 0 0 0 0 6 0 0 0 0 0 0 0 0 0 0
123 CCT 0 0 0 0 0 0 0 9 0 0 0 0 0 0 0 0 0 0 0 10 1 24 0 253910 0 0 0 0 0 0 0 26 0 0 0 0 0 0 0 0 0 0 0 0 0 0 0 0 0 0 0 0 0 0 0 16 0 0 0 0 0 0 0 0
124 CTC 0 0 0 0 0 0 0 0 0 0 0 0 0 6 0 0 0 1 0 0 0 13 0 0 0 1 0 0 13 253325 0 21 0 0 0 0 0 0 0 0 0 0 0 0 0 1 0 0 0 0 0 0 0 0 0 0 0 0 0 0 0 14 0 0
125 TGT 0 0 0 2 0 0 0 1 0 0 0 25 0 0 0 0 0 0 0 0 0 0 0 0 0 0 0 59 0 0 0 0 0 0 0 0 0 0 0 0 0 0 0 4 0 0 0 0 0 0 0 43 0 0 0 0 3 53 0 253331 0 0 0 5
126 GTT 0 0 0 0 0 0 0 0 0 0 0 0 0 0 0 66 0 0 0 0 0 0 0 0 0 0 0 0 0 0 0 1 0 0 0 13 0 0 0 20 0 0 0 2 2 20 2 253546 0 0 0 0 0 0 0 0 0 0 0 0 0 0 0 1
127 ACT 0 0 0 9 3 22 4 253878 0 0 0 4 0 0 0 44 0 0 0 0 0 0 0 1 0 0 0 0 0 0 0 0 0 0 0 0 0 0 0 8 0 0 0 0 0 0 0 0 0 0 0 0 0 0 0 1 0 0 0 0 0 0 0 0
128 TTA 0 0 0 0 0 0 0 0 0 0 0 0 18 0 0 0 0 0 0 0 0 0 0 0 0 0 0 0 19 0 0 0 0 0 0 0 0 0 0 0 0 0 0 0 5 0 0 0 1 0 0 0 5 0 0 0 1 0 0 0 253913 0 53 1
129 GAT 0 0 0 40 0 0 0 0 0 0 0 0 0 0 0 0 0 0 0 1 0 0 0 0 0 0 0 0 0 0 0 0 19 19 1 253812 0 0 0 1 0 0 0 6 0 0 0 2 0 0 0 3 0 0 0 0 0 0 0 0 0 0 0 0
130 TGC 0 0 0 0 0 0 0 0 0 9 0 0 0 0 0 0 0 0 0 0 0 0 0 0 0 9 0 0 0 0 0 0 0 0 0 0 0 0 0 0 0 2 0 0 0 0 0 0 0 143 0 0 0 2 0 0 13 253639 1 87 0 3 0 0
131 CAT 0 0 0 10 0 0 0 0 0 0 0 0 0 0 0 0 14 21 0 253859 0 0 0 0 0 0 0 7 0 0 0 3 0 0 0 0 0 0 0 0 0 0 0 0 0 0 0 0 0 0 0 19 0 0 0 0 0 0 0 0 0 0 0 0
132 AAT 10 10 1 254164 0 0 0 0 0 0 0 7 0 0 0 0 0 0 0 2 0 0 0 0 0 0 0 0 0 0 0 0 0 0 0 30 0 0 0 0 0 0 0 0 0 0 0 0 0 0 0 0 0 0 0 0 0 0 0 0 0 0 0 0
133 GTC 0 0 0 0 0 0 0 0 0 0 0 0 0 57 0 0 0 0 0 0 0 0 0 0 0 0 0 0 0 1 0 1 0 3 0 0 0 13 0 0 0 2 0 0 8 254005 0 29 0 0 0 0 0 0 0 0 0 0 0 0 0 3 0 0
134 ACC 1 9 0 0 32 254004 1 17 0 1 0 0 1 24 0 0 0 0 0 0 0 0 0 0 0 0 0 0 0 0 0 0 0 0 0 0 0 13 0 0 0 0 0 0 0 0 0 0 0 0 0 0 0 4 0 1 0 0 0 0 0 0 0 0
135 TAT 0 0 0 5 0 0 0 0 0 0 0 0 0 0 0 0 0 0 0 71 0 0 0 0 0 0 0 0 0 0 0 0 0 0 0 2 0 0 0 0 0 0 0 0 0 0 0 0 1 13 0 253995 0 0 0 0 0 0 0 1 0 0 0 4
136 AAT 38 13 1 253874 0 0 0 4 0 0 0 14 0 0 0 12 0 0 0 2 0 0 0 0 0 0 0 0 0 0 0 0 0 0 0 21 0 0 0 0 0 0 0 0 0 0 0 0 0 0 0 1 0 0 0 0 0 0 0 0 0 0 0 0
137 ATC 2 25 0 2 1 6 0 0 0 3 0 0 15 253718 1 32 0 0 0 0 0 0 0 0 0 0 0 0 0 0 0 0 0 0 0 0 0 0 0 0 0 0 0 0 0 9 0 0 0 0 0 0 0 0 0 0 0 0 0 0 0 0 0 1
138 ACC 0 25 0 1 40 253912 4 40 0 4 0 0 0 30 0 0 0 0 0 0 0 0 0 0 0 0 0 0 0 0 0 0 0 0 0 0 0 10 0 0 0 0 0 0 0 0 0 0 0 0 0 0 0 7 0 0 0 0 0 0 0 0 0 0
139 AGT 0 0 0 57 0 0 0 1 14 10 2 253871 0 0 0 5 0 0 0 0 0 0 0 0 0 0 0 1 0 0 0 0 0 0 0 0 0 0 0 0 0 0 0 22 0 0 0 0 0 0 0 0 0 0 0 0 0 0 0 6 0 0 0 0
140 GAC 0 71 0 0 0 0 0 0 0 0 0 0 0 0 0 0 0 3 0 0 0 0 0 0 0 0 0 0 0 0 0 0 2 227383 5 49 0 0 0 0 0 14 0 0 0 0 0 0 0 2 0 0 0 0 0 0 0 0 0 0 0 0 0 0
141 ATG 0 0 9 0 0 0 17 0 0 0 1 0 56 3 226988 6 0 0 0 0 0 0 0 0 0 0 0 0 0 0 1 0 0 0 0 0 0 0 0 0 0 0 0 0 0 0 24 0 0 0 0 0 0 0 0 0 0 0 0 0 0 0 3 0
142 AAG 56 1 227211 20 0 0 5 0 0 0 27 0 0 0 19 0 0 0 1 0 0 0 0 0 0 0 0 0 0 0 0 0 0 0 32 0 0 0 0 0 0 0 0 0 0 0 0 0 0 0 3 0 0 0 0 0 0 0 0 0 0 0 0 0
143 GAA 66 0 0 0 0 0 0 0 0 0 0 0 0 0 0 0 1 0 0 0 0 0 0 0 0 0 0 0 0 0 0 0 227384 1 19 6 0 0 0 0 18 0 0 0 1 0 0 0 3 0 0 0 0 0 0 0 0 0 0 0 0 0 0 0
144 GAA 62 0 0 0 0 0 0 0 0 0 0 0 0 0 0 0 0 0 0 0 0 0 0 0 0 0 0 0 0 0 0 0 227451 0 9 3 0 0 0 0 5 0 0 0 1 0 0 0 8 0 0 0 0 0 0 0 0 0 0 0 0 0 0 0
145 ATA 2 0 0 0 5 0 0 0 1 0 0 0 227290 0 18 0 0 0 0 0 0 0 0 0 0 0 0 0 0 0 0 0 0 0 0 0 0 0 0 0 0 0 0 0 7 0 0 0 0 0 0 0 0 0 0 0 0 0 0 0 1 0 0 0
146 ACA 1 0 0 0 227366 3 8 0 0 0 0 0 28 0 0 0 0 0 0 0 1 0 0 0 0 0 0 0 0 0 0 0 0 0 0 0 7 0 0 0 0 0 0 0 0 0 0 0 0 0 0 0 0 0 0 0 0 0 0 0 0 0 0 0
147 AAC 6 227028 2 21 0 0 0 0 0 4 0 0 0 4 0 0 0 0 0 0 0 0 0 0 0 0 0 0 0 0 0 0 0 6 0 0 0 0 0 0 0 0 0 0 0 0 0 0 0 2 0 0 0 0 0 0 0 0 0 0 0 0 0 0
148 TGC 0 0 0 0 0 0 0 0 0 5 0 0 0 0 0 0 0 0 0 0 0 0 0 0 0 13 0 0 0 0 0 0 0 0 0 0 0 0 0 0 0 2 0 0 0 0 0 0 0 60 0 0 0 2 0 0 5 226869 4 30 0 10 1 0
149 TCT 0 0 0 0 0 0 0 3 0 0 0 0 0 0 0 0 0 0 0 0 0 0 0 6 0 0 0 0 0 0 0 0 0 0 0 0 0 0 0 0 0 0 0 0 0 0 0 0 0 0 0 4 5 12 1 227525 0 0 0 0 0 0 0 16
150 TAC 0 8 0 0 0 0 0 0 0 0 0 0 0 0 0 0 0 29 0 0 0 0 0 0 0 0 0 0 0 0 0 0 0 3 0 0 0 0 0 0 0 0 0 0 0 0 0 0 7 227051 0 34 0 1 0 0 0 9 0 0 0 1 0 0
151 AAT 9 18 6 227107 0 0 0 1 0 0 0 18 0 0 0 3 0 0 0 2 0 0 0 0 0 0 0 0 0 0 0 0 0 0 0 25 0 0 0 0 0 0 0 0 0 0 0 0 0 0 0 5 0 0 0 0 0 0 0 0 0 0 0 0
152 GTG 0 0 0 0 0 0 0 0 0 0 0 0 0 0 62 0 0 0 0 0 0 0 0 0 0 0 0 0 0 0 2 0 0 0 5 0 0 0 10 0 0 0 0 0 66 1 226783 4 0 0 0 0 0 0 0 0 0 0 0 0 0 0 1 0
153 ACC 0 11 0 0 7 227299 0 28 0 4 0 0 0 33 0 0 0 0 0 0 0 0 0 0 0 0 0 0 0 0 0 0 0 0 0 0 0 30 0 0 0 0 0 0 0 0 0 0 0 0 0 0 0 1 0 0 0 0 0 0 0 0 0 0
154 ACA 12 0 0 0 227045 8 94 4 1 0 0 0 35 0 0 0 0 0 0 0 4 0 0 0 0 0 0 0 0 0 0 0 0 0 0 0 5 0 0 0 0 0 0 0 0 0 0 0 0 0 0 0 11 0 0 0 0 0 0 0 0 0 0 0
155 GTA 0 0 0 0 1 0 0 0 0 0 0 0 57 0 0 0 0 0 0 0 0 0 0 0 0 0 0 0 6 0 0 0 20 0 0 0 15 0 0 0 0 0 0 0 226581 0 12 3 0 0 0 0 0 0 0 0 0 0 0 0 10 0 0 0
156 ATA 4 1 0 0 8 0 0 0 1 0 0 0 226547 0 66 1 0 0 0 0 0 0 0 0 0 0 0 0 0 0 0 0 0 0 0 0 0 0 0 0 0 0 0 0 7 0 0 0 0 0 0 0 0 0 0 0 0 0 0 0 7 0 0 0
157 AGG 1 0 49 0 0 0 0 0 62 0 226449 17 0 0 10 0 0 0 0 0 0 0 0 0 0 0 8 0 0 0 0 0 0 0 0 0 0 0 0 0 0 0 68 0 0 0 0 0 0 0 0 0 0 0 0 0 0 0 9 0 0 0 0 0
158 GAT 0 0 0 36 0 0 0 0 0 0 0 0 0 0 0 0 0 0 0 1 0 0 0 0 0 0 0 0 0 0 0 0 13 14 1 225997 0 0 0 0 0 0 0 7 0 0 0 0 0 0 0 4 0 0 0 0 0 0 0 0 0 0 0 0
159 AAG 40 0 226326 3 0 0 10 0 0 0 45 0 0 0 5 0 0 0 0 0 0 0 0 0 0 0 0 0 0 0 0 0 0 0 58 0 0 0 0 0 0 0 0 0 0 0 0 0 0 0 0 0 0 0 0 0 0 0 0 0 0 0 0 0
160 AAA 227307 0 2 2 0 0 0 0 6 0 0 0 3 0 0 0 1 0 0 0 0 0 0 0 0 0 0 0 0 0 0 0 7 0 0 0 0 0 0 0 0 0 0 0 0 0 0 0 1 0 0 0 0 0 0 0 0 0 0 0 0 0 0 0
161 CAG 0 0 8 0 0 0 0 0 0 0 0 0 0 0 0 0 23 1 226047 1 0 0 0 0 0 0 22 0 0 0 1 0 0 0 2 0 0 0 0 0 0 0 0 0 0 0 0 0 0 0 16 0 0 0 0 0 0 0 0 0 0 0 0 0
162 AAA 227434 0 11 3 0 0 0 0 7 0 0 0 7 0 0 0 0 0 0 0 0 0 0 0 0 0 0 0 0 0 0 0 4 0 0 0 0 0 0 0 0 0 0 0 0 0 0 0 3 0 0 0 0 0 0 0 0 0 0 0 0 0 0 0
163 GTA 0 0 0 0 0 0 0 0 0 0 0 0 120 0 0 0 0 0 0 0 0 0 0 0 0 0 0 0 7 0 0 0 10 0 0 0 12 0 0 0 0 0 0 0 226713 2 6 1 0 0 0 0 0 0 0 0 0 0 0 0 5 0 0 0
164 TCC 0 0 0 0 0 3 0 0 0 0 0 0 0 0 0 0 0 0 0 0 0 3 0 0 0 0 0 0 0 0 0 0 0 0 0 0 0 1 0 0 0 0 0 0 0 0 0 0 0 4 0 0 9 225255 0 19 0 0 0 0 0 20 0 0
165 TCA 0 0 0 0 2 0 0 0 0 0 0 0 0 0 0 0 0 0 0 0 31 0 0 0 0 0 0 0 0 1 0 0 0 0 0 0 3 0 0 0 0 0 0 0 0 0 0 0 11 0 0 0 226349 1 7 5 1 0 0 0 10 0 0 0
166 CTT 0 0 0 0 0 0 0 1 0 0 0 0 0 0 0 8 0 0 0 0 0 0 0 789 0 0 0 0 23 8 3 225058 0 0 0 0 0 0 0 0 0 0 0 0 0 0 0 0 0 0 0 0 0 0 0 0 0 0 0 0 0 0 0 55
167 TTT 0 0 0 1 0 0 0 0 0 0 0 0 0 0 0 8 0 0 0 0 0 0 0 0 0 0 0 0 0 0 0 7 0 0 0 0 0 0 0 0 0 0 0 0 0 0 0 2 0 0 0 5 0 0 0 5 0 0 0 4 11 14 1 224226
168 TAT 0 0 0 1 0 0 0 0 0 0 0 0 0 0 0 0 0 0 0 10 0 0 0 0 0 0 0 0 0 0 0 0 0 0 0 0 0 0 0 0 0 0 0 0 0 0 0 0 3 7 0 226784 0 0 0 0 0 0 0 5 0 0 0 13
169 AAA 226161 0 10 4 0 0 0 0 9 0 0 0 3 0 0 0 0 0 0 0 0 0 0 0 0 0 0 0 0 0 0 0 9 0 0 0 0 0 0 0 0 0 0 0 0 0 0 0 1 0 0 0 0 0 0 0 0 0 0 0 0 0 0 0
170 CTT 0 0 0 0 0 0 0 0 0 0 0 0 0 0 0 33 0 0 0 3 0 0 0 13 0 0 0 1 23 16 4 223862 0 0 0 0 0 0 0 0 0 0 0 0 0 0 0 6 0 0 0 0 0 0 0 0 0 0 0 0 0 0 0 25
171 GAT 0 0 0 34 0 0 0 0 0 0 0 0 0 0 0 0 0 0 0 0 0 0 0 0 0 0 0 0 0 0 0 0 0 8 2 225941 0 0 0 4 0 0 0 5 0 0 0 1 0 0 0 5 0 0 0 0 0 0 0 0 0 0 0 0
172 GTA 0 0 0 0 0 0 0 0 0 0 0 0 94 0 0 0 0 0 0 0 0 0 0 0 0 0 0 0 4 0 0 0 6 0 0 0 14 0 0 1 2 0 0 0 225563 0 29 1 0 0 0 0 0 0 0 0 0 0 0 0 5 0 0 0
173 GTA 0 0 0 0 0 0 0 0 0 0 0 0 97 0 0 0 0 0 0 0 0 0 0 0 0 0 0 0 1 0 0 0 4 0 0 0 23 0 0 0 6 0 0 0 220305 0 28 1 0 0 0 0 0 0 0 0 0 0 0 0 3 0 0 0
174 CAA 6 0 0 0 0 0 0 0 0 0 0 0 0 0 0 0 224684 2 16 3 1 0 0 0 5 0 0 0 5 0 0 0 1 0 0 0 0 0 0 0 0 0 0 0 0 0 0 0 43 0 0 0 0 0 0 0 0 0 0 0 0 0 0 0
175 ATT 0 0 0 1 0 0 0 6 0 0 0 0 6 13 0 215636 0 0 0 0 0 0 0 0 0 0 0 0 0 0 0 0 0 0 0 0 0 0 0 0 0 0 0 0 1 0 0 3 0 0 0 0 0 0 0 0 0 0 0 0 0 0 0 7
176 GGA 2 0 0 0 0 0 0 0 38 0 0 0 0 0 0 0 0 0 0 0 0 0 0 0 0 0 0 0 0 0 0 0 33 0 0 0 2 0 0 0 191502 2 58 6 3 0 0 0 0 0 0 0 0 0 0 0 4 0 0 0 0 0 0 0
177 GGT 0 0 0 0 0 0 0 0 3 0 0 51 0 0 0 0 0 0 0 0 0 0 0 0 0 0 0 1 0 0 0 0 0 0 0 90 0 0 0 1 15 22 0 196660 0 0 0 2 0 0 0 0 0 0 0 0 0 0 0 12 0 0 0 1
178 AAT 34 13 3 223110 0 0 0 3 0 0 0 10 0 0 0 1 0 0 0 0 0 0 0 0 0 0 0 0 0 0 0 0 0 0 0 10 0 0 0 0 0 0 0 0 0 0 0 0 0 0 0 0 0 0 0 0 0 0 0 0 0 0 0 0
179 AAT 3 7 0 221618 0 0 0 3 0 0 0 10 3 0 0 6 0 0 0 2 0 0 0 0 0 0 0 0 0 0 0 0 0 0 0 21 0 0 0 0 0 0 0 0 0 0 0 0 0 0 0 2 0 0 0 0 0 0 0 0 0 0 0 0
180 AGG 0 0 57 0 0 0 2 0 69 2 204784 14 0 0 15 1 0 0 0 0 0 0 0 0 0 0 2 0 0 0 0 0 0 0 0 0 0 0 0 0 0 0 40 0 0 0 0 0 0 0 0 0 0 0 0 0 0 0 2 0 0 0 0 0
181 ACT 0 0 0 14 7 23 1 213922 0 0 0 2 0 0 0 23 0 0 0 0 0 0 0 0 0 0 0 0 0 0 0 0 0 0 0 0 0 0 0 7 0 0 0 0 0 0 0 0 0 0 0 0 0 0 0 0 0 0 0 0 0 0 0 0
182 AAT 16 7 1 222611 0 0 0 0 0 0 0 4 0 0 0 5 0 0 0 0 0 0 0 0 0 0 0 0 0 0 0 0 0 0 0 26 0 0 0 0 0 0 0 0 0 0 0 0 0 0 0 1 0 0 0 0 0 0 0 0 0 0 0 0
183 AGT 2 0 0 24 0 1 0 2 40 15 3 204051 1 0 0 1 0 0 0 0 0 0 0 0 0 0 0 0 0 0 0 0 0 0 0 0 0 0 0 0 0 0 0 7 0 0 0 0 0 0 0 0 0 0 0 0 0 0 0 0 0 0 0 0
184 CAG 0 0 3 0 0 0 0 0 0 0 0 0 0 0 0 0 73 6 205289 11 0 0 1 0 0 0 5 0 1 0 4 0 0 0 1 0 0 0 0 0 0 0 0 0 0 0 0 0 0 0 20 0 0 0 0 0 0 0 0 0 0 0 0 0
185 TAT 0 0 0 6 0 0 0 0 0 0 0 0 0 0 0 0 0 0 0 10 0 0 0 0 0 0 0 0 0 0 0 0 0 0 0 2 0 0 0 0 0 0 0 0 0 0 0 0 2 3 0 190659 0 0 0 0 0 0 0 8 0 0 0 2
186 AGA 34 0 1 0 2 0 0 0 180140 0 1 1 1 0 0 0 0 0 0 0 0 0 0 0 0 0 0 0 0 0 0 0 0 0 0 0 0 0 0 0 16 0 0 0 0 0 0 0 0 0 0 0 0 0 0 0 1 0 0 0 0 0 0 0
187 TTA 0 0 0 0 0 0 0 1 1 0 0 0 17 0 0 0 0 0 0 0 0 0 0 0 0 0 0 0 10 0 0 0 0 0 0 0 0 0 0 0 1 0 0 0 1 0 0 0 2 0 0 2 11 0 0 0 0 0 0 0 189489 0 10 0
188 ATA 1 1 0 0 6 0 0 0 1 0 0 0 213289 0 8 0 0 0 0 0 0 0 0 0 0 0 0 0 0 0 0 0 0 0 0 0 0 0 0 0 0 0 0 0 7 0 0 0 1 0 0 0 0 0 0 0 0 0 0 0 4 0 0 0
189 AAC 19 199216 5 31 0 0 0 1 0 6 0 0 1 3 0 0 0 0 0 0 0 0 0 0 0 0 0 0 0 0 0 0 0 4 0 0 0 0 0 0 0 0 0 0 0 0 0 0 1 0 0 0 0 0 0 0 0 0 0 1 0 0 0 0
190 TGT 0 1 0 0 0 0 0 0 0 0 0 3 0 0 0 0 0 0 0 0 0 0 0 1 0 0 0 15 0 1 0 0 0 0 0 0 0 0 0 0 0 0 0 3 5 1 0 0 0 1 0 56 1 0 0 0 0 28 0 191894 0 0 0 3
191 AAC 7 198174 0 56 6 1 0 0 0 11 0 0 1 2 0 0 0 1 0 0 0 0 0 0 0 0 0 0 0 0 0 0 0 31 0 0 0 0 0 0 0 0 0 0 0 0 0 0 1 0 0 0 0 0 0 0 0 0 0 1 0 0 0 0
192 ACC 0 0 0 0 7 96532 0 15 0 0 0 0 0 8 0 0 0 2 0 0 0 0 0 0 0 0 0 0 0 0 0 0 0 0 0 0 0 0 0 0 0 0 0 0 0 0 0 0 0 0 0 0 0 1 0 0 0 0 0 0 0 0 0 0
193 TCA 0 0 0 0 3 0 0 0 0 0 0 0 0 0 0 0 0 0 0 0 14 0 0 0 0 0 0 0 0 0 0 0 0 0 0 0 0 0 0 0 0 0 0 0 0 0 0 0 2 0 0 0 111604 0 15 1 0 0 0 0 7 0 0 0
194 GCC 0 0 0 0 0 46 0 0 0 0 0 0 0 1 0 0 0 0 0 0 0 1 0 0 0 0 0 0 0 0 0 0 0 4 0 0 2 86455 0 4 0 0 0 0 0 19 0 0 0 0 0 0 0 2 0 0 0 0 0 0 0 0 0 0
195 ATT 1 0 0 0 0 0 0 15 0 0 0 1 2 17 0 150189 0 0 0 0 0 0 0 0 0 0 0 0 0 0 0 0 0 0 0 0 0 0 0 0 0 0 0 0 0 0 0 2 0 0 0 0 0 0 0 0 0 0 0 0 0 0 0 1
196 ACA 1 0 0 0 166321 0 9 0 1 0 0 0 27 0 0 0 0 3 1 0 1 0 0 0 0 0 0 0 0 0 0 0 0 0 0 0 19 0 0 0 0 0 0 0 0 0 0 0 0 5 0 0 0 0 0 0 0 0 0 0 1 0 0 0
197 CAG 0 0 3 0 9 0 0 0 0 0 2 0 0 0 0 0 38 0 178942 12 1 0 4 0 0 0 62 0 0 0 5 0 0 0 0 0 0 0 0 0 0 0 2 0 0 0 0 0 0 0 34 0 3 0 0 0 0 0 0 0 1 0 0 0
198 GCT 0 0 0 0 0 0 0 41 0 0 0 0 0 0 0 0 0 1 1 1 0 0 0 0 0 0 0 0 0 0 0 2 0 0 0 8 3 11 2 169047 0 6 0 3 0 0 0 27 0 0 0 0 0 0 0 4 0 0 0 0 1 0 0 0
199 TGT 0 0 0 1 0 0 0 0 0 0 1 1 0 0 0 2 0 0 0 0 0 0 0 0 0 0 0 15 0 0 0 0 0 0 0 0 0 0 0 0 0 0 0 2 0 3 0 0 0 0 0 41 0 0 0 2 2 46 0 203928 0 0 4 7
200 CCA 0 0 0 0 7 0 0 0 0 0 0 0 0 0 0 0 15 0 0 0 190131 1 7 1 1 0 0 0 11 0 0 0 0 0 0 0 3 0 0 0 0 0 0 0 0 0 0 0 0 0 0 0 15 6 0 0 1 0 0 0 0 0 0 0
201 AAG 36 1 199178 11 1 0 7 0 0 0 29 0 0 0 3 0 0 0 2 0 0 0 0 0 0 0 0 0 0 0 0 1 0 0 10 0 0 0 0 0 0 0 1 0 0 0 0 0 0 0 1 0 0 0 0 0 0 0 0 0 0 0 0 0
202 GTA 0 0 0 0 0 0 0 0 0 0 0 0 87 0 0 0 0 0 0 0 0 0 0 0 0 0 0 0 4 0 0 0 0 0 0 0 10 0 0 1 1 0 0 1 218934 0 18 2 0 0 0 0 0 0 0 0 0 0 0 0 3 0 0 0
203 ACC 0 7 0 0 17 198239 2 24 0 3 0 0 0 24 0 0 0 0 0 0 0 0 0 0 0 0 0 0 0 0 0 0 0 0 0 0 1 14 0 0 0 0 0 0 0 0 0 0 0 0 0 0 0 3 0 0 0 0 0 0 0 0 0 0
204 TTT 0 0 0 0 0 0 0 0 0 0 0 0 0 0 0 9 0 0 0 0 0 0 0 0 0 0 0 0 0 0 0 33 0 0 0 0 0 0 0 0 0 0 0 0 0 0 0 8 0 0 0 1 0 0 0 21 0 0 0 2 3 13 1 211264
205 GAG 0 0 28 0 0 0 0 0 0 0 1 0 0 0 0 0 0 0 1 0 0 0 0 0 0 0 0 0 0 0 0 0 80 2 210591 5 0 0 0 0 0 0 25 0 0 0 1 0 0 0 4 0 0 0 0 0 0 0 0 0 0 0 0 0
206 CCA 0 0 0 0 17 0 0 0 0 0 0 0 0 0 0 0 8 0 0 0 190623 2 4 1 0 0 0 0 21 0 0 0 0 0 0 0 3 0 0 0 0 0 0 0 0 0 0 0 0 0 0 0 134 0 0 0 0 0 0 0 0 0 0 0
207 ATT 3 0 18 16 1 0 0 12 4 0 0 3 7 15 1 219820 0 0 0 0 0 0 0 0 0 0 0 0 0 0 0 4 0 0 0 0 0 0 0 1 0 0 0 0 0 0 0 6 0 0 0 0 0 0 0 0 0 0 0 0 0 0 0 3
208 CCC 0 0 0 0 0 1 0 0 0 1 0 0 0 0 0 0 0 10 0 0 4 205143 0 18 0 0 0 0 0 20 0 0 0 0 0 0 0 0 0 0 0 0 0 0 0 0 0 0 0 0 0 0 0 32 0 0 0 0 0 0 0 0 0 0
209 ATA 8 0 5 0 16 0 0 0 13 0 0 0 222202 0 9 3 0 0 0 0 0 0 0 0 0 0 0 0 1 0 0 0 0 0 0 0 0 0 0 0 0 0 0 0 3 0 0 0 0 0 0 0 0 0 0 0 0 0 0 0 1 0 0 0
210 CAT 0 1 0 7 0 0 0 0 0 0 0 0 0 0 0 0 11 10 4 222041 0 0 0 0 0 0 0 2 0 0 0 1 0 0 0 0 0 0 0 0 0 0 0 0 0 0 0 0 0 0 0 35 0 0 0 0 0 0 0 0 0 0 0 0
211 TAT 0 0 0 4 0 0 0 0 0 0 0 0 0 0 0 0 0 0 0 12 0 0 0 0 0 0 0 0 0 0 0 0 0 0 0 2 0 0 0 0 0 0 0 0 0 0 0 0 8 8 0 221087 0 0 0 0 0 0 0 8 0 0 0 1
212 TGT 0 0 0 0 0 0 0 0 0 0 0 4 0 0 0 0 0 0 0 1 0 0 0 0 0 0 0 10 0 0 0 0 0 0 0 0 0 0 0 0 0 0 0 4 0 0 0 0 0 0 0 51 0 0 0 0 9 10 0 223298 0 0 0 2
213 GCC 0 0 0 0 0 101 0 0 0 0 0 0 0 0 0 0 0 0 0 0 0 4 0 0 0 0 0 0 0 0 0 0 0 6 0 0 7 221232 0 22 0 9 0 0 0 49 0 0 0 0 0 0 0 11 0 0 0 0 0 0 0 0 0 0
214 CCA 0 0 0 0 9 0 0 0 0 0 0 0 0 0 0 0 7 0 0 0 218285 4 9 0 1 0 0 0 9 0 0 0 0 0 0 0 1 0 0 0 0 0 0 0 0 0 0 0 0 0 0 0 14 0 0 0 0 0 0 0 0 0 0 0
215 GCT 0 0 0 0 0 0 0 108 0 0 0 0 0 0 0 0 0 0 0 0 0 0 0 5 0 0 0 0 0 0 0 0 0 0 0 13 0 25 1 224543 0 0 0 1 0 0 0 34 0 0 0 0 0 0 0 4 0 0 0 0 0 0 0 0
216 GGT 0 0 0 0 0 0 0 0 0 0 0 41 0 0 0 0 0 0 0 0 0 0 0 0 0 0 0 0 0 0 0 0 0 0 0 35 0 0 0 0 4 14 2 226356 0 0 0 2 0 0 0 0 0 0 0 0 0 0 0 2 0 0 0 0
217 TTT 0 0 0 0 0 0 0 0 0 0 0 0 0 0 0 0 0 0 0 0 0 0 0 0 0 0 0 0 0 0 0 7 0 0 0 0 0 0 0 0 0 0 0 0 0 0 0 2 0 0 0 4 0 0 0 13 0 0 0 1 0 30 1 223536
218 GCG 0 0 0 0 0 0 54 0 0 0 0 0 0 0 0 0 0 0 0 0 0 0 0 0 0 0 0 0 0 0 0 0 0 0 0 0 51 0 219888 2 0 0 0 0 0 0 200 0 0 0 0 0 0 0 3 0 0 0 0 0 0 0 0 0
219 ATT 0 0 0 1 0 0 0 7 0 0 0 1 0 12 1 224454 0 0 0 0 0 0 0 0 0 0 0 0 0 0 0 0 0 0 0 0 0 0 0 0 0 0 0 0 0 0 0 4 0 0 0 0 0 0 0 0 0 0 0 0 0 0 0 2
220 CTA 0 0 0 0 0 0 0 0 0 0 0 0 8 0 0 0 2 0 0 0 38 0 1 0 0 0 0 0 221596 0 27 1 0 0 0 0 0 0 0 0 0 0 0 0 1 0 0 0 0 0 0 0 0 0 0 0 0 0 0 0 7 0 0 0
221 AAG 89 15 226905 5 0 0 1 0 0 0 24 0 0 0 5 0 0 0 2 0 0 0 0 0 0 0 0 0 0 0 0 0 0 0 11 0 0 0 0 0 0 0 0 0 0 0 0 0 0 0 3 0 0 0 0 0 0 0 0 0 0 0 0 0
222 TGT 0 0 0 0 0 0 0 0 0 0 0 9 0 0 0 0 0 0 0 0 0 0 0 0 0 0 0 8 0 0 0 0 0 0 0 1 0 0 0 0 0 0 0 5 0 0 0 0 0 0 0 76 0 0 0 0 12 16 2 226287 0 0 0 7
223 AAG 71 3 226267 15 0 0 20 0 0 0 87 0 0 0 20 0 0 0 0 0 0 0 0 0 0 0 0 0 0 0 0 0 0 0 32 0 0 0 0 0 0 0 0 0 0 0 0 0 0 0 0 0 0 0 0 0 0 0 0 0 0 0 0 0
224 GAT 0 0 0 43 0 0 0 0 0 0 0 0 0 0 0 0 0 0 0 3 0 0 0 0 0 0 0 0 0 0 0 0 10 10 3 227178 0 0 0 0 0 0 0 4 0 0 0 3 0 0 0 9 0 0 0 0 0 0 0 0 0 0 0 0
225 GAG 0 0 26 0 0 0 0 0 0 0 0 0 0 0 0 0 0 0 0 0 0 0 0 0 0 0 0 0 0 0 0 0 59 1 227149 7 0 0 5 0 0 0 42 0 0 0 3 0 0 0 1 0 0 0 0 0 0 0 0 0 0 0 0 0
226 AAG 50 7 226762 14 0 0 0 0 0 0 3 0 0 0 2 0 0 0 0 0 0 0 0 0 0 0 0 0 0 0 0 0 0 0 12 0 0 0 0 0 0 0 0 0 0 0 0 0 0 0 0 0 0 0 0 0 0 0 0 0 0 0 0 0
227 TTC 0 0 0 0 0 0 0 0 0 0 0 0 0 1 0 0 0 0 0 0 0 0 0 0 0 0 0 0 0 17 0 0 0 0 0 0 0 0 0 0 0 0 0 0 0 3 0 0 0 19 0 0 0 8 0 0 0 3 0 0 17 226111 0 25
228 AAT 10 4 2 227058 0 0 0 2 0 0 0 54 0 0 0 5 0 0 0 5 0 0 0 0 0 0 0 0 0 0 0 0 0 0 0 58 0 0 0 0 0 0 0 0 0 0 0 0 0 0 0 9 0 0 0 0 0 0 0 0 0 0 0 0
229 GGA 0 0 0 0 0 0 0 0 33 0 0 0 0 0 0 0 0 0 0 0 0 0 0 0 1 0 0 0 0 0 0 0 36 0 0 0 5 0 0 0 225767 0 11 1 3 0 0 0 0 0 0 0 0 0 0 0 11 0 0 0 0 0 0 0
230 ACA 3 0 0 0 227085 13 96 5 1 0 0 0 41 0 0 0 0 0 0 0 0 0 0 0 0 0 0 0 0 0 0 0 0 0 0 0 5 0 0 0 0 0 0 0 0 0 0 0 0 0 0 0 0 0 0 0 0 0 0 0 0 0 0 0
231 GGG 0 0 0 0 0 0 0 0 0 0 22 0 0 0 0 0 0 0 0 0 0 0 0 0 0 0 0 0 0 0 0 0 0 0 36 0 0 0 0 0 81 1 226235 3 0 0 7 0 0 0 0 0 0 0 0 0 0 0 25 0 0 0 0 0
232 CTA 0 0 0 0 0 0 0 0 0 0 0 0 13 0 0 0 3 0 0 0 16 0 0 0 3 0 0 0 227015 0 8 4 0 0 0 0 0 0 0 0 0 0 0 0 1 0 0 0 0 0 0 0 0 0 0 0 0 0 0 0 21 0 0 0
233 TGT 0 0 0 0 0 0 0 0 0 0 0 2 0 0 0 0 0 0 0 0 0 0 0 0 0 0 0 35 0 0 0 0 0 0 0 0 0 0 0 0 0 0 0 1 0 0 0 0 0 0 0 52 0 0 0 1 2 26 1 227029 0 0 0 3
234 AAA 227197 0 9 4 2 0 0 0 10 0 0 0 1 0 0 0 0 0 0 0 0 0 0 0 0 0 0 0 0 0 0 0 15 0 0 0 0 0 0 0 0 0 0 0 0 0 0 0 3 0 0 0 0 0 0 0 0 0 0 0 0 0 0 0
235 AAT 4 7 1 226893 0 0 0 0 0 0 0 2 0 0 0 16 0 0 0 1 0 0 0 0 0 0 0 0 0 0 0 0 0 0 0 13 0 0 0 0 0 0 0 0 0 0 0 0 0 0 0 2 0 0 0 0 0 0 0 0 0 0 0 0
236 GTC 0 0 0 0 0 0 0 0 0 0 0 0 0 68 0 0 0 0 0 0 0 0 0 0 0 0 0 0 0 2 0 0 0 7 0 0 0 15 0 0 0 1 0 0 3 226957 0 50 0 0 0 0 0 0 0 0 0 0 0 0 0 5 0 0
237 AGC 0 123 0 0 0 1 0 0 3 226890 0 62 0 2 0 0 0 0 0 0 0 0 0 0 0 0 0 0 0 0 0 0 0 0 0 0 0 0 0 0 0 28 0 0 0 0 0 0 0 0 0 0 0 0 0 0 0 1 0 0 0 0 0 0
238 ACA 2 0 0 0 227343 0 39 4 3 0 0 0 32 0 0 0 0 0 0 0 0 0 0 0 0 0 0 0 0 0 0 0 0 0 0 0 14 0 0 0 0 0 0 0 0 0 0 0 0 0 0 0 0 0 0 0 0 0 0 0 0 0 0 0
239 GTA 0 0 0 0 0 0 0 0 0 0 0 0 143 0 0 0 0 0 0 0 0 0 0 0 0 0 0 0 6 0 0 0 2 0 0 0 28 0 0 0 0 0 0 0 227059 0 21 2 0 0 0 0 0 0 0 0 0 0 0 0 8 0 0 0
240 CAA 12 0 0 0 0 0 0 0 0 0 0 0 0 0 0 0 227112 4 23 5 2 0 0 0 12 0 0 0 4 0 0 0 2 0 0 0 0 0 0 0 0 0 0 0 0 0 0 0 41 0 0 0 0 0 0 0 0 0 0 0 0 0 0 0
241 TGC 0 1 0 0 0 0 0 0 0 5 0 0 0 0 0 0 0 0 0 0 0 0 0 0 0 8 0 0 0 0 0 0 0 1 0 0 0 0 0 0 0 0 0 0 0 0 0 0 0 156 0 0 0 4 0 0 9 226900 0 64 0 8 0 0
242 ACA 14 0 1 0 227222 0 12 6 1 0 0 0 50 0 0 0 0 0 0 0 0 0 0 0 0 0 0 0 0 0 0 0 0 0 0 0 8 0 0 0 0 0 0 0 0 0 0 0 0 0 0 0 3 0 0 0 0 0 0 0 0 0 0 0
243 CAT 0 0 0 5 0 0 0 0 0 0 0 0 0 0 0 0 3 33 1 227331 0 0 0 0 0 0 0 10 0 0 0 1 0 0 0 0 0 0 0 0 0 0 0 0 0 0 0 0 0 0 0 21 0 0 0 0 0 0 0 0 0 0 0 0
244 GGA 0 0 0 0 0 0 0 0 31 0 0 0 0 0 0 0 0 0 0 0 0 0 0 0 1 0 0 0 0 0 0 0 36 0 0 0 2 0 0 0 227264 0 9 5 4 0 0 0 0 0 0 0 0 0 0 0 12 0 0 0 0 0 0 0
245 ATC 1 2 0 0 0 10 0 0 0 3 0 0 14 227497 0 36 0 0 0 0 0 0 0 0 0 0 0 0 0 1 0 0 0 0 0 0 0 0 0 0 0 0 0 0 0 9 0 0 0 0 0 0 0 0 0 0 0 0 0 0 0 0 0 0
246 AAG 59 1 226927 8 0 0 4 0 0 0 22 0 0 0 7 0 0 0 2 0 0 0 0 0 0 0 0 0 0 0 0 0 0 0 60 0 0 0 0 0 0 0 0 0 0 0 0 0 0 0 1 0 0 0 0 0 0 0 0 0 0 0 0 0
247 CCA 0 0 0 0 12 0 0 0 0 0 0 0 0 0 0 0 3 0 0 0 227275 3 9 0 0 0 0 0 18 0 0 0 0 0 0 0 0 0 0 0 0 0 0 0 0 0 0 0 0 0 0 0 79 0 0 0 0 0 0 0 0 0 0 0
248 GTA 0 0 0 0 1 0 0 0 0 0 0 0 85 0 0 0 0 0 0 0 0 0 0 0 0 0 0 0 3 0 0 0 11 0 0 0 13 0 0 0 2 0 0 0 227322 2 31 4 0 0 0 0 0 0 0 0 0 0 0 0 11 0 0 0
249 GTA 0 0 0 0 1 0 0 0 0 0 0 0 178 0 0 0 0 0 0 0 0 0 0 0 0 0 0 0 11 0 0 0 6 0 0 0 23 0 0 0 0 0 0 0 227278 0 9 1 0 0 0 0 0 0 0 0 0 0 0 0 6 0 0 0
250 TCA 0 0 0 0 3 0 0 0 0 0 0 0 0 0 0 0 0 0 0 0 10 0 0 0 0 0 0 0 0 0 0 0 0 0 0 0 0 0 0 0 0 0 0 0 0 0 0 0 6 0 0 0 227290 1 17 3 0 0 0 0 24 0 0 0
251 ACT 0 0 0 4 10 31 1 227207 0 0 0 3 0 0 0 27 0 0 0 0 0 0 0 1 0 0 0 0 0 0 0 0 0 0 0 0 0 0 0 4 0 0 0 0 0 0 0 0 0 0 0 0 0 0 0 2 0 0 0 0 0 0 0 0
252 CAA 12 0 0 0 1 0 0 0 0 0 0 0 0 0 0 0 401808 1 19 6 1 0 0 0 38 0 0 0 2 0 0 0 0 0 0 0 0 0 0 0 0 0 0 0 0 0 0 0 43 0 0 0 0 0 0 0 0 0 0 0 0 0 0 0
253 CTG 0 0 3 0 0 0 0 0 0 0 0 0 0 0 7 0 0 0 4 0 0 0 14 0 0 0 1 0 181 0 402050 6 0 0 0 0 0 0 0 0 0 0 0 0 0 0 8 0 0 0 0 0 0 0 0 0 0 0 0 0 0 0 56 0
254 CTG 0 0 0 0 0 0 0 0 0 0 0 0 0 0 27 0 0 0 3 0 0 0 56 0 0 0 10 0 90 3 401414 4 0 0 0 0 0 0 0 0 0 0 0 0 0 0 8 0 0 0 0 0 0 0 0 0 0 0 0 0 0 0 66 0
255 TTA 0 0 0 0 0 0 0 0 0 0 0 0 11 0 0 2 0 0 0 0 0 0 0 0 0 0 0 0 41 0 0 0 0 0 0 0 0 0 0 0 0 0 0 0 1 0 0 0 5 0 0 0 19 0 0 0 0 0 0 0 401634 1 26 2
256 AAT 16 14 3 402254 0 0 0 2 0 0 0 13 0 0 0 18 0 0 0 0 0 0 0 0 0 0 0 0 0 0 0 0 0 0 0 23 0 0 0 0 0 0 0 0 0 0 0 0 0 0 0 5 0 0 0 0 0 0 0 0 0 0 0 0
257 GGC 0 1 0 0 0 0 0 0 0 60 0 0 0 0 0 0 0 0 0 0 0 0 0 0 0 1 0 0 0 0 0 0 0 292 0 0 0 0 0 0 9 400971 0 231 0 11 0 0 0 0 0 0 0 0 0 0 0 12 0 0 0 0 0 0
258 AGT 0 0 0 113 0 0 0 4 2 26 0 401349 0 0 0 8 0 0 0 0 0 0 0 0 0 0 0 0 0 0 0 0 0 0 0 0 0 0 0 0 0 0 0 29 0 0 0 0 0 0 0 0 0 0 0 0 0 0 0 2 0 0 0 0
259 CTA 0 0 0 0 0 0 0 0 0 0 0 0 60 0 0 0 6 0 0 0 21 0 0 0 0 0 0 0 401424 2 60 3 0 0 0 0 0 0 0 0 0 0 0 0 0 0 0 0 0 0 0 0 0 0 0 0 0 0 0 0 62 0 0 0
260 GCA 0 0 0 0 122 0 0 0 0 0 0 0 0 0 0 0 0 0 0 0 5 0 0 0 0 0 0 0 0 0 0 0 6 0 0 0 401030 3 53 2 0 0 0 0 99 0 0 0 0 0 0 0 3 0 0 0 0 0 0 0 0 0 0 0
261 GAA 93 0 0 0 0 0 0 0 0 0 0 0 0 0 0 0 4 0 0 0 0 0 0 0 0 0 0 0 0 0 0 0 401256 4 37 4 0 0 0 0 20 0 0 0 3 0 0 0 7 0 0 0 0 0 0 0 0 0 0 0 0 0 0 0
262 GGA 0 0 0 1 0 0 0 0 86 0 0 0 0 0 0 0 0 0 0 0 0 0 0 0 0 0 0 0 0 0 0 0 48 0 0 0 1 0 0 0 401639 0 45 7 3 0 0 0 0 0 0 0 0 0 0 0 10 0 0 0 0 0 0 0
263 GAG 5 0 70 0 0 0 0 0 0 0 0 0 1 0 0 0 0 0 2 0 0 0 0 0 0 0 0 0 0 0 0 0 105 0 401139 13 0 0 4 0 0 0 66 0 0 0 4 0 0 0 5 0 0 0 0 0 0 0 0 0 0 0 0 0
264 GTA 0 0 0 0 0 0 0 0 0 0 0 0 112 0 0 0 0 0 0 0 0 0 0 0 0 0 0 0 3 0 0 0 10 0 0 0 18 0 0 0 0 0 0 0 402058 0 65 2 0 0 0 0 0 0 0 0 0 0 0 0 5 0 0 0
265 AGA 103 0 1 0 3 0 0 0 401947 2 19 4 28 0 0 0 0 0 0 0 0 0 0 0 4 0 0 0 0 0 0 0 0 0 0 0 0 0 0 0 17 0 0 0 0 0 0 0 0 0 0 0 0 0 0 0 10 0 0 0 0 0 0 0
266 ATT 0 0 0 5 0 0 0 11 0 0 0 1 11 12 0 402440 0 0 0 0 0 0 0 0 0 0 0 0 0 0 0 3 0 0 0 0 0 0 0 0 0 0 0 0 0 0 0 6 0 0 0 0 0 0 0 0 0 0 0 0 0 0 0 2
267 AGA 65 0 0 1 0 0 0 0 401875 0 13 1 7 0 0 0 0 0 0 0 0 0 0 0 0 0 0 0 0 0 0 0 0 0 0 0 0 0 0 0 93 0 0 0 0 0 0 0 0 0 0 0 0 0 0 0 2 0 0 0 0 0 0 0
268 TCT 0 0 0 0 0 0 0 14 0 0 0 0 0 0 0 0 0 0 0 0 0 0 0 22 0 0 0 0 0 0 0 0 0 0 0 0 0 0 0 2 0 0 0 0 0 0 0 0 0 0 0 16 34 128 5 400891 0 0 0 0 0 0 1 51
269 GAA 128 0 0 0 0 0 0 0 0 0 0 0 0 0 0 0 0 0 0 0 0 0 0 0 0 0 0 0 0 0 0 0 400691 4 10 3 1 0 0 0 9 0 0 0 3 0 0 0 4 0 0 0 0 0 0 0 0 0 0 0 0 0 0 0
270 AAT 34 14 1 401765 0 1 0 2 0 0 0 16 0 0 0 11 0 0 0 0 0 0 0 0 0 0 0 0 0 0 0 0 0 0 0 12 0 0 0 0 0 0 0 0 0 0 0 0 0 0 0 8 0 0 0 0 0 0 0 0 0 0 0 0
271 ATC 0 7 0 0 0 17 0 0 0 3 0 0 7 400639 0 56 0 0 0 0 0 0 0 0 0 0 0 0 0 2 0 0 0 0 0 0 0 0 0 0 0 0 0 0 0 10 0 0 0 0 0 0 0 0 0 0 0 0 0 0 0 3 0 0
272 ACA 19 0 0 0 401313 1 13 12 1 0 0 0 46 0 0 1 0 0 0 0 1 0 0 0 0 0 0 0 0 0 0 0 0 0 0 0 37 0 0 0 0 0 0 0 0 0 0 0 0 0 0 0 3 0 0 0 0 0 0 0 0 0 0 0
273 AAC 14 401541 0 66 0 3 0 0 0 12 0 0 0 2 0 0 0 1 0 0 0 0 0 0 0 0 0 0 0 0 0 0 0 10 0 0 0 0 0 0 0 0 0 0 0 0 0 0 0 3 0 0 0 0 0 0 0 0 0 0 0 0 0 0
274 AAT 18 11 1 399912 0 0 0 3 0 0 0 11 0 0 0 3 0 0 0 0 0 0 0 0 0 0 0 0 0 0 0 0 0 0 0 17 0 0 0 0 0 0 0 0 0 0 0 0 0 0 0 8 0 0 0 0 0 0 0 0 0 0 0 0
275 GCC 0 0 0 0 0 249 0 0 0 0 0 0 0 0 0 0 0 0 0 0 0 7 0 0 0 0 0 0 0 0 0 0 0 14 0 0 7 396643 0 37 0 0 0 0 0 104 0 0 0 0 0 0 0 12 0 0 0 0 0 0 0 0 0 0
276 AAA 402079 0 5 3 1 0 0 0 11 0 0 0 2 0 0 0 28 0 0 0 0 0 0 0 0 0 0 0 0 0 0 0 6 0 0 0 0 0 0 0 0 0 0 0 0 0 0 0 4 0 0 0 0 0 0 0 0 0 0 0 0 0 0 0
277 AAC 10 401027 2 52 0 1 0 0 0 12 0 0 0 7 0 0 0 0 0 0 0 0 0 0 0 0 0 0 0 0 0 0 0 8 0 0 0 0 0 0 0 0 0 0 0 0 0 0 0 1 0 0 0 0 0 0 0 0 0 0 0 0 0 0
278 ATA 6 0 0 0 26 0 0 0 1 0 0 0 401541 1 43 1 0 0 0 0 0 0 0 0 0 0 0 0 1 0 0 0 0 0 0 0 0 0 0 0 0 0 0 0 11 0 0 0 0 0 0 0 0 0 0 0 0 0 0 0 1 0 0 0
279 ATA 16 0 0 0 13 0 0 0 1 0 0 0 402078 0 29 3 0 0 0 0 0 0 0 0 0 0 0 0 0 0 0 0 0 0 0 0 0 0 0 0 0 0 0 0 26 0 0 0 0 0 0 0 0 0 0 0 0 0 0 0 10 0 0 0
280 GTA 0 0 0 0 0 0 0 0 0 0 0 0 181 0 0 0 0 0 0 0 0 0 0 0 0 0 0 0 7 0 0 0 6 0 0 0 69 0 0 0 2 0 0 0 398658 0 70 3 0 0 0 0 0 0 0 0 0 0 0 0 20 0 0 0
281 CAA 13 0 0 0 0 0 0 0 0 0 0 0 0 0 0 0 400467 1 13 2 2 0 0 0 10 0 0 0 3 0 0 0 2 0 0 0 0 0 0 0 0 0 0 0 0 0 0 0 64 0 0 0 0 0 0 0 0 0 0 0 0 0 0 0
282 CTT 0 0 0 0 0 0 0 0 0 0 0 0 0 0 0 15 0 0 0 14 0 0 0 12 0 0 0 0 25 21 1 398282 0 0 0 0 0 0 0 0 0 0 0 0 0 0 0 6 0 0 0 0 0 0 0 0 0 0 0 0 0 0 0 41
283 GCC 0 0 0 0 0 209 0 0 0 0 0 0 0 0 0 0 0 0 0 0 0 7 0 0 0 0 0 0 0 0 0 0 0 31 0 0 50 394356 4 115 0 5 0 0 0 215 0 0 0 0 0 0 0 7 0 0 0 0 0 0 0 0 0 0
284 AGC 0 124 0 1 0 4 0 0 13 391738 4 58 0 15 0 0 0 0 0 0 0 0 0 0 0 1 0 0 0 0 0 0 0 0 0 0 0 0 0 0 0 36 0 0 0 0 0 0 0 0 0 0 0 0 0 0 0 7 0 0 0 0 0 0
285 CCT 0 0 0 0 0 0 0 17 0 0 0 0 0 0 0 0 0 0 0 50 15 187 17 395795 0 0 0 0 0 0 0 26 0 0 0 0 0 0 0 2 0 0 0 0 0 0 0 0 0 0 0 0 0 0 0 24 0 0 0 0 0 0 0 0
286 GTA 0 0 0 0 0 0 0 0 0 0 0 0 204 0 0 0 0 0 0 0 0 0 0 0 0 0 0 0 6 0 0 0 1 0 0 1 39 0 0 0 3 0 0 0 391326 0 14 1 0 0 0 0 0 0 0 0 0 0 0 0 7 0 0 0
287 ACA 14 0 0 0 397346 1 6 4 1 0 0 0 41 0 0 0 0 0 0 0 1 0 0 0 0 0 0 0 0 0 0 0 0 0 0 0 12 0 0 0 0 0 0 0 0 0 0 0 0 0 0 0 3 0 0 0 0 0 0 0 0 0 0 0
288 ATT 2 0 0 14 0 0 0 9 0 0 0 4 27 15 3 396975 0 0 0 0 0 0 0 0 0 0 0 0 0 0 0 2 0 0 0 0 0 0 0 0 0 0 0 0 0 0 0 4 0 0 0 0 0 0 0 0 0 0 0 0 0 0 0 5
289 AAT 11 14 3 401244 0 0 0 4 0 0 0 6 0 0 0 14 0 0 0 3 0 0 0 0 0 0 0 0 0 0 0 0 0 0 0 11 0 0 0 0 0 0 0 0 0 0 0 0 0 0 0 11 0 0 0 0 0 0 0 0 0 0 0 0
290 TGT 0 0 0 3 0 0 0 0 0 0 0 6 0 0 0 0 0 0 0 0 0 0 0 0 0 0 0 15 0 0 0 0 0 0 0 0 0 0 0 0 0 0 0 1 0 0 0 0 0 0 0 132 0 0 0 15 7 37 0 353475 0 0 0 10
291 ATC 0 23 0 0 0 14 0 0 0 4 0 0 14 393403 0 81 0 0 0 0 0 0 0 0 0 0 0 0 0 0 0 0 0 0 0 0 0 0 0 0 0 0 0 0 0 20 0 0 0 0 0 0 0 0 0 0 0 0 0 0 0 3 0 0
292 AGA 50 0 0 0 2 0 0 0 374937 2 14 1 8 0 0 0 0 0 0 0 0 0 0 0 2 0 0 0 0 0 0 0 0 0 0 0 0 0 0 0 148 0 0 0 0 0 0 0 0 0 0 0 0 0 0 0 9 0 0 0 0 0 0 0
293 CCT 0 0 0 0 0 0 0 13 0 0 0 0 0 0 0 0 0 0 0 24 42 58 0 378132 0 0 0 0 0 0 0 37 0 0 0 0 0 0 0 2 0 0 0 0 0 0 0 0 0 0 0 0 0 0 0 37 0 0 0 0 0 0 0 0
294 AAC 19 394636 4 68 0 2 0 0 0 18 0 0 0 9 0 0 0 1 0 0 0 0 0 0 0 0 0 0 0 0 0 0 0 15 0 0 0 0 0 0 0 0 0 0 0 0 0 0 0 2 0 0 0 0 0 0 0 0 0 0 0 0 0 0
295 AAC 36 397295 3 55 0 0 0 0 0 10 0 0 1 5 0 0 0 0 0 0 0 0 0 0 0 0 0 0 0 0 0 0 0 13 0 0 0 1 0 0 0 0 0 0 0 0 0 0 0 1 0 0 0 1 0 0 0 0 0 0 0 0 0 0
296 AAT 7 17 2 377372 0 0 0 0 0 0 0 13 0 0 0 15 0 0 0 2 0 0 0 0 0 0 0 0 1 0 0 0 0 0 0 14 0 0 0 0 0 0 0 0 0 0 0 0 0 0 0 10 0 0 0 0 0 0 0 0 0 0 0 0
297 ACA 6 2 0 0 386707 0 32 2 4 0 0 1 52 0 0 0 0 0 0 0 0 0 0 0 0 0 0 0 0 0 0 0 0 0 0 0 38 0 0 0 0 0 0 0 0 0 0 0 0 1 0 0 0 0 0 0 0 0 0 0 0 0 0 0
298 AGA 48 0 2 0 1 0 0 0 388321 1 1 0 8 0 0 0 0 0 0 0 0 0 0 1 10 0 0 0 0 0 0 0 0 0 0 0 0 0 0 0 44 0 0 0 0 0 0 0 0 0 0 0 0 0 0 0 5 0 0 0 0 0 0 0
299 AAA 395023 1 2 3 1 0 0 0 12 0 0 0 0 0 0 0 0 0 0 0 0 0 0 0 0 0 0 0 0 0 0 0 3 0 0 0 0 0 0 0 0 0 0 0 0 0 0 0 0 0 0 0 0 0 0 0 0 0 0 0 0 0 0 0
300 AGT 0 0 7 65 0 2 0 8 12 9 1 276272 0 0 0 6 0 0 0 0 0 0 0 0 0 0 0 2 0 0 0 0 0 0 0 0 0 0 0 0 0 0 0 792 0 0 92 0 0 0 0 0 0 0 0 0 0 0 0 3 0 0 0 0
301 GTA 0 0 1 0 1 1 0 0 0 0 0 0 181 0 0 0 0 0 0 0 0 0 0 0 0 0 0 0 5 0 0 0 2 2 0 0 23 0 0 0 0 0 0 0 305357 2 21 1 0 157 0 0 0 0 0 0 0 0 0 1 1 0 0 0
302 CAC 0 15 2 0 18 191 0 0 0 0 0 0 1 0 0 1 31 354697 13 41 3 2 0 0 0 9 0 0 0 5 0 0 0 4 0 0 0 0 0 0 0 0 0 0 0 0 0 0 0 113 0 0 0 0 0 0 0 1 0 0 0 0 0 0
303 CTA 0 2 2 0 0 0 0 0 1 1 0 0 42 0 0 1 11 1 3 2 42 0 0 19 1 0 0 0 329312 6 55 1 0 0 0 0 9 0 0 0 8 0 0 0 0 0 0 0 0 0 217 0 0 0 0 0 0 0 0 0 31 0 0 0
304 GGA 10 1 0 0 2 0 0 0 92 0 4 0 0 0 1 0 14 0 0 1 0 0 0 0 2 0 0 0 1 0 0 0 70 112 0 1 7 0 0 0 219420 8 4 0 13 0 0 0 0 0 0 0 0 0 0 1 2 0 0 0 0 3 0 0
305 CCA 0 1 2 0 26 17 0 0 0 0 0 0 0 0 1 5 31 0 141 0 328709 2 58 6 1 0 0 0 41 0 0 0 0 0 0 0 14 0 0 0 0 0 0 0 0 0 0 0 0 0 0 6 37 0 0 1 0 0 0 0 0 1 0 0
306 GGA 0 1 0 0 0 0 0 0 66 1 1 0 0 0 0 0 0 0 1 4 0 0 0 0 4 0 0 0 6 0 0 0 38 101 0 0 18 0 0 0 278051 7 1 0 9 0 0 0 0 0 0 1 0 0 0 0 12 0 0 0 0 4 0 0
307 CAA 11 0 0 0 0 0 0 0 0 0 0 0 0 0 0 0 294205 1 0 0 0 0 0 0 0 0 0 0 0 0 0 0 0 0 0 0 0 0 0 0 0 0 0 0 0 0 0 0 35 0 0 0 0 0 0 0 0 0 0 0 0 0 0 0
308 GCA 1 0 0 0 89 0 0 0 0 0 0 0 0 0 0 0 0 0 0 0 1 0 0 0 0 0 0 0 0 0 0 0 9 0 0 0 229996 1 1 1 0 0 0 0 74 0 0 0 0 0 0 0 2 0 0 0 0 0 0 0 0 0 0 0
309 TTC 1 0 1 0 1 0 0 0 1 0 0 1 1 10 0 6 0 0 7 0 0 0 0 0 0 0 0 0 0 6 0 0 0 6 0 0 0 0 0 0 2 0 0 0 0 1 1 0 0 2 0 0 0 2 0 0 0 0 0 0 21 141948 0 31
310 TAT 1 0 0 13 1 0 0 0 0 0 1 0 0 0 4 0 1 0 8 31 0 0 0 0 0 0 0 0 3 0 0 0 0 0 0 14 0 0 0 0 0 0 0 0 0 0 1 0 2 5 4 311704 0 0 0 0 0 0 0 11 0 0 0 1
311 GCA 0 0 0 0 178 0 0 0 0 0 1 0 0 0 0 0 1 0 0 0 0 0 0 0 0 0 0 0 0 0 0 0 7 0 0 0 150286 1 7 1 2 0 0 0 106 0 0 0 0 0 0 0 1 0 0 0 0 0 0 0 0 0 0 0
312 ACA 21 5 0 0 339560 2 43 4 1 0 2 0 86 0 0 0 0 0 1 0 1 0 0 0 0 0 0 0 0 0 0 0 0 0 0 0 8 0 0 0 0 0 0 0 0 0 0 0 0 0 0 0 1 0 0 0 0 0 0 0 0 1 0 0
313 GAT 0 0 0 54 2 0 0 0 10 0 0 0 0 0 1 0 0 1 0 1 0 0 0 0 0 0 0 0 1 0 0 0 9 13 1 263332 0 0 0 0 0 0 0 5 0 0 0 3 0 0 0 7 0 0 0 0 0 0 0 0 0 0 0 0
314 GGC 0 0 0 0 0 0 0 0 0 75 0 0 0 0 0 0 0 0 0 0 0 0 0 0 0 2 0 0 0 0 0 0 1 157 0 0 2 3 0 0 7 159426 0 58 0 1 0 0 0 0 0 0 0 0 0 0 0 8 0 0 0 0 0 0
315 ATA 5 0 0 0 21 0 0 0 0 0 0 0 386563 2 29 1 0 0 0 4 0 0 0 0 0 0 0 0 0 0 0 0 0 0 0 0 1 0 0 0 0 0 0 0 4 0 0 0 4 0 0 0 0 0 0 0 0 0 0 0 2 0 0 0
316 ATA 18 0 0 6 6 0 0 0 1 0 0 0 381819 4 98 7 1 0 0 0 0 0 0 0 0 0 0 0 2 0 0 0 0 0 0 0 0 0 0 0 0 0 0 0 19 0 0 0 1 0 2 0 0 0 0 0 0 0 0 0 14 0 0 0
317 GGG 0 0 1 0 0 0 0 0 0 0 73 0 0 0 0 0 0 0 0 0 0 0 0 0 0 0 2 0 0 0 0 0 1 0 59 1 0 0 3 0 73 3 347822 13 0 0 11 0 0 0 1 0 0 0 0 0 0 0 27 0 0 0 0 0
318 GAG 1 0 77 0 0 0 0 0 0 0 0 0 0 0 0 0 0 0 1 0 0 0 0 0 0 0 0 0 0 0 0 0 180 1 381420 5 0 0 0 0 0 0 43 0 0 0 3 0 0 0 9 0 0 0 0 0 0 0 0 0 0 0 0 0
319 ATA 13 0 0 1 13 0 0 0 2 0 0 0 395926 0 73 3 0 0 0 0 0 0 0 0 0 0 0 0 2 0 0 0 0 0 0 0 0 0 0 0 0 0 0 0 7 0 0 0 0 0 0 0 0 0 0 0 0 0 0 0 1 0 0 0
320 AGA 60 0 0 0 4 0 0 0 397078 0 11 0 12 0 0 0 0 0 0 0 0 0 0 0 1 0 0 0 0 0 0 0 0 0 0 0 0 0 0 0 24 0 0 0 0 0 0 0 0 0 0 0 0 0 0 0 5 0 0 0 0 0 0 0
321 CAA 84 0 0 0 0 0 0 0 0 0 0 0 0 0 0 0 393930 1 27 11 2 0 0 0 15 0 0 0 15 0 0 0 6 0 0 0 0 0 0 0 0 0 0 0 0 0 0 0 64 0 0 0 0 0 0 0 0 0 0 0 0 0 0 0
322 GCA 2 0 0 0 169 0 0 0 0 0 0 0 0 0 0 0 0 0 0 0 9 0 0 0 0 0 0 0 0 0 0 0 10 0 0 0 366013 0 8 5 1 0 0 0 122 0 0 0 0 0 0 0 13 0 0 0 0 0 0 0 0 0 0 0
323 CAT 2 0 0 52 0 0 0 0 0 0 0 1 0 0 0 0 35 28 1 375868 0 0 0 0 1 0 0 11 0 0 0 9 0 0 0 2 0 0 0 0 0 0 0 0 0 0 0 0 0 0 0 72 0 0 0 0 0 0 0 0 0 0 0 0
324 TGT 0 0 0 2 0 0 0 0 0 0 0 23 0 0 0 0 0 0 0 0 0 0 0 0 0 0 0 23 0 0 0 0 0 0 0 0 0 0 0 0 0 0 0 5 0 0 0 0 0 0 0 78 0 0 0 2 28 49 0 385367 0 0 0 6
325 AAT 19 18 6 395452 0 0 0 7 0 0 0 21 0 0 0 2 0 0 0 0 0 0 0 0 0 0 0 0 0 0 0 0 0 0 0 45 0 0 0 0 0 0 0 0 0 0 0 0 0 0 0 10 0 0 0 0 0 0 0 0 0 0 0 0
326 GTT 0 0 0 2 0 0 0 0 0 0 0 0 0 0 0 92 0 0 0 0 0 0 0 0 0 0 0 0 0 0 0 6 0 0 0 17 0 0 0 23 0 0 0 3 11 22 2 382344 0 0 0 1 0 0 0 0 0 0 0 0 0 0 0 9
327 AGT 0 1 0 103 0 0 0 4 9 33 0 393843 0 0 0 7 0 0 0 0 0 0 0 0 0 0 0 2 0 0 0 0 0 0 0 0 0 0 0 0 0 0 0 48 0 0 0 0 0 0 0 0 0 0 0 0 0 0 0 0 0 0 0 0
328 AAA 401090 1 21 14 0 0 0 0 10 0 0 0 0 0 0 0 0 0 0 0 0 0 0 0 0 0 0 0 0 0 0 0 17 0 0 0 0 0 0 0 0 0 0 0 0 0 0 0 2 0 0 0 0 0 0 0 0 0 0 0 0 0 0 0
329 AAA 401368 3 344 4 1 0 0 0 11 0 1 0 4 0 0 0 3 0 0 0 0 0 0 0 0 0 0 0 0 0 0 0 20 0 0 0 0 0 0 0 1 0 0 0 0 0 0 0 7 0 0 0 0 0 0 0 0 0 0 0 0 0 0 0
330 GAA 68 0 0 0 0 0 0 0 0 0 0 0 0 0 0 0 4 0 0 0 0 0 0 0 0 0 0 0 0 0 0 0 401221 0 29 9 4 0 0 0 10 0 0 0 7 0 0 0 10 0 0 0 0 0 0 0 0 0 0 0 0 0 0 0
331 TGG 0 0 2 0 0 0 0 0 0 0 13 0 0 0 0 0 0 0 0 0 0 0 0 0 0 0 12 0 0 0 0 0 0 0 0 0 0 0 0 0 0 0 2 0 0 0 0 0 0 0 72 0 0 0 0 0 81 2 399431 8 0 0 14 0
332 AAT 26 11 0 400754 0 0 0 0 0 0 0 16 0 0 0 3 0 0 0 1 0 0 0 0 0 0 0 0 0 0 0 0 0 0 0 16 0 0 0 0 0 0 0 1 0 0 0 0 0 0 0 3 0 0 0 0 0 0 0 0 0 0 0 0
333 AGC 0 175 0 1 0 3 0 0 19 399303 0 145 0 13 0 0 0 0 0 0 0 0 0 0 0 3 0 0 0 0 0 0 0 0 0 0 0 0 0 0 0 74 0 1 0 0 0 0 0 0 0 0 0 0 0 0 0 8 0 0 0 0 0 0
334 ACT 0 0 0 16 18 22 7 389930 0 0 0 8 0 0 0 49 0 0 0 0 0 0 0 2 0 0 0 0 0 0 0 0 0 0 0 0 0 1 0 18 0 0 0 0 0 0 0 0 0 0 0 0 0 0 0 0 0 0 0 0 0 0 0 0
335 TTG 0 0 0 0 0 0 0 0 0 0 0 0 0 0 15 0 0 0 0 0 0 0 0 0 0 0 0 0 0 0 24 0 0 0 0 0 0 0 0 0 0 0 0 0 0 0 4 0 0 0 3 0 0 0 64 0 0 0 3 0 242 4 392967 3
336 CAA 11 0 0 0 0 0 0 0 0 0 0 0 0 0 0 0 400610 2 9 3 2 0 0 0 37 0 0 0 0 0 0 0 1 0 0 0 0 0 0 0 0 0 0 0 0 0 0 0 227 0 0 0 0 0 0 0 0 0 0 0 0 0 0 0
337 AAG 116 0 400968 9 0 0 3 0 0 0 203 0 0 0 8 0 0 0 4 0 0 0 0 0 0 0 0 0 0 0 0 0 0 0 18 0 0 0 0 0 0 0 0 0 0 0 0 0 0 0 10 0 0 0 0 0 0 0 0 0 0 0 0 0
338 GTA 0 0 0 0 0 0 0 0 0 0 0 0 179 0 0 0 0 0 0 0 0 0 0 0 0 0 0 0 13 0 0 0 7 0 0 0 10 0 0 0 0 0 0 0 400277 0 50 5 0 0 0 0 0 0 0 0 0 0 0 0 9 0 0 0
339 GCC 0 2 0 0 0 154 0 0 0 0 0 0 0 0 0 0 0 0 0 0 0 6 0 0 0 0 0 0 0 0 0 0 0 21 0 0 15 392137 1 46 0 4 0 0 0 133 0 0 0 0 0 0 0 16 0 0 0 0 0 0 0 0 0 0
340 AAC 9 400298 3 68 0 1 0 0 0 16 0 0 0 4 0 0 0 3 0 0 0 0 0 0 0 0 0 0 0 0 0 0 0 6 0 0 0 0 0 0 0 0 0 0 0 0 0 0 0 10 0 0 0 0 0 0 0 0 0 0 0 0 0 0
341 CAA 8 0 0 0 0 0 0 0 0 0 0 0 0 0 0 0 400770 0 4 4 0 0 0 0 6 0 0 0 15 0 0 0 2 0 0 0 0 0 0 0 0 0 0 0 0 0 0 0 25 0 0 0 0 0 0 0 0 0 0 0 0 0 0 0
342 TTA 0 0 0 0 0 0 0 0 0 0 0 0 3 0 0 0 0 0 0 0 0 0 0 0 0 0 0 0 15 0 0 0 0 0 0 0 0 0 0 0 0 0 0 0 1 0 0 0 13 0 0 0 21 0 0 0 1 0 0 0 401203 0 29 4
343 AGA 121 0 0 3 6 0 0 1 401428 2 27 7 26 0 0 0 0 0 0 0 0 0 0 0 3 0 0 0 0 0 0 0 1 0 0 0 0 0 0 0 27 0 0 0 0 0 0 0 0 0 0 0 0 0 0 0 5 0 0 0 1 0 0 0
344 CCA 1 0 0 0 39 0 0 0 0 0 0 0 0 0 0 0 11 0 0 1 401607 4 11 4 1 0 0 0 43 0 0 0 0 0 0 0 6 0 0 0 0 0 0 0 0 0 0 0 0 0 0 0 51 0 0 0 0 0 0 0 0 0 0 3
345 TAC 0 13 0 0 0 0 0 0 0 0 0 0 0 0 0 0 0 19 0 0 0 0 0 0 0 0 0 0 0 0 0 0 0 0 0 0 0 0 0 0 0 0 0 0 0 0 0 0 16 400399 11 75 0 1 0 0 0 27 0 0 0 2 0 0
346 TTT 0 0 0 0 0 0 0 0 0 0 0 0 0 0 1 19 0 0 0 0 0 0 0 0 0 0 0 0 0 0 0 24 0 0 0 0 0 0 0 0 0 0 0 0 0 0 0 2 0 0 0 21 0 0 0 22 0 0 0 2 43 20 3 397899
347 AAG 155 7 401449 32 0 0 3 0 0 0 32 0 0 0 17 0 0 0 2 0 0 0 0 0 0 0 0 0 0 0 0 0 0 0 32 0 0 0 0 0 0 0 0 0 0 0 0 0 0 0 7 0 0 0 0 0 0 0 0 0 0 0 0 0
348 AAC 42 401626 4 65 0 0 0 0 0 13 0 0 0 13 0 0 0 1 0 0 0 0 0 0 0 0 0 0 0 0 0 0 0 14 0 0 0 0 0 0 0 0 0 0 0 0 0 0 0 5 0 0 0 0 0 0 0 0 0 0 0 0 0 0
349 AAC 30 401543 3 48 0 2 0 0 0 27 0 0 0 18 0 0 0 3 0 0 0 0 0 0 0 0 0 0 0 0 0 0 0 21 0 0 0 0 0 0 0 0 0 0 0 0 0 0 0 6 0 0 0 0 0 0 0 0 0 0 0 0 0 0
350 ACA 38 0 0 0 401486 0 9 12 7 0 0 0 46 0 0 0 0 0 0 0 2 0 0 0 0 0 0 0 0 0 0 0 0 0 0 0 21 0 0 0 0 0 0 0 0 0 0 0 0 0 0 0 4 0 0 0 0 0 0 0 1 0 0 0
351 ATA 13 0 0 0 19 0 0 0 1 0 0 0 401644 0 16 1 0 0 0 0 0 0 0 0 0 0 0 0 0 0 0 0 0 0 0 0 0 0 0 0 0 0 0 0 13 0 0 0 0 0 0 0 0 0 0 0 0 0 0 0 4 0 0 0
352 ATA 50 0 0 0 22 0 0 0 3 0 0 0 401903 0 35 1 0 0 0 0 0 0 0 0 0 0 0 0 0 0 0 0 0 0 0 0 0 0 0 0 0 0 0 0 7 0 0 0 0 0 0 0 0 0 0 0 0 0 0 0 3 0 0 0
353 AAA 401540 6 18 12 2 0 0 0 18 0 0 0 3 0 0 0 0 0 0 0 0 0 0 0 0 0 0 0 0 0 0 0 7 0 0 0 0 0 0 0 0 0 0 0 0 0 0 0 2 0 0 0 0 0 0 0 0 0 0 0 0 0 0 0
354 TTT 0 0 0 3 0 0 0 0 0 0 0 0 0 0 0 13 0 0 0 0 0 1 0 0 0 0 0 0 0 0 0 23 0 0 0 0 0 0 0 0 0 0 0 0 0 0 0 1 0 0 0 12 1 0 0 15 0 0 0 1 16 16 0 401450
355 GCT 0 0 0 1 0 0 0 168 0 0 1 0 0 0 0 0 0 0 0 0 0 0 0 5 0 0 0 0 0 0 0 0 0 0 0 30 7 18 2 401189 0 0 0 5 0 0 0 178 0 0 0 0 0 0 0 11 0 0 0 0 0 0 0 0
356 AAC 21 402025 4 74 0 0 0 0 0 18 0 0 0 8 0 0 0 1 0 0 0 0 0 0 0 0 0 0 0 0 0 0 0 10 0 0 0 0 0 0 0 0 0 0 0 0 0 0 0 3 0 0 0 0 0 0 0 0 0 0 0 0 0 0
357 TCA 6 0 0 0 25 0 0 0 0 0 0 0 0 0 0 0 2 0 0 0 36 0 0 0 0 0 0 0 0 0 0 0 0 0 0 0 11 0 0 0 0 0 0 0 0 0 0 0 28 0 0 0 401714 0 24 7 1 0 0 0 43 0 0 1
358 TCA 2 0 0 0 26 0 0 0 0 0 0 0 0 0 0 0 0 0 0 0 24 0 0 0 0 0 0 0 0 0 0 0 0 0 0 0 4 0 0 0 0 0 0 0 0 0 0 0 14 0 0 0 400403 9 115 5 3 0 0 0 71 0 0 0
359 GGA 2 0 0 0 0 0 0 0 66 0 0 0 0 0 0 0 0 0 0 0 0 0 0 0 1 0 0 0 0 0 0 0 38 0 0 0 0 0 0 0 402068 1 29 2 6 0 0 0 0 0 0 0 0 0 0 0 8 0 0 0 0 0 0 0
360 GGG 0 0 0 0 0 0 0 0 0 0 412 0 0 0 0 0 0 0 0 0 0 0 0 0 0 0 0 0 0 0 0 0 1 0 58 0 0 0 1 0 78 0 401434 7 0 0 14 0 0 0 0 0 0 0 0 0 0 0 7 0 0 0 0 0
361 GAT 0 0 0 60 0 0 0 0 0 0 0 0 0 0 0 0 0 0 0 0 0 0 0 0 0 0 0 0 0 0 0 0 4 12 1 401914 0 0 0 0 0 0 0 11 0 0 0 4 0 0 0 9 0 0 0 0 0 0 0 0 0 0 0 0
362 CTA 0 0 0 0 0 0 0 0 0 0 0 0 16 0 0 0 3 0 0 0 89 0 0 0 1 0 0 0 401960 0 28 2 0 0 0 0 0 0 0 0 0 0 0 0 0 0 0 0 0 0 0 0 0 0 0 0 0 0 0 0 39 0 0 0
363 GAA 45 0 0 0 0 0 0 0 0 0 0 0 0 0 0 0 0 0 0 0 0 0 0 0 0 0 0 0 0 0 0 0 402037 1 9 6 1 0 0 0 10 0 0 0 5 0 0 0 5 0 0 0 0 0 0 0 0 0 0 0 0 0 0 0
364 ATT 0 0 0 36 0 0 0 16 0 0 0 1 11 44 4 402009 0 0 0 0 0 0 0 0 0 0 0 0 0 0 0 0 0 0 0 0 0 0 0 0 0 0 0 0 0 0 0 9 0 0 0 0 0 0 0 0 0 0 0 0 0 0 0 7
365 ACA 8 0 0 0 173116 2 19 3 0 0 0 0 38 0 0 0 0 0 0 0 0 0 0 0 0 0 0 0 0 0 0 0 0 0 0 0 6 0 0 0 0 0 0 0 0 0 0 0 0 0 0 0 1 0 0 0 0 0 0 0 0 0 0 0
366 ACA 2 0 0 0 173264 0 7 1 1 0 0 0 21 0 0 0 0 0 0 0 0 0 0 0 0 0 0 0 0 0 0 0 0 0 0 0 10 0 0 0 0 0 0 0 0 0 0 0 0 0 0 0 3 0 0 0 0 0 0 0 0 0 0 0
367 CAT 0 0 0 7 0 0 0 4 0 0 0 0 0 0 0 0 3 8 1 173235 0 0 0 0 0 0 0 3 0 0 0 2 0 0 0 1 0 0 0 0 0 0 0 0 0 0 0 0 0 0 0 13 0 0 0 0 0 0 0 0 0 0 0 0
368 AGT 1 0 0 39 0 0 0 4 3 9 0 172808 0 0 0 3 0 0 0 0 0 0 0 0 0 0 0 1 0 0 0 0 0 0 1 0 0 0 0 0 0 0 1 11 0 0 0 0 0 0 0 0 0 0 0 0 0 0 0 2 0 0 0 0
369 TTT 0 0 0 0 0 0 0 0 0 0 0 0 0 0 0 1 0 0 0 1 0 0 0 0 0 0 0 0 0 0 0 7 0 0 0 0 0 0 0 0 0 0 0 0 0 0 0 2 1 0 0 4 0 0 0 2 0 0 0 0 1 14 0 173063
370 AAT 4 5 0 173232 0 0 0 0 0 0 0 8 0 0 0 5 0 0 0 0 0 0 0 0 0 0 0 0 0 0 0 0 0 0 0 23 0 0 0 0 0 0 0 0 0 0 0 0 0 0 0 1 0 0 0 0 0 0 0 0 0 0 0 0
371 TGT 0 0 0 0 0 0 0 0 0 0 0 3 0 0 0 0 0 0 0 0 0 0 0 0 0 0 0 3 0 0 0 0 0 0 0 0 0 0 0 0 0 0 0 4 0 0 0 0 2 0 0 37 0 0 0 1 2 7 0 173008 0 0 0 1
372 GGA 0 0 0 0 0 0 0 0 27 0 0 0 0 0 0 0 0 0 0 0 0 0 0 0 0 0 0 0 0 0 0 0 18 0 0 0 0 0 0 0 173071 0 20 2 3 0 0 0 0 0 0 0 0 0 0 0 1 0 0 0 0 0 0 0
373 GGA 0 0 0 0 0 0 0 0 43 0 0 0 0 0 0 0 0 0 0 0 0 0 0 0 2 0 0 0 0 0 0 0 19 0 0 0 0 0 0 0 173162 0 5 0 3 0 0 0 0 0 0 0 0 0 0 0 4 0 0 0 0 0 0 0
374 GAA 22 0 0 0 0 0 0 0 0 0 0 0 0 0 0 0 1 0 0 0 0 0 0 0 0 0 0 0 0 0 0 0 173145 0 3 1 0 0 0 0 2 0 0 0 0 0 0 0 2 0 0 0 0 0 0 0 0 0 0 0 0 0 0 0
375 TTT 0 0 0 0 0 0 0 0 0 0 0 0 0 0 0 26 0 0 0 0 0 0 0 0 0 0 0 0 0 0 0 6 0 0 0 0 0 0 0 0 0 0 0 0 0 0 0 1 0 0 0 7 0 0 0 5 0 0 0 1 6 7 1 173004
376 TTC 0 0 0 0 0 0 0 0 0 0 0 0 0 4 0 0 0 0 0 0 0 0 0 0 0 0 0 0 0 12 0 0 0 0 0 0 0 0 0 0 0 0 0 0 0 0 0 0 1 3 0 0 0 5 0 0 0 1 0 0 8 173141 1 42
377 TAT 0 0 0 2 0 0 0 0 0 0 0 0 0 0 0 1 0 0 0 14 0 0 0 0 0 0 0 0 0 0 0 0 0 0 0 0 0 0 0 0 0 0 0 0 0 0 0 0 7 9 0 173039 0 0 0 0 0 0 0 7 0 0 0 5
378 TGT 0 0 0 0 0 0 0 0 0 0 0 5 0 0 0 0 0 0 0 0 0 0 0 0 0 0 0 10 0 0 0 0 0 0 0 0 0 0 0 0 0 0 0 5 0 0 0 0 0 0 0 46 0 0 0 1 3 17 0 172910 0 0 0 5
379 AAC 7 173094 0 35 0 1 0 0 0 9 0 0 0 0 0 0 0 0 0 0 0 0 0 0 0 0 0 0 0 0 0 0 0 13 0 0 0 0 0 0 0 0 0 0 0 0 0 0 0 2 0 0 0 0 0 0 0 0 0 0 0 0 0 0
380 ACA 3 0 0 0 173236 0 5 1 0 0 0 0 23 0 0 0 0 0 0 0 0 0 0 0 0 0 0 0 0 0 0 0 0 0 0 0 6 0 0 0 0 0 0 0 0 0 0 0 0 0 0 0 1 0 0 0 0 0 0 0 0 0 0 0
381 TCA 0 0 0 0 8 0 0 0 0 0 0 0 0 0 0 0 0 0 0 0 13 0 0 0 0 0 0 0 0 0 0 0 0 0 0 0 0 0 0 0 0 0 0 0 0 0 0 0 5 0 0 0 172730 3 48 1 0 0 0 0 18 0 0 0
382 GGC 0 0 0 0 0 0 0 0 0 24 0 0 0 0 0 0 0 0 0 0 0 0 0 0 0 2 0 0 0 0 0 0 0 33 0 0 0 4 0 0 9 172008 3 27 0 1 0 0 0 0 0 0 0 0 0 0 0 3 0 0 0 0 0 0
383 CTG 0 0 0 0 0 0 0 0 0 0 0 0 0 0 15 0 0 0 3 0 0 0 30 0 0 0 4 0 45 2 172633 2 0 0 0 0 0 0 0 0 0 0 0 0 0 0 1 0 0 0 0 0 0 0 0 0 0 0 0 0 0 0 23 0
384 TTT 0 0 0 0 0 0 0 0 0 0 0 0 0 0 0 3 0 0 0 0 0 0 0 0 0 0 0 0 0 0 0 12 0 0 0 0 0 0 0 0 0 0 0 0 0 0 0 0 0 0 0 6 0 0 0 10 0 0 0 0 0 2 0 172260
385 AAT 11 8 0 173208 0 0 0 2 0 0 0 6 0 0 0 2 0 0 0 0 0 0 0 0 0 0 0 0 0 0 0 0 0 0 0 6 0 0 0 0 0 0 0 0 0 0 0 0 0 0 0 4 0 0 0 0 0 0 0 0 0 0 0 0
386 AGC 1 45 0 0 0 1 0 0 7 171393 0 31 0 2 0 0 0 0 0 0 0 0 0 0 0 1 0 0 0 0 0 0 0 0 0 0 0 0 0 0 0 38 0 0 0 0 0 0 0 0 0 0 0 0 0 0 0 1 0 0 0 0 0 0
387 ACT 0 0 0 7 18 12 2 172973 0 0 0 8 0 0 0 29 0 0 0 0 0 0 0 1 0 0 0 0 0 0 0 0 0 0 0 0 0 0 0 7 0 0 0 0 0 0 0 0 0 0 0 0 0 0 0 2 0 0 0 0 0 0 0 0
388 TGG 0 0 0 0 0 0 0 0 0 0 6 0 0 0 0 0 0 0 0 0 0 0 0 0 0 0 35 0 0 0 0 0 0 0 0 0 0 0 0 0 0 0 3 0 0 0 0 0 0 0 20 0 0 0 1 0 9 0 172004 2 0 0 6 0
389 GAG 0 0 31 0 0 0 0 0 0 0 0 0 0 0 0 0 0 0 0 0 0 0 0 0 0 0 0 0 0 0 0 0 43 1 172424 0 0 0 0 0 0 0 14 0 0 0 0 0 0 0 1 0 0 0 0 0 0 0 0 0 0 0 0 0
390 TTT 0 0 0 0 0 0 0 0 0 0 0 0 0 0 0 5 0 0 0 0 0 0 0 0 0 0 0 0 0 0 0 11 0 0 0 0 0 0 0 0 0 0 0 0 0 0 0 0 0 0 0 10 0 0 0 9 0 0 0 1 9 21 2 171909
391 AAT 9 8 4 172998 0 0 0 0 0 0 0 6 0 0 0 3 0 0 0 0 0 0 0 0 0 0 0 0 0 0 0 0 0 0 0 7 0 0 0 0 0 0 0 0 0 0 0 0 0 0 0 2 0 0 0 0 0 0 0 0 0 0 0 0
392 AGC 0 66 0 0 0 0 0 0 9 170139 0 18 0 6 0 0 0 0 0 0 0 0 0 0 0 1 0 0 0 0 0 0 0 0 0 0 0 0 0 0 0 22 0 0 0 0 0 0 0 0 0 0 0 0 0 0 0 1 0 0 0 0 0 0
393 ACT 0 0 0 8 19 14 2 171129 0 0 0 6 0 0 0 26 0 0 0 1 0 0 0 1 0 0 0 0 0 0 0 0 0 0 0 0 0 0 0 1 0 0 0 0 0 0 0 0 0 0 0 0 0 0 0 3 0 0 0 0 0 0 0 0
394 TGG 0 0 1 0 0 0 0 0 0 0 15 0 0 0 0 0 0 0 0 0 0 0 0 0 0 0 24 0 0 0 0 0 0 0 0 0 0 0 0 0 0 0 2 0 0 0 0 0 2 0 19 0 0 0 1 0 30 1 171199 3 0 0 4 0
395 AAT 6 13 3 172826 0 0 0 1 0 0 0 10 1 0 0 2 0 0 0 0 0 0 0 0 0 0 0 0 0 0 0 0 0 0 0 11 0 0 0 0 0 0 0 0 0 0 0 0 0 0 0 1 0 0 0 0 0 0 0 0 0 0 0 0
396 AAT 7 13 2 172126 0 0 0 0 0 0 0 8 0 0 0 3 0 0 0 0 0 0 0 0 0 0 0 0 0 0 0 0 0 0 0 6 0 0 0 0 0 0 0 0 0 0 0 0 0 0 0 1 0 0 0 0 0 0 0 0 0 0 0 0
397 TCA 0 0 0 0 14 0 0 0 0 0 0 0 0 0 0 0 0 0 0 0 8 0 0 0 0 0 0 0 0 0 0 0 0 0 0 0 0 0 0 0 0 0 0 0 0 0 0 0 6 0 0 0 172394 1 20 2 0 0 0 0 17 0 0 0
398 AAT 10 3 0 172717 0 0 0 1 0 0 0 11 0 0 0 9 0 0 0 0 0 0 0 0 0 0 0 0 0 0 0 0 0 0 0 10 0 0 0 0 0 0 0 0 0 0 0 0 0 0 0 0 0 0 0 0 0 0 0 0 0 0 0 0
399 AGC 0 61 0 0 0 4 0 0 13 166481 0 30 0 3 0 0 0 0 0 0 0 0 0 0 0 0 0 0 0 0 0 0 0 0 0 0 0 1 0 0 0 12 0 0 0 0 0 0 0 0 0 0 0 0 0 0 0 1 0 0 0 0 0 0
400 ACA 7 0 0 0 172315 0 18 3 3 0 0 0 27 0 0 0 0 0 0 0 1 0 0 0 0 0 0 0 0 0 0 0 0 0 0 0 5 0 0 0 0 0 0 0 0 0 0 0 0 0 0 0 1 0 0 0 0 0 0 0 0 0 0 0
401 GAG 0 0 21 0 0 0 0 0 0 0 0 0 0 0 0 0 0 0 1 0 0 0 0 0 0 0 0 0 0 0 0 0 24 1 169056 3 0 0 0 0 0 0 8 0 0 0 1 0 0 0 2 0 0 0 0 0 0 0 0 0 0 0 0 0
402 AAT 7 9 0 170463 0 0 0 1 0 0 0 5 0 0 0 1 0 0 0 1 0 0 0 0 0 0 0 0 0 0 0 0 0 0 0 6 0 0 0 0 0 0 0 0 0 0 0 0 0 0 0 2 0 0 0 0 0 0 0 0 0 0 0 0
403 ATA 2 0 0 0 11 0 0 0 0 0 0 0 172141 0 10 2 0 0 0 0 0 0 0 0 0 0 0 0 0 0 0 0 0 0 0 0 0 0 0 0 0 0 0 0 8 0 0 0 0 0 0 0 0 0 0 0 0 0 0 0 1 0 0 0
404 ACT 1 0 0 13 3 12 0 162731 0 0 0 4 0 0 0 24 0 0 0 2 0 0 0 1 0 0 0 0 0 0 0 0 0 0 0 0 0 0 0 9 0 0 0 0 0 0 0 0 0 0 0 0 0 0 0 3 0 0 0 0 0 0 0 0
405 CTC 0 0 0 0 0 0 0 0 0 0 0 0 0 3 0 0 0 1 0 0 1 20 0 0 0 0 0 0 10 164219 0 14 0 0 0 0 0 0 0 0 0 0 0 0 0 0 0 0 0 0 0 0 0 0 0 0 0 0 0 0 0 10 0 0
406 CAA 12 0 0 0 0 0 0 0 0 0 0 0 0 0 0 0 171070 1 5 3 0 0 0 0 2 0 0 0 5 0 0 0 2 0 0 0 0 0 0 0 0 0 0 0 0 0 0 0 14 0 0 0 0 0 0 0 0 0 0 0 0 0 0 0
407 TGC 0 0 0 0 0 0 0 0 0 1 0 0 0 0 0 0 0 0 0 0 0 0 0 0 0 3 0 0 0 0 0 0 0 0 0 0 0 0 0 0 0 1 0 0 0 0 0 0 0 57 0 0 0 2 0 0 11 156190 0 80 0 3 0 0
408 AGA 31 0 0 0 1 0 0 0 163739 0 10 2 5 0 0 0 0 0 0 0 0 0 0 0 0 0 0 0 0 0 0 0 0 0 0 0 0 0 0 0 20 0 0 0 0 0 0 0 0 0 0 0 0 0 0 0 0 0 0 0 0 0 0 0
409 ATA 1 0 0 0 4 0 0 0 0 0 0 0 169773 0 7 0 0 0 0 0 0 0 0 0 0 0 0 0 0 0 0 0 0 0 0 0 0 0 0 0 0 0 0 0 5 0 0 0 0 0 0 0 0 0 0 0 0 0 0 0 0 0 0 0
410 AAG 50 1 165816 2 0 0 0 0 0 0 4 0 0 0 0 0 0 0 0 0 0 0 0 0 0 0 0 0 0 0 0 0 0 0 10 0 0 0 0 0 0 0 0 0 0 0 0 0 0 0 3 0 0 0 0 0 0 0 0 0 0 0 0 0
411 CAA 4 0 0 0 0 0 0 0 0 0 0 0 0 0 0 0 169741 0 3 2 0 0 0 0 2 0 0 0 2 0 0 0 0 0 0 0 0 0 0 0 0 0 0 0 0 0 0 0 16 0 0 0 0 0 0 0 0 0 0 0 0 0 0 0
412 ATT 0 0 0 8 0 0 0 7 0 0 0 1 8 7 1 135167 0 0 0 0 0 0 0 0 0 0 0 0 0 0 0 1 0 0 0 0 0 0 0 0 0 0 0 0 0 0 0 3 0 0 0 0 0 0 0 0 0 0 0 0 0 0 0 0
413 ATA 0 0 0 0 3 0 0 0 0 0 0 0 153677 1 13 0 0 0 0 0 0 0 0 0 0 0 0 0 1 0 0 0 0 0 0 0 0 0 0 0 0 0 0 0 0 0 0 0 0 0 0 0 0 0 0 0 0 0 0 0 0 0 0 0
414 AAT 11 9 1 161317 0 0 0 0 1 0 0 7 0 0 0 5 0 0 0 0 0 0 0 0 0 0 0 0 0 0 0 0 0 0 0 6 0 0 0 0 0 0 0 0 0 0 0 0 0 0 0 1 0 0 0 0 0 0 0 0 0 0 0 0
415 ATG 0 0 1 0 0 0 3 0 0 0 0 0 47 0 126582 1 0 0 0 0 0 0 0 0 0 0 0 0 0 0 0 0 0 0 0 0 1 0 0 0 0 0 0 0 0 0 6 0 0 0 0 0 0 0 0 0 0 0 0 1 0 0 0 0
416 TGG 0 0 0 0 0 0 0 0 0 0 0 0 1 0 0 0 0 0 0 0 0 0 0 0 0 0 4 0 0 0 0 0 0 0 0 0 0 0 0 0 1 0 0 0 0 0 0 0 0 0 16 0 0 0 2 0 56 2 143721 4 0 0 2 0
417 CAA 4 0 0 0 0 0 0 0 0 0 0 0 0 0 0 0 163203 1 4 0 0 0 0 0 10 0 0 0 0 0 0 0 1 0 0 0 0 0 0 0 0 0 0 0 0 0 0 0 31 0 0 0 0 0 0 0 0 0 0 0 0 0 0 0
418 AGA 46 0 0 0 0 0 0 0 158151 0 7 0 5 0 0 0 0 0 0 0 0 1 0 0 3 0 0 0 0 0 0 0 0 0 3 0 1 0 0 0 7 0 0 0 0 0 0 0 0 0 0 0 0 0 0 0 2 0 0 0 0 0 0 0
419 GCA 0 0 0 0 45 0 0 0 0 1 0 0 1 0 0 0 0 0 3 0 1 0 0 0 0 0 0 0 0 0 0 0 2 0 0 0 126410 3 36 1 1 0 0 0 86 0 0 0 0 0 0 0 6 0 0 0 0 0 0 0 0 0 0 0
420 GGA 0 0 0 0 0 0 0 0 29 1 0 0 0 0 0 0 0 0 0 1 0 0 0 0 0 0 0 0 0 0 0 0 25 2 0 0 0 0 0 0 125737 0 5 0 4 0 0 0 0 0 0 1 0 0 0 0 7 0 0 0 0 0 0 0
421 CAA 14 0 4 0 1 2 0 0 0 0 0 0 0 0 0 0 142688 1 14 0 0 0 0 0 10 0 0 0 4 0 0 0 0 0 0 0 0 1 0 0 0 0 0 0 0 0 0 0 9 0 0 0 0 0 0 0 0 0 0 0 0 0 0 0
422 GCA 0 0 0 2 57 0 0 0 0 4 0 0 0 0 0 0 1 0 1 0 2 0 0 0 0 0 0 0 0 0 0 0 8 0 0 0 129489 2 1 0 0 0 0 0 39 0 0 0 0 0 0 0 4 0 0 0 0 0 0 0 0 0 0 0
423 ATA 2 0 0 8 6 0 0 0 2 0 0 0 157889 0 12 2 0 0 0 0 0 0 0 0 0 0 0 0 0 0 0 0 0 1 0 0 0 0 0 0 0 0 0 0 3 0 0 0 0 0 0 1 0 0 0 0 0 0 0 0 1 0 0 0
424 TAT 0 0 1 0 0 0 0 0 0 0 0 0 7 0 1 0 0 0 0 7 0 0 0 0 0 0 0 0 0 0 0 0 0 0 0 0 0 0 0 0 0 0 0 0 0 0 0 0 2 7 1 150766 0 0 0 0 0 0 0 18 0 0 0 1
425 GCC 0 0 0 0 0 46 0 0 0 0 0 0 0 0 0 0 2 0 0 0 0 2 0 0 0 0 0 0 0 0 0 0 0 5 0 0 3 139525 0 15 0 2 0 0 0 56 0 0 0 0 0 0 0 4 0 0 0 5 0 0 0 0 0 0
426 CCT 0 0 0 2 0 0 0 4 0 0 0 0 0 0 0 0 0 0 0 33 2 26 1 117489 0 0 0 2 0 0 0 44 0 0 0 0 1 0 0 0 0 0 0 0 0 0 0 0 0 0 0 1 0 0 0 11 0 0 0 0 0 0 0 2
427 CCC 0 2 0 0 0 7 0 0 0 0 0 0 1 0 0 0 0 23 0 0 8 117599 0 12 0 3 0 0 0 21 0 0 0 0 0 0 0 1 0 0 0 0 0 0 0 0 0 0 0 0 0 0 0 15 0 0 0 0 0 0 0 1 0 0
428 ATA 11 0 0 0 7 0 0 0 2 0 0 0 166642 0 7 0 0 0 0 1 0 0 0 0 0 0 0 0 0 0 0 0 0 0 0 0 0 0 0 0 0 0 0 0 3 0 0 0 0 0 0 0 0 0 0 0 0 0 0 0 3 0 0 0
429 CCA 0 0 0 0 6 1 0 0 0 0 0 0 0 0 0 0 10 0 0 0 157303 1 14 3 1 0 0 0 17 0 0 0 0 0 0 0 3 0 0 0 0 0 0 0 0 0 0 0 0 0 0 0 15 0 0 0 0 0 0 0 0 0 0 0
430 GGA 1 0 0 0 0 0 0 0 26 0 0 0 0 0 0 0 0 0 0 0 0 0 0 0 1 0 0 0 0 0 0 0 18 0 0 0 1 0 0 0 152850 0 13 1 4 0 0 0 0 0 0 0 0 0 0 0 4 0 0 0 0 0 0 0
431 GTA 1 0 0 0 1 0 0 0 0 0 0 0 66 0 0 0 0 0 0 0 1 0 0 0 0 0 0 0 1 0 0 0 32 0 0 0 8 0 0 1 0 0 0 0 166398 0 7 1 0 0 0 0 0 0 0 0 0 0 0 0 3 0 0 0
432 ATA 2 0 0 0 5 0 0 0 0 0 0 0 167381 1 37 1 0 0 0 0 0 0 0 0 0 0 0 0 0 0 0 0 0 0 0 0 0 0 0 0 0 0 0 0 7 0 0 0 0 0 0 0 0 0 0 0 0 0 0 0 7 0 0 0
433 AGG 0 0 34 0 0 0 0 0 44 3 161406 3 0 0 8 0 0 0 0 0 0 0 0 0 0 0 1 0 0 0 0 0 0 0 0 0 0 0 0 0 0 0 14 0 0 0 1 0 0 0 0 0 0 0 0 0 0 0 2 0 0 0 0 0
434 TGT 0 0 0 0 0 0 0 0 0 0 0 0 0 0 0 0 0 0 0 0 0 0 0 0 0 0 0 9 0 0 0 0 0 0 0 0 0 0 0 0 0 0 0 1 0 0 0 0 0 0 0 62 0 0 0 1 2 28 0 168066 0 0 0 3
435 AAA 172507 1 5 4 0 0 0 0 4 0 0 0 1 0 0 0 0 0 0 0 0 0 0 0 0 0 0 0 0 0 0 0 12 0 0 0 0 0 0 0 0 0 0 0 0 0 0 0 0 0 0 0 0 0 0 0 0 0 0 0 0 0 0 0
436 TCA 0 0 0 0 2 0 0 0 0 0 0 0 0 0 0 0 0 0 0 0 6 0 0 0 0 0 0 0 0 0 0 0 0 0 0 0 2 0 0 0 0 0 0 0 0 0 0 0 6 0 0 0 165066 0 3 4 1 0 0 0 13 0 0 0
437 AAT 14 5 0 171710 0 0 0 0 0 0 0 3 0 0 0 5 0 0 0 0 0 0 0 0 0 0 0 0 0 0 0 0 0 0 0 9 0 0 0 0 0 0 0 0 0 0 0 0 0 0 0 5 0 0 0 0 0 0 0 0 0 0 0 0
438 ATT 0 0 0 16 0 0 0 9 0 0 0 0 4 11 0 165435 0 0 0 1 0 0 0 0 0 0 0 0 0 0 0 0 0 0 0 0 0 0 0 0 0 0 0 0 0 0 0 3 0 0 0 0 0 0 0 0 0 0 0 0 0 0 0 1
439 ACA 8 0 0 0 171140 6 51 5 0 0 0 0 60 0 0 0 0 0 0 0 1 0 0 0 0 0 0 0 0 0 0 0 0 0 0 0 10 0 0 0 0 0 0 0 0 0 0 0 0 0 0 0 0 0 0 0 0 0 0 0 0 0 0 0
440 GGA 0 0 0 0 0 0 0 0 25 0 0 0 0 0 0 0 0 0 0 0 0 0 0 0 0 0 0 0 0 0 0 0 47 0 0 0 3 0 0 0 171481 0 6 5 12 0 0 0 0 0 0 0 0 0 0 0 8 0 0 0 0 0 0 0
441 CTA 0 0 0 0 0 0 0 0 0 0 0 0 12 0 0 0 7 0 0 0 15 0 0 0 0 0 0 0 171375 0 10 1 0 0 0 0 0 0 0 0 0 0 0 0 2 0 0 0 0 0 0 0 0 0 0 0 0 0 0 0 18 0 0 0
442 ATA 1 0 0 2 5 0 0 0 1 0 0 0 170929 2 8 5 0 0 0 0 0 0 0 0 0 0 0 0 1 0 0 0 0 0 0 0 0 0 0 0 0 0 0 0 8 0 0 0 0 0 0 0 0 0 0 0 0 0 0 0 4 0 0 0
443 TTA 0 0 0 0 0 0 0 0 0 0 0 0 9 0 0 0 0 0 0 0 0 0 0 0 0 0 0 0 6 0 0 0 0 0 0 0 0 0 0 0 0 0 0 0 4 0 0 0 1 0 0 0 3 0 0 0 0 0 0 0 170776 0 8 2
444 ACA 4 0 0 0 172037 0 15 2 1 0 0 0 17 0 0 0 0 0 0 0 0 0 0 0 0 0 0 0 0 0 0 0 0 0 0 0 4 0 0 0 0 0 0 0 0 0 0 0 0 0 0 0 1 0 0 0 0 0 0 0 0 0 0 0
445 AGA 26 0 0 0 0 0 0 0 171198 1 9 1 3 0 0 0 0 0 0 0 0 0 0 0 0 0 0 0 0 0 0 0 0 0 0 0 0 0 0 0 9 0 0 0 0 0 0 0 0 0 0 0 0 0 0 0 4 0 0 0 0 0 0 0
446 GAT 0 0 0 19 0 0 0 0 0 0 0 0 0 0 0 0 0 0 0 0 0 0 0 0 0 0 0 0 0 0 0 0 5 4 0 171732 0 0 0 0 0 0 0 6 0 0 0 0 0 0 0 2 0 0 0 0 0 0 0 0 0 0 0 0
447 GGT 0 0 0 0 0 0 0 0 0 0 0 20 0 0 0 0 0 0 0 0 0 0 0 0 0 0 0 1 0 0 0 0 0 0 0 30 0 0 0 1 1 2 4 172134 0 0 0 0 0 0 0 0 0 0 0 0 0 0 0 3 0 0 0 0
448 GGG 0 0 0 0 0 0 0 0 0 0 34 0 0 0 0 0 0 0 0 0 0 0 0 0 0 0 0 0 0 0 0 0 1 0 47 0 0 0 0 0 39 3 171072 6 0 0 6 0 0 0 0 0 0 0 0 0 0 0 6 0 0 0 0 0
449 AGT 0 0 0 101 0 0 0 0 13 20 1 172579 0 0 0 3 0 0 0 0 0 0 0 0 0 0 0 0 0 0 0 0 0 0 0 0 0 0 0 0 0 0 0 16 0 0 0 0 0 0 0 0 0 0 0 0 0 0 0 2 0 0 0 0
450 AAT 6 9 0 172526 0 0 0 0 0 0 0 5 0 0 0 0 0 0 0 0 0 0 0 0 0 0 0 0 0 0 0 0 0 0 0 10 0 0 0 0 0 0 0 0 0 0 0 0 0 0 0 4 0 0 0 0 0 0 0 0 0 0 0 0
451 AAG 37 2 172733 5 0 0 2 0 0 0 11 0 0 0 4 0 0 0 3 0 0 0 0 0 0 0 0 0 0 0 0 0 0 0 46 0 0 0 0 0 0 0 0 0 0 0 0 0 0 0 0 0 0 0 0 0 0 0 0 0 0 0 0 0
452 AAT 10 9 0 172982 0 0 0 0 0 0 0 4 0 0 0 4 0 0 0 0 0 0 0 0 0 0 0 0 0 0 0 0 0 0 0 2 0 0 0 0 0 0 0 0 0 0 0 0 0 0 0 7 0 0 0 0 0 0 0 0 0 0 0 0
453 ACA 3 0 0 0 171219 1 20 5 0 0 0 0 39 0 0 0 0 0 0 0 0 0 0 0 0 0 0 0 0 0 0 0 0 0 0 0 22 0 0 0 0 0 0 0 0 0 0 0 0 0 0 0 1 0 0 0 0 0 0 0 0 0 0 0
454 AGT 0 0 0 39 0 0 0 1 4 6 3 172287 0 0 0 2 0 0 0 0 0 0 0 0 0 0 0 0 0 0 0 0 0 0 0 0 0 0 0 0 0 0 0 8 0 0 0 0 0 0 0 0 0 0 0 0 0 1 0 6 0 0 0 0
455 GAA 38 0 0 0 0 0 0 0 0 0 0 0 0 0 0 0 2 0 0 0 0 0 0 0 0 0 0 0 0 0 0 0 171868 0 9 1 0 0 0 0 7 0 0 0 0 0 0 0 2 0 0 0 0 0 0 0 0 0 0 0 0 0 0 0
456 ACC 0 5 0 0 8 172486 0 11 0 1 0 0 0 15 0 0 0 0 0 0 0 1 0 0 0 0 0 0 0 0 0 0 0 0 0 0 0 9 0 0 0 0 0 0 0 0 0 0 0 0 0 0 0 0 0 0 0 0 0 0 0 0 0 0
457 TTC 0 0 0 0 0 0 0 0 0 0 0 0 0 10 0 0 0 0 0 0 0 0 0 0 0 0 0 0 0 17 0 0 0 0 0 0 0 0 0 0 0 0 0 0 0 1 0 0 0 10 0 0 0 8 0 0 0 2 0 0 0 171907 0 25
458 AGA 22 0 0 0 0 0 0 0 172679 0 4 1 4 0 0 0 0 0 0 0 0 0 0 0 0 0 0 0 0 0 0 0 0 0 0 0 0 0 0 0 58 0 0 0 0 0 0 0 0 0 0 0 0 0 0 0 1 0 0 0 0 0 0 0
459 CCT 0 0 0 2 0 0 0 4 0 0 0 0 0 0 0 0 0 0 0 9 1 40 4 171679 0 0 0 1 0 0 0 11 0 0 0 0 0 0 0 1 0 0 0 0 0 0 0 0 0 0 0 0 0 0 0 14 0 0 0 0 0 0 0 1
460 GGA 1 0 0 0 0 0 0 0 29 0 0 0 0 0 0 0 0 0 0 0 0 0 0 0 0 0 0 0 0 0 0 0 24 0 0 0 1 0 0 0 172251 1 31 2 2 0 0 0 0 0 0 0 0 0 0 0 0 0 0 0 0 0 0 0
461 GGA 0 0 0 0 0 0 0 0 18 0 0 0 0 0 0 0 0 0 0 0 0 0 0 0 1 0 0 0 0 0 0 0 19 0 0 0 1 0 0 0 173120 0 20 1 2 0 0 0 0 0 0 0 0 0 0 0 2 0 0 0 0 0 0 0
462 GGA 0 0 0 0 0 0 0 0 24 0 0 0 0 0 0 0 0 0 0 0 0 0 0 0 0 0 0 0 0 0 0 0 18 0 0 0 0 0 0 0 173075 0 17 5 5 0 0 0 0 0 0 0 0 0 0 0 7 0 0 0 0 0 0 0
463 GAT 0 0 0 49 0 0 0 0 0 0 0 0 0 0 0 0 0 0 0 1 0 0 0 0 0 0 0 0 0 0 0 0 14 10 3 173045 0 0 0 0 0 0 0 3 0 0 0 0 0 0 0 3 0 0 0 0 0 0 0 0 0 0 0 0
464 ATG 0 0 1 0 0 0 3 0 0 0 2 0 29 0 173092 2 0 0 0 0 0 0 0 0 0 0 0 0 0 0 0 0 0 0 0 0 0 0 0 0 0 0 0 0 0 0 6 0 0 0 0 0 0 0 0 0 0 0 0 0 0 0 1 0
465 AGG 1 0 47 0 0 0 2 0 47 1 172520 3 0 0 22 0 0 0 0 0 0 0 0 0 0 0 2 0 0 0 0 0 0 0 0 0 0 0 0 0 0 0 38 0 0 0 0 0 0 0 0 0 0 0 0 0 0 0 1 0 0 0 0 0
466 GAC 0 28 0 0 0 0 0 0 0 0 0 0 0 0 0 0 0 0 0 0 0 0 0 0 0 0 0 0 0 0 0 0 6 173057 0 35 0 0 0 0 0 5 0 0 0 1 0 0 0 4 0 0 0 0 0 0 0 0 0 0 0 0 0 0
467 AAT 7 5 1 173048 0 0 0 0 0 0 0 1 0 0 0 12 0 0 0 2 0 0 0 0 0 0 0 0 0 0 0 0 0 0 0 9 0 0 0 0 0 0 0 0 0 0 0 0 0 0 0 2 0 0 0 0 0 0 0 0 0 0 0 0
468 TGG 0 0 0 0 0 0 0 0 0 0 2 0 0 0 0 0 0 0 0 0 0 0 0 0 0 0 11 0 0 0 0 0 0 0 0 0 0 0 0 0 0 0 1 0 0 0 0 0 0 0 33 0 0 0 0 0 26 0 172682 1 0 0 5 0
469 AGA 47 0 0 0 1 0 0 0 173231 0 3 2 2 0 0 0 0 0 0 0 0 0 0 0 0 0 0 0 0 0 0 0 0 0 0 0 0 0 0 0 22 0 0 0 0 0 0 0 0 0 0 0 0 0 0 0 1 0 0 0 0 0 0 0
470 AGT 1 0 1 82 0 0 0 1 4 16 3 417809 0 0 0 12 0 0 0 0 0 0 0 0 0 0 0 0 0 0 0 0 0 0 0 0 0 0 0 0 0 0 0 9 0 0 0 2 0 0 0 0 0 0 0 0 0 0 0 6 0 0 0 0
471 GAA 93 0 0 0 0 0 0 0 0 0 0 0 0 0 0 0 5 0 0 0 0 0 0 0 0 0 0 0 0 0 0 0 418007 2 27 18 0 1 0 1 8 0 0 0 5 0 0 0 7 0 0 0 0 0 0 0 0 0 0 0 0 0 0 0
472 TTA 5 0 0 0 0 0 0 0 0 0 0 0 73 0 0 0 0 0 0 0 0 0 0 0 0 0 0 0 31 0 0 0 0 0 0 0 0 0 0 0 0 0 0 0 2 0 0 0 17 0 0 0 21 0 0 0 0 0 0 0 417631 0 6 1
473 TAT 0 0 0 13 0 0 0 0 0 0 0 0 0 0 0 0 0 0 0 19 0 0 0 0 0 0 0 0 0 0 0 0 0 0 0 0 0 0 0 0 0 0 0 0 0 0 0 0 74 20 4 418063 0 0 0 1 0 0 0 16 0 0 0 2
474 AAG 124 11 417874 19 0 0 11 0 0 0 36 1 0 0 9 0 0 0 0 0 0 0 0 0 0 0 0 0 0 0 0 0 1 0 82 0 0 0 0 0 0 0 0 0 0 0 0 0 0 0 5 0 0 0 0 0 0 0 0 0 0 0 0 0
475 TAT 0 0 0 9 0 0 0 0 0 0 0 0 0 0 0 0 0 0 0 15 0 0 0 0 0 0 0 0 0 0 0 0 0 0 0 2 0 0 0 0 0 0 0 0 0 0 0 0 14 20 3 417851 0 0 0 0 0 0 0 13 0 0 0 2
476 AAA 417563 2 92 4 2 0 0 0 21 0 0 0 6 0 0 0 1 0 0 0 0 0 0 0 0 0 0 0 0 0 0 0 32 0 0 0 0 0 0 0 0 0 0 0 0 0 0 0 3 0 0 0 0 0 0 0 0 0 0 0 0 0 0 0
477 GTA 0 0 0 0 0 0 0 0 0 0 0 0 139 0 0 0 0 0 0 0 0 0 0 0 0 0 0 0 6 0 0 0 9 0 0 0 24 0 0 0 2 0 0 0 417072 0 14 0 0 0 0 0 0 0 0 0 0 0 0 0 10 0 0 0
478 GTA 0 0 0 0 0 0 0 0 0 0 0 0 104 0 0 0 0 0 0 0 0 0 0 0 0 0 0 0 4 0 0 0 65 0 0 0 22 0 0 0 0 0 0 0 417435 0 29 1 0 0 0 0 0 0 0 0 0 0 0 0 7 0 0 0
479 AAA 417796 1 17 3 2 0 0 0 19 0 0 0 8 0 0 0 0 0 0 0 0 0 0 0 0 0 0 0 0 0 0 0 6 0 0 0 0 0 0 0 0 0 0 0 0 0 0 0 0 0 0 0 0 0 0 0 0 0 0 0 0 0 0 0
480 ATT 0 0 0 29 0 0 0 18 0 0 0 1 18 27 1 416081 0 0 0 0 0 0 0 0 0 0 0 0 0 0 0 2 0 0 0 0 0 0 0 0 0 0 0 0 0 0 0 10 0 0 0 0 0 0 0 0 0 0 0 0 0 0 0 65
481 GAA 107 0 0 0 0 0 0 0 0 0 0 0 0 0 0 0 1 0 0 0 0 0 0 0 0 0 0 0 0 0 0 0 417376 4 44 11 1 0 0 0 49 0 0 0 8 0 0 0 6 0 0 0 0 0 0 0 0 0 0 0 0 0 0 0
482 CCA 0 0 0 0 11 0 0 0 0 0 0 0 0 0 0 0 15 0 0 0 417945 1 8 4 1 0 0 0 43 0 0 0 0 0 0 0 7 0 0 0 0 0 0 0 0 0 0 0 0 0 0 0 51 0 0 0 0 0 0 0 0 0 0 0
483 ATA 4 0 0 0 6 0 0 0 0 0 0 0 244118 2 85 2 0 0 0 0 0 0 0 0 0 0 0 0 2 0 0 0 0 0 0 0 0 0 0 0 0 0 0 0 10 0 0 0 0 0 0 0 0 0 0 0 0 0 0 0 0 0 0 0
484 GGA 0 0 0 0 0 0 0 0 37 0 0 0 0 0 0 0 0 0 0 0 0 0 0 0 1 0 0 0 0 0 0 0 31 0 0 0 0 0 0 0 244125 1 20 2 6 0 0 0 0 0 0 0 0 0 0 0 10 0 0 0 0 0 0 0
485 GTA 0 0 0 0 0 0 0 0 0 0 0 0 102 0 0 0 0 0 0 0 0 0 0 0 0 0 0 0 1 0 0 0 3 0 0 0 9 0 0 0 1 0 0 0 244477 3 60 2 0 0 0 0 0 0 0 0 0 0 0 0 2 0 0 0
486 GCA 0 0 0 0 66 0 0 0 0 0 0 0 0 0 0 0 0 0 0 0 3 0 0 0 0 0 0 0 0 0 0 0 15 0 0 0 244239 3 19 8 0 0 0 0 118 0 0 0 0 0 0 0 2 0 0 0 0 0 0 0 0 0 0 0
487 CCC 0 0 0 0 0 4 0 0 0 0 0 0 0 0 0 0 0 20 0 0 21 244096 0 31 0 1 0 0 0 28 0 0 0 0 0 0 0 2 0 0 0 0 0 0 0 0 0 0 0 0 0 0 0 34 0 0 0 0 0 0 0 0 0 0
488 ACC 0 6 0 0 1 243951 1 43 0 6 0 0 0 23 0 0 0 0 0 0 0 0 0 0 0 0 0 0 0 0 0 0 0 0 0 0 0 2 0 0 0 0 0 0 0 0 0 0 0 0 0 0 0 10 0 0 0 0 0 0 0 0 0 0
489 AGG 0 0 41 0 0 0 0 0 41 0 243387 2 0 0 8 0 0 0 0 0 0 0 0 0 0 0 3 0 0 0 0 0 0 0 0 0 0 0 0 0 0 0 50 0 0 0 0 0 0 0 0 0 0 0 0 0 0 0 1 0 0 0 0 0
490 GCA 0 0 0 0 114 0 0 0 0 0 0 0 0 0 0 0 0 0 0 0 1 0 0 0 0 0 0 0 0 0 0 0 12 0 0 0 242744 4 7 0 0 0 0 0 33 0 0 0 0 0 0 0 0 0 0 0 0 0 0 0 0 0 0 0
491 AAA 244273 1 11 0 1 0 0 0 6 0 0 0 0 0 0 0 0 0 0 0 0 0 0 0 0 0 0 0 0 0 0 0 12 0 0 0 0 0 0 0 0 0 0 0 0 0 0 0 1 0 0 0 0 0 0 0 0 0 0 0 0 0 0 0
492 AGA 33 0 0 0 2 0 0 0 244186 0 6 1 5 0 0 0 0 0 0 0 0 0 0 0 3 0 0 0 0 0 0 0 0 0 0 0 0 0 0 0 160 0 0 0 0 0 0 0 0 0 0 0 0 0 0 0 1 0 0 0 0 0 0 0
493 AGA 31 0 0 0 0 0 0 0 244488 0 12 1 11 0 0 0 0 0 0 0 0 0 0 0 2 0 0 0 0 0 0 0 0 0 0 0 0 0 0 0 23 0 1 0 0 0 0 0 0 0 0 0 0 0 0 0 4 0 0 0 0 0 0 0
494 GTG 0 0 0 0 0 0 0 0 0 0 0 0 0 0 38 0 0 0 0 0 0 0 0 0 0 0 0 0 0 0 0 0 0 0 2 0 0 0 4 0 0 0 0 0 38 3 238613 6 0 0 0 0 0 0 0 0 0 0 0 0 0 0 3 0
495 GTG 0 0 0 2 0 0 0 0 0 0 0 0 0 0 47 0 0 0 0 0 0 0 0 0 0 0 0 0 0 0 0 0 0 0 3 0 0 0 3 0 0 0 1 0 45 0 237106 11 0 0 0 0 0 0 0 0 0 0 0 0 0 0 2 0
496 GAG 0 0 55 0 0 0 0 0 0 0 0 0 0 0 0 0 0 0 2 0 0 0 0 0 0 0 0 0 0 0 0 0 31 0 240677 5 0 0 0 0 0 0 41 0 0 0 6 0 0 0 5 0 0 0 0 0 0 0 0 0 0 0 0 0
497 AGA 24 0 0 0 0 0 0 0 243074 0 13 0 9 0 0 0 0 0 0 0 0 0 0 0 0 0 0 0 0 0 0 0 0 0 0 0 0 0 0 0 13 0 0 0 0 0 0 0 0 0 0 0 0 0 0 0 0 0 0 0 0 0 0 0
498 GAA 63 0 0 0 0 0 0 0 0 0 0 0 0 0 0 0 1 0 0 0 0 0 0 0 0 0 0 0 0 0 0 0 242352 0 6 1 0 0 0 0 7 0 0 0 1 0 0 0 3 0 0 0 0 0 0 0 0 0 0 0 0 0 0 0
499 AAA 243896 0 15 2 0 0 0 0 12 0 0 0 0 0 0 0 1 0 0 0 0 0 0 0 0 0 0 0 0 0 0 0 7 0 0 0 1 0 0 0 0 0 0 0 0 0 0 0 1 0 0 0 0 0 0 0 0 0 0 0 0 0 0 0
500 AGA 19 0 0 0 0 0 0 0 241399 0 5 0 1 0 0 0 0 0 0 0 0 0 0 0 2 0 0 0 0 0 0 0 0 0 0 0 0 0 0 0 520 0 1 0 0 0 0 0 0 0 0 0 0 0 0 0 0 0 0 0 0 0 0 0
501 GCA 0 0 0 0 40 0 0 0 0 0 0 0 0 0 0 0 0 0 0 0 0 0 0 0 0 0 0 0 0 0 0 0 3 0 0 0 241434 0 9 4 0 0 0 0 105 0 0 0 0 0 0 0 0 0 0 0 0 0 0 0 0 0 0 0
502 GTT 0 0 0 0 0 0 0 0 0 0 0 0 0 0 0 23 0 0 0 0 0 0 0 0 0 0 0 0 0 0 0 0 0 0 0 2 0 0 0 15 0 0 0 1 2 18 0 230581 0 0 0 0 0 0 0 0 0 0 0 0 0 0 0 9
503 GGA 0 0 0 0 0 0 0 0 30 0 0 0 0 0 0 0 0 0 0 0 0 0 0 0 3 0 0 0 0 0 0 0 51 0 0 0 3 0 0 0 242519 0 20 1 16 0 0 0 0 0 0 0 0 0 0 0 6 0 0 0 0 0 0 0
504 ATA 3 0 0 0 6 0 0 0 0 0 0 0 241589 1 40 2 0 0 0 0 0 0 0 0 0 0 0 0 0 0 0 0 0 0 0 0 0 0 0 0 0 0 0 0 6 0 0 0 0 0 0 0 0 0 0 0 0 0 0 0 2 0 0 0
505 GGA 1 0 0 0 0 0 0 0 29 0 0 0 0 0 0 0 0 0 0 0 0 0 0 0 0 0 0 0 0 0 0 0 12 0 0 0 1 0 0 0 238919 0 10 1 2 0 0 0 0 0 0 0 0 0 0 0 9 0 0 0 0 0 0 0
506 GCT 0 0 0 0 0 0 0 40 0 0 0 0 0 0 0 0 0 0 0 0 0 0 0 0 0 0 0 0 0 0 0 0 0 0 0 1 0 19 4 224618 0 0 0 5 0 0 0 25 0 0 0 0 0 0 0 3 0 0 0 0 0 0 0 0
507 GTC 0 0 0 0 0 0 0 0 0 0 0 0 0 30 0 0 0 0 0 0 0 0 0 0 0 0 0 0 0 0 0 0 0 1 0 0 0 13 0 0 0 1 0 0 7 227845 0 13 0 0 0 0 0 0 0 0 0 0 0 0 0 2 0 0
508 TTC 0 0 0 0 0 0 0 0 0 0 0 0 0 2 0 0 0 0 0 0 0 0 0 0 0 0 0 0 0 17 0 0 0 0 0 0 0 0 0 0 0 0 0 0 0 2 0 0 0 2 0 0 0 18 0 0 0 0 0 0 6 213637 1 12
509 ATT 0 0 0 0 0 0 0 17 0 0 0 1 1 9 1 233040 0 0 0 0 0 0 0 0 0 0 0 0 0 0 0 0 0 0 0 0 0 0 0 0 0 0 0 0 0 0 0 4 0 0 0 0 0 0 0 0 0 0 0 0 0 0 0 2
510 GGG 0 0 0 0 0 0 0 0 0 0 36 0 0 0 0 0 0 0 0 0 0 0 0 0 0 0 0 0 0 0 0 0 0 0 20 0 0 0 0 0 56 0 224647 4 0 0 5 0 0 0 0 0 0 0 0 0 0 0 4 0 0 0 0 0
511 TTC 0 0 0 0 0 0 0 0 0 0 0 0 0 1 0 0 0 0 0 0 0 0 0 0 0 0 0 0 0 9 0 0 0 0 0 0 0 0 0 0 0 0 0 0 0 2 0 0 0 3 0 0 0 4 0 0 0 0 0 0 3 207258 0 3
512 TTA 0 0 0 0 0 0 0 0 0 0 0 0 9 0 0 0 0 0 0 0 0 0 0 0 0 0 0 0 17 0 0 0 0 0 0 0 0 0 0 0 0 0 0 0 0 0 0 0 0 0 0 0 12 0 0 0 1 0 0 0 229193 0 49 1
513 GGA 0 0 0 0 0 0 0 0 46 0 0 0 0 0 0 0 0 0 0 0 0 0 0 0 2 0 0 0 0 0 0 0 41 0 0 0 0 0 0 0 223933 0 9 3 5 0 0 0 0 0 0 0 0 0 0 0 16 0 0 0 0 0 0 0
514 GCA 0 0 0 0 140 0 0 0 0 0 0 0 0 0 0 0 0 0 0 0 1 0 0 0 0 0 0 0 0 0 0 0 5 0 0 0 237097 1 10 0 1 0 0 0 63 0 0 0 0 0 0 0 3 0 0 0 0 0 0 0 0 0 0 0
515 GCA 0 0 0 0 81 0 0 0 0 0 0 0 0 0 0 0 0 0 0 0 0 0 0 0 0 0 0 0 0 0 0 0 10 0 0 0 234098 1 55 1 1 0 0 0 44 0 0 0 0 0 0 0 2 0 0 0 0 0 0 0 0 0 0 0
516 GGA 0 0 0 0 0 0 0 0 33 0 0 0 0 0 0 0 0 0 0 0 0 0 0 0 1 0 0 0 0 0 0 0 44 0 0 0 1 0 0 0 215141 2 16 4 2 0 0 0 0 0 0 0 0 0 0 0 2 0 0 0 0 0 0 0
517 AGC 0 45 0 0 0 0 0 0 6 217168 0 46 0 1 0 0 0 0 0 0 0 0 0 0 0 0 0 0 0 0 0 0 0 0 0 0 0 0 0 0 0 2 0 0 0 0 0 0 0 0 0 0 0 0 0 0 0 5 0 0 0 0 0 0
518 ACT 0 0 0 4 0 36 2 211852 0 0 0 6 0 0 0 5 0 0 0 0 0 0 0 0 0 0 0 0 0 0 0 0 0 0 0 0 0 0 0 1 0 0 0 0 0 0 0 0 0 0 0 0 0 0 0 0 0 0 0 0 0 0 0 0
519 ATG 0 0 0 0 0 0 4 0 0 0 1 0 9 1 203721 6 0 0 0 0 0 0 0 0 0 0 0 0 0 0 1 0 0 0 0 0 0 0 0 0 0 0 0 0 0 0 10 0 0 0 0 0 0 0 0 0 0 0 0 0 0 0 0 0
520 GGC 0 0 0 0 0 0 0 0 0 30 0 0 0 0 0 0 0 0 0 0 0 0 0 0 0 0 0 0 0 0 0 0 1 31 0 0 0 0 0 0 5 191708 4 51 0 3 0 0 0 0 0 0 0 0 0 0 0 13 0 0 0 0 0 0
521 GCG 0 0 0 0 0 0 54 0 0 0 0 0 0 0 0 0 0 0 0 0 0 0 1 0 0 0 0 0 0 0 0 0 0 0 1 0 73 0 231374 8 0 0 2 0 0 0 59 0 0 0 0 0 0 0 5 0 0 0 0 0 0 0 0 0
522 GCG 0 0 0 0 0 0 23 0 0 0 0 0 0 0 0 0 0 0 0 0 0 0 7 0 0 0 0 1 0 0 0 0 0 0 4 0 98 1 198517 2 0 0 1 0 0 0 44 0 0 0 0 0 0 0 2 0 0 0 0 0 0 0 0 0
523 TCA 0 0 0 0 4 0 1 0 0 0 0 0 0 0 0 0 0 0 0 0 39 0 0 0 0 0 0 0 0 0 0 0 0 0 0 0 3 0 0 0 0 0 0 0 0 0 0 0 3 0 0 0 223250 8 64 4 0 0 0 0 41 0 0 0
524 GTA 0 0 0 0 0 0 0 0 0 0 0 1 121 0 0 0 0 0 0 0 0 0 0 0 0 0 0 0 0 0 0 0 0 0 0 0 13 0 0 0 0 0 0 0 217748 0 20 0 1 0 0 0 0 0 0 0 0 0 0 0 1 0 0 0
525 ACG 0 1 7 0 56 2 189690 7 0 0 3 0 0 0 31 0 0 0 0 0 0 0 0 0 0 1 0 0 0 0 0 0 0 0 0 0 0 0 7 0 0 0 0 0 0 0 0 0 0 0 0 0 0 0 1 0 0 0 0 0 0 0 0 0
526 CTG 0 0 0 0 0 0 0 0 0 0 0 0 0 0 2 0 0 0 0 0 0 0 29 0 0 0 0 0 11 0 195509 2 0 0 0 0 0 0 1 0 0 0 0 0 0 0 0 0 0 0 0 0 0 0 0 0 0 0 3 0 0 0 13 0
527 ACG 0 0 5 0 28 0 168343 9 0 0 1 0 0 0 94 0 0 0 0 0 0 0 0 0 0 0 0 0 0 0 0 0 0 1 0 0 0 0 8 0 0 0 0 0 0 0 0 0 0 0 0 0 0 0 0 0 0 0 0 0 0 0 0 0
528 GTA 0 0 0 0 0 0 0 0 0 0 0 0 55 0 0 0 0 0 0 0 0 0 0 0 0 0 0 0 1 0 0 0 2 0 0 0 15 0 0 0 0 0 0 1 197573 0 13 0 0 0 0 0 0 0 0 0 0 0 0 0 4 0 0 0
529 CAG 0 0 8 0 0 0 0 0 0 0 1 0 0 0 0 0 35 4 169315 8 0 0 0 0 0 0 43 0 0 0 4 0 0 0 1 0 0 0 0 0 0 0 0 0 0 0 0 0 0 0 47 0 0 0 0 0 0 0 0 0 0 0 0 0
530 GCC 0 0 0 0 0 85 0 0 0 0 0 0 0 0 0 0 0 0 0 0 0 0 0 0 0 0 0 0 0 0 0 0 0 6 0 0 3 192359 0 3 0 0 0 0 0 30 0 0 0 0 0 0 0 3 0 0 0 0 0 0 0 0 0 0
531 AGA 29 0 0 0 1 0 0 0 224300 0 11 3 0 0 0 0 0 0 0 0 0 0 0 0 0 0 0 0 0 0 0 0 0 0 0 0 0 0 0 0 3 0 0 0 0 0 0 0 0 0 0 0 0 0 0 0 3 0 0 0 0 0 0 0
532 CAA 1 0 0 0 0 0 0 0 0 0 0 0 0 0 0 0 185574 0 10 2 0 0 0 0 3 0 0 0 1 0 0 0 0 0 0 0 0 0 0 0 0 0 0 0 0 0 0 0 12 0 0 0 0 0 0 0 0 0 0 0 0 0 0 0
533 TTA 0 0 0 0 0 0 0 0 0 0 0 0 8 0 0 0 0 0 0 0 0 0 0 0 0 0 0 0 4 0 0 0 0 0 0 0 0 0 0 0 0 0 0 0 4 0 0 0 4 0 0 0 8 0 0 0 0 0 0 0 203693 0 10 0
534 TTG 0 0 0 0 0 0 0 0 0 0 0 0 0 0 10 0 0 0 0 0 0 0 0 0 0 0 0 0 0 0 9 0 0 0 0 0 0 0 0 0 0 0 0 0 0 0 1 0 0 0 0 0 0 0 3 0 0 0 1 0 21 0 206087 0
535 TCT 0 0 0 0 0 0 0 1 0 0 0 0 0 0 0 0 0 0 0 0 0 0 0 7 0 0 0 0 0 0 0 0 0 0 0 0 0 0 0 2 0 0 0 0 0 0 0 0 0 0 0 5 4 16 3 166348 0 0 0 0 0 0 0 15
536 GGT 0 0 0 0 0 0 0 0 0 0 0 21 0 0 0 0 0 0 0 0 0 0 0 0 0 0 0 0 0 0 0 0 0 0 0 38 0 0 0 0 2 6 3 201352 0 0 0 1 0 0 0 0 0 0 0 0 0 0 0 2 0 0 0 0
537 ATA 4 0 0 0 8 0 0 0 0 0 0 0 234009 0 18 1 0 0 0 0 0 0 0 0 0 0 0 0 2 0 0 0 0 0 0 0 0 0 0 0 0 0 0 0 13 0 0 0 0 0 0 0 0 0 0 0 0 0 0 0 2 0 0 0
538 GTG 0 0 0 0 0 0 0 0 0 0 0 0 0 0 16 0 0 0 0 0 0 0 0 0 0 0 0 0 0 0 0 0 0 0 0 0 0 0 15 0 0 0 0 0 66 0 229192 2 0 0 0 0 0 0 0 0 0 0 0 0 0 0 1 0
539 CAA 5 0 0 0 0 0 0 0 0 0 0 0 0 0 0 0 240737 0 30 4 1 0 0 0 11 0 0 0 0 0 0 0 0 0 0 0 0 0 0 0 0 0 0 0 0 0 0 0 33 0 0 0 0 0 0 0 0 0 0 0 0 0 0 0
540 CAG 0 0 9 0 0 0 0 0 0 0 0 0 0 0 0 0 65 1 234284 1 0 0 0 0 0 0 13 0 0 0 1 0 0 0 3 0 0 0 0 0 0 0 0 0 0 0 0 0 0 0 25 0 0 0 0 0 0 0 0 0 0 0 0 0
541 CAA 5 0 0 0 0 0 0 0 0 0 0 0 0 0 0 0 229690 0 9 0 0 0 0 0 10 0 0 0 1 0 0 0 0 0 0 0 0 0 0 0 0 0 0 0 0 0 0 0 15 0 0 0 0 0 0 0 0 0 0 0 0 0 0 0
542 AGC 0 85 0 0 0 0 0 0 9 231000 2 52 0 3 0 0 0 0 0 0 0 0 0 0 0 0 0 0 0 0 0 0 0 0 0 0 0 0 0 0 0 7 0 0 0 0 0 0 0 0 0 0 0 0 0 0 0 1 0 0 0 0 0 0
543 AAT 1 9 4 235309 0 0 0 0 0 0 0 9 0 0 0 2 0 0 0 0 0 0 0 0 0 0 0 0 0 0 0 0 0 0 0 2 0 0 0 0 0 0 0 0 0 0 0 0 0 0 0 4 0 0 0 0 0 0 0 0 0 0 0 0
544 TTG 0 0 0 0 0 0 0 0 0 0 0 0 0 0 5 0 0 0 0 0 0 0 0 0 0 0 0 0 0 0 12 0 0 0 0 0 0 0 0 0 0 0 0 0 0 0 1 0 0 0 1 0 0 0 5 0 0 0 0 0 33 0 236868 1
545 CTG 0 0 0 0 0 0 0 0 0 0 0 0 0 0 2 0 0 0 0 0 0 0 29 0 0 0 2 0 26 1 240548 5 0 0 0 0 0 0 0 0 0 0 0 0 0 0 4 0 0 0 0 0 0 0 0 0 0 0 0 0 0 0 63 0
546 AGG 0 0 82 0 0 0 0 0 26 0 242206 5 0 0 23 0 0 0 0 0 0 0 0 0 0 0 0 0 0 0 0 0 0 0 0 0 0 0 0 0 0 0 71 0 0 0 0 0 0 0 0 0 0 0 0 0 0 0 6 0 0 0 0 0
547 GCT 0 0 0 0 0 0 0 109 0 0 0 0 0 0 0 0 0 0 0 0 0 0 0 2 0 0 0 0 0 0 0 0 0 0 0 5 1 33 1 240289 0 0 0 0 0 0 0 26 0 0 0 0 0 0 0 9 0 0 0 0 0 0 0 0
548 ATA 2 0 0 0 14 0 0 0 0 0 0 0 243216 2 40 1 0 0 0 0 0 0 0 0 0 0 0 0 0 0 0 0 0 0 0 0 0 0 0 0 0 0 0 0 7 0 0 0 0 0 0 0 0 0 0 0 0 0 0 0 2 0 0 0
549 GAG 0 0 16 0 0 0 0 0 0 0 0 0 0 0 0 0 0 0 0 0 0 0 0 0 0 0 0 0 0 0 0 0 33 3 243338 9 0 0 2 0 0 0 31 0 0 0 10 0 0 0 5 0 0 0 0 0 0 0 0 0 0 0 0 0
550 GCT 0 0 0 2 0 0 0 82 0 0 0 0 0 0 0 0 0 0 0 0 1 0 0 10 0 0 0 0 0 0 0 0 0 0 0 6 3 30 0 237356 0 0 0 2 0 0 0 28 0 0 0 0 0 0 0 8 0 0 0 0 0 0 0 0
551 CAA 4 0 0 0 0 0 0 0 0 0 0 0 0 0 0 0 243938 0 11 3 0 0 0 0 24 0 0 0 0 0 0 0 1 0 0 0 0 0 0 0 0 0 0 0 0 0 0 0 12 0 0 0 0 0 0 0 0 0 0 0 0 0 0 0
552 CAG 0 0 3 0 0 0 0 0 0 0 0 0 0 0 0 0 138 4 243532 6 0 0 0 0 0 0 24 0 0 0 3 0 0 0 6 0 0 0 0 0 0 0 0 0 0 0 0 0 0 0 34 0 0 0 0 0 0 0 0 0 0 0 0 0
553 CAT 0 0 0 12 0 0 0 0 0 0 0 0 0 0 0 0 14 11 2 243158 0 0 0 0 0 0 0 7 0 0 0 5 0 0 0 1 0 0 0 0 0 0 0 0 0 0 0 0 0 0 0 48 0 0 0 0 0 0 0 0 0 0 0 0
554 CTG 0 0 0 0 0 0 0 0 0 0 0 0 0 0 34 0 0 0 14 0 0 0 48 0 0 0 2 0 68 1 242654 3 0 0 0 0 0 0 0 0 0 0 0 0 0 0 1 0 0 0 0 0 0 0 0 0 0 0 0 0 0 0 18 0
555 TTG 0 0 0 0 0 0 0 0 0 0 0 0 0 0 0 0 0 0 0 0 0 0 0 0 0 0 0 0 0 0 20 0 0 0 0 0 0 0 0 0 0 0 0 0 0 0 0 0 0 0 0 0 0 0 70 0 0 0 2 0 17 0 243863 5
556 AAA 243652 0 8 2 1 0 0 0 13 1 0 0 3 0 0 0 0 0 0 0 0 0 0 0 0 0 0 0 0 0 0 0 11 0 0 0 0 0 0 0 0 0 0 0 0 0 0 0 2 0 0 0 0 0 0 0 0 0 0 0 0 0 0 0
557 CTC 0 0 0 0 0 0 0 0 0 0 0 0 0 15 0 0 0 7 0 0 0 29 0 0 0 0 0 0 6 241765 1 8 0 0 0 0 0 0 0 0 0 0 0 0 0 4 0 0 0 1 0 0 0 0 0 0 0 0 0 0 0 11 0 0
558 ACG 0 0 9 0 80 2 243270 15 0 0 5 0 0 0 178 0 0 0 0 0 0 0 0 0 0 0 0 0 0 0 0 0 0 0 0 0 0 0 48 0 0 0 0 0 0 0 0 0 0 0 0 0 0 0 1 0 0 0 0 0 0 0 0 0
559 GTC 0 0 0 0 0 0 0 0 0 0 0 0 0 69 0 0 0 0 0 0 0 0 0 0 0 0 0 0 0 3 0 0 0 4 0 0 0 21 0 0 0 0 0 0 4 243752 0 14 0 0 0 0 0 0 0 0 0 0 0 0 0 4 0 0
560 TGG 0 0 0 0 0 0 0 0 0 0 3 0 0 0 0 0 0 0 0 0 0 0 0 0 0 0 75 0 0 0 0 0 0 0 0 0 0 0 0 0 0 0 1 0 0 0 0 0 1 0 10 0 0 0 0 0 33 0 243895 13 0 0 2 0
561 GGC 0 0 0 0 0 0 0 0 0 47 0 0 0 0 0 0 0 0 0 0 0 0 0 0 0 1 0 0 0 0 0 0 0 117 0 1 0 0 0 0 6 243690 2 46 0 4 0 0 0 0 0 0 0 0 0 0 0 2 0 0 0 0 0 0
562 ATT 0 0 0 2 0 0 0 32 0 0 0 2 4 27 0 244235 0 0 0 0 0 0 0 0 0 0 0 0 0 0 0 0 0 0 0 0 0 0 0 0 0 0 0 0 0 0 0 7 0 0 0 0 0 0 0 0 0 0 0 0 0 0 0 1
563 AAA 243009 3 6 2 4 0 0 0 15 0 0 0 0 0 0 0 0 0 0 0 0 0 0 0 0 0 0 0 0 0 0 0 10 0 0 0 0 0 0 0 0 0 0 0 0 0 0 0 0 0 0 0 0 0 0 0 0 0 0 0 0 0 0 0
564 CAG 0 0 5 0 0 0 0 0 0 0 0 0 0 0 0 0 90 0 244202 14 0 0 3 0 0 0 36 0 0 0 1 0 0 0 4 0 0 0 0 0 0 0 0 0 0 0 0 0 0 0 52 0 0 0 0 0 0 0 0 0 0 0 0 0
565 CTC 0 0 0 0 0 0 0 0 0 0 0 0 0 6 0 0 0 0 0 0 0 16 0 0 0 2 0 0 4 243284 0 11 0 0 0 0 0 0 0 0 0 0 0 0 0 1 0 0 0 0 0 0 0 0 0 0 0 0 0 0 0 10 0 0
566 CAG 0 0 7 0 0 0 0 0 0 0 0 0 0 0 0 0 48 0 244547 8 0 0 1 0 0 0 73 0 0 0 3 0 0 0 1 0 0 0 0 0 0 0 0 0 0 0 0 0 0 0 28 0 0 0 0 0 0 0 0 0 0 0 0 0
567 GCA 0 0 0 0 93 0 0 0 0 0 0 0 0 0 0 0 0 0 0 0 0 0 0 0 0 0 0 0 0 0 0 0 8 0 0 0 243785 0 8 2 2 0 0 0 27 0 0 0 0 0 0 0 1 0 0 0 0 0 0 0 0 0 0 0
568 AGA 24 0 0 0 0 0 0 0 244592 0 3 6 7 0 0 0 0 0 0 0 0 0 0 0 0 0 0 0 0 0 0 0 0 0 0 0 0 0 0 0 14 0 0 0 0 0 0 0 0 0 0 0 0 0 0 0 3 0 0 0 0 0 0 0
569 GTC 0 0 0 0 0 0 0 0 0 0 0 0 0 63 0 0 0 0 0 0 0 0 0 0 0 0 0 0 0 9 0 0 0 1 0 0 0 13 0 0 0 0 0 0 1 242368 0 16 0 0 0 0 0 0 0 0 0 0 0 0 0 9 0 0
570 CTA 0 0 0 0 0 0 0 0 0 0 0 0 9 0 0 0 3 0 0 0 10 0 0 0 0 0 0 0 243974 1 28 2 0 0 0 0 0 0 0 0 0 0 0 0 1 0 0 0 0 0 0 0 0 0 0 0 0 0 0 0 13 0 0 0
571 GCT 0 0 0 0 0 0 0 23 0 0 0 0 0 0 0 0 0 0 0 0 0 0 0 0 0 0 0 0 0 0 0 0 0 0 0 4 0 18 0 244215 0 0 0 1 0 0 0 33 0 0 0 0 0 0 0 4 0 0 0 0 0 0 0 0
572 GTG 0 0 0 0 0 0 0 0 0 0 0 0 0 0 22 0 0 0 0 0 0 0 0 0 0 0 0 0 0 0 1 0 0 0 0 0 0 0 27 0 0 0 0 0 18 0 244491 3 0 0 0 0 0 0 0 0 0 0 0 0 0 0 3 0
573 GAA 43 0 0 0 0 0 0 0 0 0 0 0 0 0 0 0 0 0 0 0 0 0 0 0 0 0 0 0 0 0 0 0 244296 1 9 2 0 0 0 0 15 0 0 0 0 0 0 0 5 0 0 0 0 0 0 0 0 0 0 0 0 0 0 0
574 AGA 24 0 0 0 0 0 0 0 244453 3 6 0 5 0 0 0 0 0 0 0 0 0 0 0 2 0 0 0 0 0 0 0 0 0 0 0 0 0 0 0 15 0 0 0 0 0 0 0 0 0 0 0 0 0 0 0 1 0 0 0 0 0 0 0
575 TAC 0 20 0 0 0 0 0 0 0 0 0 0 0 0 0 0 0 11 0 0 0 0 0 0 0 0 0 0 0 0 0 0 0 0 0 0 0 0 0 0 0 0 0 0 0 0 0 0 4 243997 5 19 0 0 0 0 0 32 0 0 0 2 0 0
576 CTA 0 0 0 0 0 0 0 0 0 0 0 0 7 0 0 0 1 0 0 0 26 0 0 0 0 0 0 0 244467 2 5 0 0 0 0 0 0 0 0 0 0 0 0 0 1 0 0 0 0 0 0 0 0 0 0 0 0 0 0 0 6 0 0 0
577 AAG 48 1 244592 12 0 0 1 0 0 0 48 0 0 0 7 0 0 0 0 0 0 0 0 0 0 0 0 0 0 0 0 0 0 0 7 0 0 0 0 0 0 0 0 0 0 0 0 0 0 0 1 0 0 0 0 0 0 0 0 0 0 0 0 0
578 GAT 0 0 0 52 0 0 0 0 0 0 0 0 0 0 0 0 0 0 0 0 0 0 0 0 0 0 0 0 0 0 0 0 11 12 0 243100 0 0 0 0 0 0 0 2 0 0 0 0 0 0 0 2 0 0 0 0 0 0 0 0 0 0 0 0
579 CAA 8 0 0 0 0 0 0 0 0 0 0 0 0 0 0 0 243995 1 9 1 0 0 0 0 23 0 0 0 0 0 0 0 0 0 0 0 0 0 0 0 0 0 0 0 0 0 0 0 15 0 0 0 0 0 0 0 0 0 0 0 0 0 0 0
580 CAG 0 0 2 0 0 0 0 0 0 0 0 0 0 0 0 0 56 0 243489 0 0 0 1 0 0 0 26 0 0 0 0 0 0 0 1 0 0 0 0 0 0 0 0 0 0 0 0 0 0 0 45 0 0 0 0 0 0 0 0 0 0 0 0 0
581 CTC 0 0 0 0 0 0 0 0 0 0 0 0 0 11 0 0 0 1 0 0 0 8 0 0 0 0 0 0 5 243738 0 4 0 0 0 0 0 0 0 0 0 0 0 0 0 1 0 0 0 0 0 0 0 0 0 0 0 0 0 0 0 24 0 0
582 CTA 0 0 0 0 0 0 0 0 0 0 0 0 5 0 0 0 2 0 0 0 48 0 0 0 2 0 0 0 244574 0 21 0 0 0 0 0 0 0 0 0 0 0 0 0 1 0 0 0 0 0 0 0 0 0 0 0 0 0 0 0 15 0 0 0
583 GGA 0 0 0 0 0 0 0 0 67 0 0 0 0 0 0 0 3 0 0 0 0 0 0 0 0 0 0 0 0 0 0 0 37 0 0 0 0 0 0 0 244553 0 7 3 6 0 0 0 0 0 0 0 0 0 0 0 7 0 0 0 2 0 0 0
584 ATT 2 0 0 7 0 0 0 7 0 0 0 0 0 11 0 244314 0 0 0 0 0 0 0 0 0 0 0 0 0 0 0 0 0 0 0 0 0 0 0 0 0 0 0 0 0 0 0 8 0 0 0 0 0 0 0 0 0 0 0 0 0 0 0 3
585 TGG 0 0 0 0 0 0 0 0 0 0 1 0 0 0 0 0 0 0 0 0 0 0 0 0 0 0 27 0 0 0 0 0 0 0 0 0 0 0 0 0 0 0 8 0 0 0 0 0 0 0 42 0 0 0 0 0 60 0 244227 14 0 0 9 0
586 GGC 0 0 0 0 0 0 0 0 0 52 0 0 0 0 0 0 0 0 0 0 0 0 0 0 0 2 0 0 0 0 0 0 0 58 0 0 0 4 0 0 10 244389 4 46 0 4 0 0 0 0 0 0 0 0 0 0 0 14 0 0 0 0 0 0
587 TGC 0 0 0 0 0 0 0 0 0 2 0 0 0 0 0 0 0 0 0 0 0 0 0 0 0 18 0 0 0 0 0 0 0 0 0 0 0 0 0 0 0 2 0 0 0 0 0 0 0 164 0 0 0 0 0 0 3 322091 11 54 0 1 0 0
588 TCT 0 0 0 0 0 0 0 76 0 0 0 0 0 0 0 0 0 0 0 0 0 0 0 30 0 0 0 0 0 0 0 0 0 0 0 0 0 0 0 3 0 0 0 0 0 0 0 0 0 0 0 11 3 118 7 271297 0 0 0 2 0 0 0 9
589 GGA 0 0 0 0 0 0 0 0 49 0 0 0 0 0 0 0 0 0 0 0 0 0 0 0 0 0 0 0 0 0 0 0 91 0 0 0 0 0 0 0 322112 0 7 0 9 0 0 0 0 0 0 0 0 0 0 0 10 0 0 0 0 0 0 0
590 AAA 322808 0 9 1 0 0 0 0 10 0 0 0 3 0 0 0 0 0 0 0 0 0 0 0 0 0 0 0 0 0 0 0 7 0 0 0 0 0 0 0 0 0 0 0 0 0 0 0 0 0 0 0 0 0 0 0 0 0 0 0 0 0 0 0
591 CTC 0 0 0 0 0 0 0 0 0 0 0 0 0 13 0 0 0 3 0 0 0 11 0 0 0 5 0 0 5 321667 0 14 0 0 0 0 0 0 0 0 0 0 0 0 0 1 0 0 0 0 0 0 0 0 0 0 0 0 0 0 0 30 0 0
592 ATC 0 8 0 0 0 15 0 0 0 3 0 0 7 322643 3 24 0 0 0 0 0 0 0 0 0 0 0 0 0 1 0 0 0 0 0 0 0 0 0 0 0 0 0 0 0 15 0 0 0 0 0 0 0 0 0 0 0 0 0 0 0 5 0 0
593 TGC 0 0 0 0 0 0 0 0 0 6 0 0 0 0 0 0 0 1 0 0 0 0 0 0 0 41 0 0 0 0 0 0 0 0 0 0 0 0 0 0 0 2 0 0 0 0 0 0 0 158 0 0 0 11 0 0 7 322365 1 96 0 6 0 0
594 ACC 0 6 0 0 5 322677 0 29 0 3 0 0 0 40 0 0 0 0 0 0 0 1 0 0 0 0 0 0 0 0 0 0 0 0 0 0 0 6 0 0 0 0 0 0 0 0 0 0 0 0 0 0 0 2 0 0 0 0 0 0 0 0 0 0
595 ACT 0 0 0 3 2 44 0 321597 0 0 0 4 0 0 0 9 0 0 0 0 0 0 0 0 0 0 0 0 0 0 0 0 0 0 0 0 0 0 0 4 0 0 0 0 0 0 0 0 0 0 0 0 0 0 0 1 0 0 0 0 0 0 0 0
596 AAT 55 19 1 322163 0 0 0 3 0 0 0 11 0 0 0 3 0 0 0 0 0 0 0 0 0 0 0 0 0 0 0 0 0 0 0 21 0 0 0 0 0 0 0 0 0 0 0 0 0 0 0 2 0 0 0 0 0 0 0 0 0 0 0 0
597 GTG 0 0 0 0 0 0 0 0 0 0 0 0 0 0 72 0 0 0 0 0 0 0 0 0 0 0 0 0 0 0 1 0 0 0 0 0 0 0 11 0 0 0 0 0 121 0 321998 4 0 0 0 0 0 0 0 0 0 0 0 0 0 0 9 0
598 CCC 0 0 0 0 0 11 0 0 0 0 0 0 0 0 0 0 0 8 0 0 14 322112 2 22 0 0 0 0 0 12 0 0 0 0 0 0 0 3 0 0 0 0 0 0 0 0 0 0 0 0 0 0 0 56 0 0 0 0 0 0 0 0 0 0
599 TGG 0 0 0 0 0 0 0 0 0 0 19 0 0 0 0 0 0 0 0 0 0 0 0 0 0 0 175 0 0 0 0 0 0 0 0 0 0 0 0 0 0 0 8 0 0 0 0 0 0 0 50 0 0 0 0 0 29 0 322206 3 0 0 6 0
600 AAC 10 321446 7 47 0 1 0 0 0 12 0 0 0 2 0 0 0 0 0 0 0 0 0 0 0 0 0 0 0 0 0 0 0 16 0 0 0 0 0 0 0 0 0 0 0 0 0 0 0 2 0 0 0 0 0 0 0 0 0 0 0 0 0 0
601 TCT 0 0 0 1 0 0 0 6 0 0 0 0 0 0 0 0 0 0 0 0 0 0 0 17 0 0 0 0 0 0 0 0 0 0 0 0 0 0 0 5 0 0 0 0 0 0 0 0 0 0 0 21 21 25 2 322293 0 0 0 1 0 0 0 20
602 AGT 2 0 0 64 0 0 0 3 27 21 3 322224 0 0 0 18 0 0 0 0 0 0 0 0 0 0 0 0 0 0 0 0 0 0 0 0 0 0 0 0 0 0 0 30 0 0 0 0 0 0 0 0 0 0 0 0 0 0 0 2 0 0 0 0
603 TGG 0 0 0 0 0 0 0 0 0 0 14 0 0 0 0 0 0 0 1 0 0 0 0 0 0 0 11 0 0 0 0 0 0 0 0 0 0 0 0 0 0 0 1 0 0 0 0 0 0 0 53 0 0 0 3 0 41 3 322519 5 0 0 9 0
604 AGT 0 0 0 119 0 0 0 2 11 29 5 321275 0 0 0 8 0 0 0 0 0 0 0 0 0 0 0 0 0 0 0 0 0 0 0 0 0 0 0 0 0 0 0 39 0 0 0 0 0 0 0 0 0 0 0 0 0 0 0 3 0 0 0 0
605 AAT 11 25 1 322192 0 0 0 2 0 0 0 13 0 0 0 4 0 0 0 1 0 0 0 0 0 0 0 0 0 0 0 0 0 0 0 10 0 0 0 0 0 0 0 0 0 0 0 0 0 0 0 3 0 0 0 0 0 0 0 0 0 0 0 0
606 AAA 321509 0 5 7 0 0 0 0 11 0 0 0 2 0 0 0 1 0 0 0 0 0 0 0 0 0 0 0 0 0 0 0 65 0 0 0 0 0 0 0 0 0 0 0 0 0 0 0 1 0 0 0 0 0 0 0 0 0 0 0 0 0 0 0
607 TCC 0 0 0 0 0 6 0 0 0 0 0 0 0 0 0 0 0 0 0 0 0 14 0 0 0 0 0 0 0 0 0 0 0 0 0 0 0 0 0 0 0 0 0 0 0 0 0 0 0 8 0 0 10 320264 0 21 0 0 0 0 0 15 0 0
608 CAG 0 0 7 0 0 0 0 0 0 0 0 0 0 0 0 0 66 0 321482 12 0 0 11 0 0 0 125 0 0 0 4 0 0 0 0 0 0 0 0 0 0 0 0 0 0 0 0 0 0 0 24 0 0 0 0 0 0 0 0 0 0 0 0 0
609 GAT 0 0 0 67 0 0 0 0 0 0 0 0 0 0 0 0 0 0 0 1 0 0 0 0 0 0 0 0 0 0 0 0 21 11 3 320155 0 0 0 2 0 0 0 7 0 0 0 2 0 0 0 5 0 0 0 0 0 0 0 0 0 0 0 0
610 GAG 2 0 99 0 0 0 0 0 0 0 0 0 0 0 0 0 0 0 2 0 0 0 0 0 0 0 0 0 0 0 0 0 78 2 317640 17 0 0 6 0 0 0 75 0 0 0 14 0 0 0 6 0 0 0 0 0 0 0 0 0 0 0 0 0
611 ATA 10 0 0 0 13 0 1 0 1 0 0 0 321304 1 18 14 0 0 0 0 0 0 0 0 0 0 0 0 1 0 0 0 0 0 0 0 0 0 0 0 0 0 0 0 6 0 0 0 0 0 0 0 0 0 0 0 0 0 0 0 3 0 0 0
612 TGG 0 0 3 0 0 0 0 0 0 0 32 0 0 0 0 0 0 0 0 0 0 0 0 0 0 0 6 0 0 0 0 0 0 0 0 0 0 0 0 0 0 0 2 0 0 0 1 0 0 0 59 0 0 0 1 0 60 2 321896 15 0 0 23 0
613 GGA 1 0 0 0 0 0 0 0 69 0 0 0 0 0 0 0 0 0 0 0 0 0 0 0 1 0 0 0 0 0 0 0 93 0 0 0 0 0 0 0 320441 0 7 2 1 0 0 0 0 0 0 0 0 0 0 0 4 0 0 0 0 0 0 0
614 AAC 14 321417 1 50 1 2 0 0 0 37 0 0 0 3 0 0 0 0 0 0 0 0 0 0 0 0 0 0 0 0 0 0 0 14 0 0 0 0 0 0 0 0 0 0 0 0 0 0 0 1 0 0 0 0 0 0 0 0 0 0 0 0 0 0
615 ATG 0 0 9 0 0 0 25 0 0 0 1 0 45 1 320501 5 0 0 0 0 0 0 0 0 0 0 0 0 0 0 2 0 0 0 0 0 0 0 0 0 0 0 0 0 0 0 33 0 0 0 0 0 0 0 0 0 0 0 0 0 0 0 1 0
616 ACC 0 7 0 0 29 321313 0 27 0 2 0 0 0 47 0 0 0 0 0 0 0 0 0 0 0 0 0 0 0 0 0 0 0 0 0 0 0 39 0 0 0 0 0 0 0 0 0 0 0 0 0 0 0 1 0 0 0 0 0 0 0 0 0 0
617 TGG 0 0 0 0 0 0 0 0 0 0 3 0 0 0 0 0 0 0 0 0 0 0 0 0 0 0 24 0 0 0 0 0 0 0 0 0 0 0 0 0 0 0 4 0 0 0 0 0 2 0 58 0 0 0 1 0 99 3 314518 10 0 0 4 0
618 CTG 0 0 0 0 0 0 0 0 0 0 0 0 0 0 27 0 0 0 5 0 1 0 22 0 0 0 0 0 293 5 314681 5 0 0 0 0 0 0 0 0 0 0 0 0 0 0 0 0 0 0 1 0 0 0 0 0 0 0 0 0 0 0 97 0
619 CAA 77 0 0 0 0 0 0 0 0 0 0 0 0 0 0 0 319774 1 16 11 2 0 0 0 17 0 0 0 14 0 0 0 3 0 0 0 0 0 0 0 0 0 0 0 0 0 0 0 83 0 0 0 0 0 0 0 0 0 0 0 0 0 0 0
620 TGG 0 0 0 0 0 0 0 0 0 0 27 0 0 0 0 0 0 0 1 0 0 0 0 0 0 0 2 0 0 0 0 0 0 0 0 0 0 0 0 0 0 0 8 0 0 0 0 0 0 0 55 0 0 0 1 0 59 0 317933 10 0 0 16 0
621 GAT 0 0 0 77 0 0 0 0 0 0 0 0 0 0 0 0 0 0 0 2 0 0 0 0 0 0 0 0 0 0 0 0 9 11 0 319532 0 0 0 0 0 0 0 7 0 0 0 2 0 0 0 13 0 0 0 0 0 0 0 0 0 0 0 0
622 AAA 320624 8 33 8 2 0 0 0 33 0 0 0 8 0 0 0 0 0 0 0 0 0 0 0 0 0 0 0 0 0 0 0 30 0 0 0 0 0 0 0 0 0 0 0 0 0 0 0 1 0 0 0 0 0 0 0 0 0 0 0 0 0 0 0
623 GAA 55 0 0 0 0 0 0 0 0 0 0 0 0 0 0 0 4 0 0 0 0 0 0 0 0 0 0 0 0 0 0 0 315485 0 3 1 0 0 0 0 1 0 0 0 4 0 0 0 1 0 0 0 0 0 0 0 0 0 0 0 0 0 0 0
624 GTT 0 0 0 1 0 0 0 0 0 0 0 0 0 0 0 82 0 0 0 0 0 0 0 0 0 0 0 0 0 0 0 0 0 0 0 11 0 0 0 15 0 0 0 0 7 6 2 314490 0 0 0 0 0 0 0 0 0 0 0 0 0 0 0 4
625 AGC 3 114 0 0 0 6 0 0 40 317607 2 139 0 12 0 0 0 0 0 0 0 0 0 0 0 0 0 0 0 0 0 0 0 0 0 0 0 0 0 0 0 22 0 0 0 0 0 0 0 0 0 0 0 0 0 0 0 4 0 2 0 0 0 0
626 AAT 67 26 1 320372 1 0 0 4 0 0 0 10 0 0 0 7 0 0 0 0 0 0 0 0 0 0 0 0 0 0 0 0 0 0 0 7 0 0 0 0 0 0 0 0 0 0 0 0 0 0 0 5 0 0 0 0 0 0 0 0 0 0 0 0
627 TAC 0 37 0 0 0 0 0 0 0 0 0 0 0 1 0 0 0 22 0 0 0 0 0 0 0 0 0 0 0 0 0 0 0 3 0 0 0 0 0 0 0 0 0 0 0 0 0 0 19 314257 3 83 0 0 0 0 0 21 0 0 0 9 0 0
628 ACA 15 0 0 0 318284 4 17 5 3 0 0 0 46 0 0 0 0 0 0 0 0 0 0 0 0 0 0 0 0 0 0 0 0 0 0 0 27 0 0 0 0 0 0 0 0 0 0 0 0 0 0 0 10 0 0 0 0 0 0 0 0 0 0 0
629 CAG 0 0 26 0 0 0 0 0 0 0 0 0 0 0 0 0 49 1 317849 3 0 0 0 0 0 0 34 0 0 0 6 0 0 0 2 0 0 0 0 0 0 0 0 0 0 0 0 0 0 0 56 0 0 0 0 0 0 0 0 0 0 0 0 0
630 ATA 46 1 0 1 11 1 0 0 3 0 0 0 313013 2 17 2 0 0 0 0 0 0 0 0 0 0 0 0 0 0 0 0 0 0 0 0 0 0 0 0 0 0 0 0 4 0 0 0 0 0 0 0 0 0 0 0 0 0 0 0 1 0 0 0
631 ATA 40 1 0 2 10 0 0 0 2 0 0 0 310483 1 12 4 0 0 0 0 1 0 0 0 0 0 0 0 2 0 0 0 0 0 0 0 0 0 0 0 0 0 0 0 9 0 0 0 0 0 0 0 0 0 0 0 0 0 0 0 17 0 0 0
632 TAT 0 0 0 8 0 0 0 0 0 0 0 0 0 0 0 0 0 1 0 10 0 0 0 0 0 0 0 0 0 0 0 0 0 0 0 2 0 0 0 0 0 0 0 0 0 0 0 0 59 25 6 307762 0 1 0 1 0 0 0 9 0 0 0 1
633 ACT 2 1 1 32 10 22 5 272081 0 0 0 5 1 0 0 48 0 0 0 0 0 0 0 2 0 0 0 0 0 0 0 0 0 0 0 0 0 0 0 25 0 0 0 0 0 0 0 0 0 0 0 0 0 0 0 11 0 0 0 0 0 0 0 1
634 CTA 0 0 0 0 0 0 0 0 0 0 0 0 37 0 0 0 7 0 0 0 16 0 0 0 3 0 0 0 294268 1 8 0 0 0 0 0 0 0 0 0 0 0 0 0 1 0 0 0 0 0 0 0 0 0 0 0 0 0 0 0 35 0 0 0
635 ATT 0 0 0 1 0 0 0 6 1 0 0 0 8 14 1 286005 0 0 0 0 0 0 0 0 0 1 0 0 0 0 0 1 0 0 0 0 0 0 0 0 0 0 0 0 0 0 0 5 0 0 0 0 0 0 0 0 0 0 0 0 0 0 0 0
636 GAA 83 0 0 0 0 0 0 0 0 0 0 0 0 0 0 0 3 0 0 0 0 0 0 0 0 0 0 0 0 0 0 0 284042 3 45 8 0 0 0 0 31 0 0 0 2 0 0 0 7 0 0 0 0 0 0 0 1 0 0 0 0 0 0 0
637 GAA 77 0 0 0 0 0 0 0 6 0 0 0 0 0 0 0 3 0 0 0 0 0 0 0 0 0 0 0 0 0 0 0 281108 0 8 2 0 0 0 0 2 0 0 0 0 0 0 0 3 0 0 0 0 0 0 0 0 0 0 0 0 0 0 0
638 TCG 0 0 0 0 0 1 3 0 0 1 0 0 0 3 0 0 0 0 0 0 0 0 2 0 0 0 0 0 0 0 0 0 0 0 0 0 0 0 0 0 0 0 0 0 0 0 0 0 0 0 11 0 183 3 207547 1 0 0 1 0 0 0 43 0
639 CAG 0 0 3 0 2 0 0 0 0 0 0 0 0 0 0 0 40 1 261149 7 0 0 2 0 0 0 58 0 0 0 4 0 0 0 1 0 2 0 0 0 0 0 0 0 0 0 0 0 0 0 46 0 0 0 0 0 0 0 0 0 0 0 0 0
640 AAC 11 294842 4 39 0 0 0 0 1 13 0 0 0 3 0 0 0 0 0 0 0 0 0 0 0 0 0 0 0 0 0 0 2 6 0 0 0 0 0 0 0 0 0 0 0 0 0 0 0 1 0 0 0 0 0 0 0 0 0 0 0 0 0 0
641 CAG 0 0 5 0 0 0 0 0 0 0 0 0 0 0 0 0 77 0 110846 1 0 0 0 0 0 0 2 0 0 0 0 0 0 0 0 0 0 0 0 0 0 0 0 0 0 0 0 0 0 0 13 0 0 0 0 0 0 0 0 0 0 0 0 0
642 CAA 13 0 0 0 0 0 0 0 0 0 0 0 0 0 0 0 164769 0 2 0 0 0 0 0 5 0 0 0 0 0 0 0 1 0 0 0 0 0 0 0 0 0 0 0 0 0 0 0 70 0 0 0 0 0 0 0 0 0 0 0 0 0 0 0
643 GAA 301 0 0 0 0 0 0 0 2 0 0 0 0 0 0 0 0 0 0 0 0 0 0 0 0 0 0 0 0 0 0 0 215796 1 7 0 0 0 0 0 2 0 0 0 0 0 0 0 1 0 0 0 0 0 0 0 0 0 0 0 0 0 0 0
644 AAA 275798 0 4 0 0 0 0 0 1 0 0 0 3 0 0 0 1 0 0 0 0 0 0 0 0 0 0 0 0 0 0 0 9 0 0 0 0 0 0 0 0 0 0 0 0 0 0 0 1 0 0 0 0 0 0 0 0 0 0 0 0 0 0 0
645 AAT 20 5 1 266263 0 0 0 1 0 0 0 8 0 0 0 38 0 0 0 1 0 0 0 0 0 0 0 0 0 0 0 0 0 0 0 7 0 0 0 0 0 0 0 0 0 0 0 0 0 0 0 4 0 0 0 0 0 0 0 0 0 0 0 0
646 GAA 92 2 1 0 0 0 0 0 7 0 0 0 0 0 0 0 2 0 1 0 0 0 0 0 0 0 0 0 0 0 0 0 271087 0 18 3 0 0 0 0 2 0 0 0 0 0 0 0 1 0 0 0 0 0 0 0 2 0 0 0 0 0 0 0
647 CAA 16 1 2 5 1 0 0 0 2 0 0 0 0 0 2 0 227381 2 15 3 0 0 0 0 18 0 0 0 1 0 0 0 2 0 0 0 0 0 0 0 0 0 0 0 0 0 0 0 35 0 0 0 0 0 0 0 1 0 0 0 0 0 0 0
648 GAC 6 66 0 6 1 0 0 0 0 0 0 0 0 0 0 0 0 3 2 0 0 0 0 0 0 0 0 0 0 0 0 0 33 224592 5 28 0 0 0 0 0 7 0 0 0 4 0 0 0 6 0 0 0 0 0 0 2 0 0 0 0 0 0 0
649 TTA 9 0 0 1 1 0 0 0 2 0 0 0 19 0 0 0 0 0 0 0 0 0 0 0 0 0 0 0 9 0 0 0 7 0 0 0 0 0 0 0 0 0 0 0 2 0 0 0 1 0 0 0 9 0 0 0 5 0 0 0 265436 0 8 0
650 TTA 1 0 0 4 0 0 0 0 0 0 0 0 30 0 1 3 5 0 0 0 0 0 0 0 0 0 0 0 14 0 0 0 2 0 0 0 0 0 0 0 0 0 0 0 2 0 0 0 5 0 0 0 7 0 0 0 3 0 0 0 290102 0 42 3
651 GCA 2 1 0 0 110 0 0 0 0 1 0 0 0 0 0 0 0 0 0 0 7 0 0 0 0 0 0 0 0 0 0 0 18 0 0 0 292732 0 6 8 3 0 0 0 77 0 0 0 0 0 0 0 11 0 0 0 0 0 0 0 0 0 0 0
652 TTG 0 0 0 1 0 0 0 0 0 0 0 0 0 0 9 0 1 0 0 0 0 0 0 0 0 0 0 0 0 0 16 0 1 0 0 0 0 0 0 0 0 0 0 0 0 0 3 0 2 0 5 0 0 0 14 0 0 0 4 0 69 1 247219 8
653 GAC 1 76 0 0 0 0 0 0 0 0 0 0 0 0 0 0 0 1 0 0 0 0 0 0 0 0 0 0 0 0 0 0 79 303605 10 65 0 0 0 0 0 33 0 0 0 3 0 0 0 10 0 0 0 0 0 0 0 0 0 0 0 0 0 0
654 AAG 81 1 314542 9 0 0 4 0 0 0 32 0 0 0 5 0 0 0 2 0 0 0 0 0 0 0 0 0 0 0 0 0 0 0 35 0 0 0 0 0 0 0 0 0 0 0 0 0 0 0 10 0 0 0 0 0 0 0 0 0 0 0 0 0
655 TGG 0 0 0 0 0 0 0 0 0 0 13 0 0 0 0 0 0 0 0 0 0 0 0 0 0 0 5 0 0 0 0 0 0 0 0 0 0 0 0 0 0 0 5 0 0 0 0 0 0 0 43 0 0 0 0 0 32 1 283359 4 0 0 7 0
656 GCA 0 0 0 0 137 0 0 0 0 0 0 0 0 0 0 0 0 0 0 0 0 0 0 0 0 0 0 0 0 0 0 0 4 0 0 0 204518 1 15 0 0 0 0 0 127 0 0 0 0 0 0 0 6 0 0 0 0 0 0 0 0 0 0 0
657 AGT 0 0 0 66 0 0 0 1 5 12 0 285010 0 0 0 2 0 0 0 0 0 0 0 0 0 0 0 0 0 0 0 0 0 0 0 0 0 0 0 0 0 0 0 10 0 0 0 0 0 0 0 0 0 0 0 0 0 0 0 1 0 0 0 0
658 CTG 0 0 0 0 0 0 0 0 0 0 0 0 0 0 20 0 0 0 4 0 0 0 79 0 0 0 8 0 79 1 271660 3 0 0 0 0 0 0 0 0 0 0 0 0 0 0 2 0 0 0 1 0 0 0 0 0 0 0 0 0 0 0 27 0
659 TGG 0 0 0 0 0 0 0 0 0 0 9 0 0 0 0 0 0 0 0 0 0 0 0 0 0 0 34 0 0 0 0 0 0 0 0 0 0 0 0 0 0 0 0 0 0 0 2 0 1 0 22 0 0 0 0 0 52 1 305598 6 0 0 1 0
660 AAT 12 12 1 319475 0 0 0 1 0 0 0 9 0 0 0 2 0 0 0 0 0 0 0 0 0 0 0 0 0 0 0 0 0 0 0 9 0 0 0 0 0 0 0 0 0 0 0 0 0 0 0 1 0 0 0 0 0 0 0 0 0 0 0 0
661 TGG 0 0 0 0 0 0 0 0 0 0 4 0 0 0 0 0 0 0 0 0 0 0 0 0 0 0 11 0 0 0 0 0 0 0 0 0 0 0 0 0 0 0 0 0 0 0 0 0 0 0 35 0 0 0 0 0 53 3 310339 1 0 0 8 0
662 TTT 0 0 0 0 0 0 0 0 0 0 0 0 0 0 0 3 0 0 0 0 0 0 0 0 0 0 0 0 0 0 0 20 0 0 0 0 0 0 0 0 0 0 0 0 0 0 0 4 0 0 0 26 0 0 0 25 0 0 0 3 4 24 1 318037
663 AAC 27 318267 5 47 0 0 0 0 0 29 0 0 0 6 0 0 0 0 0 0 0 0 0 0 0 0 0 0 0 0 0 0 0 31 0 0 0 0 0 0 0 0 0 0 0 0 0 0 0 4 0 0 0 0 0 0 0 0 0 0 0 0 0 0
664 ATC 1 2 0 0 0 19 0 0 0 1 0 0 16 314364 0 43 0 0 0 0 0 0 0 0 0 0 0 0 0 4 0 0 0 0 0 0 0 0 0 0 0 0 0 0 0 6 0 0 0 0 0 0 0 0 0 0 0 0 0 0 0 9 0 0
665 TCA 0 0 0 0 11 0 0 0 0 0 0 0 0 0 0 0 0 0 0 0 47 0 0 0 0 0 0 0 0 0 0 0 0 0 0 0 6 0 0 0 0 0 0 0 0 0 0 0 6 0 0 0 314990 2 25 0 2 0 0 0 27 0 0 0
666 CAA 28 0 0 0 0 0 0 0 0 0 0 0 0 0 0 0 319751 1 23 3 0 0 0 0 32 0 0 0 2 0 0 0 0 0 0 0 0 0 0 0 0 0 0 0 0 0 0 0 33 0 0 0 0 0 0 0 0 0 0 0 0 0 0 0
667 TGG 0 0 0 0 0 0 0 0 0 0 5 0 0 0 0 0 0 0 0 0 0 0 0 0 0 0 4 0 0 0 0 0 0 0 0 0 0 0 0 0 0 0 1 0 0 0 0 0 0 0 37 0 0 0 1 0 114 1 317416 2 0 0 6 0
668 CTG 0 0 0 0 0 0 0 0 0 0 0 0 0 0 10 0 0 0 3 0 0 0 13 0 0 0 4 0 75 0 297156 2 0 0 0 0 0 0 0 0 0 0 0 0 0 0 6 0 0 0 0 0 0 0 0 0 0 0 0 0 0 0 43 0
669 TGG 0 0 0 0 0 0 0 0 0 0 2 0 0 0 0 0 0 0 0 0 0 0 0 0 0 0 9 0 0 0 0 0 0 0 0 0 0 0 0 0 0 0 0 0 0 0 0 0 0 0 36 0 0 0 0 0 99 1 301913 7 0 0 4 0
670 TAT 0 0 0 11 0 0 0 0 0 0 0 0 0 0 0 0 0 0 0 34 0 0 0 0 0 0 0 0 0 0 0 0 0 0 0 1 0 0 0 0 0 0 0 0 0 0 0 0 15 19 0 321863 0 0 0 1 0 0 0 11 0 0 0 1
671 ATA 4 0 0 0 8 0 0 0 2 0 0 0 322432 1 28 0 0 0 0 0 0 0 0 0 0 0 0 0 2 0 0 0 0 0 0 0 0 0 0 0 0 0 0 0 15 0 0 0 0 0 0 0 0 0 0 0 0 0 0 0 0 0 0 0
672 AAG 75 1 322360 1 0 0 2 0 0 0 16 0 0 0 2 0 0 0 4 0 0 0 0 1 0 0 0 0 0 0 0 0 0 0 12 0 0 0 0 0 0 0 0 0 0 0 0 0 0 0 2 0 0 0 0 0 0 0 0 0 0 0 0 0
673 ATA 23 0 0 0 15 0 0 0 1 0 0 0 322079 1 13 5 0 0 0 0 0 0 0 0 0 0 0 0 2 0 0 0 0 0 0 0 0 0 0 0 0 0 0 0 4 0 0 0 0 0 0 0 0 0 0 0 0 0 0 0 1 0 0 0
674 TTT 0 0 0 0 0 0 0 0 0 0 0 0 0 0 0 7 0 0 0 0 0 0 0 0 0 0 0 0 0 0 0 12 0 0 0 0 0 0 0 0 0 0 0 0 0 0 0 7 0 0 1 13 0 0 0 14 0 0 0 5 16 9 1 321043
675 ATA 35 0 0 0 11 0 0 0 0 0 0 0 321906 1 19 1 0 0 0 0 0 0 0 0 0 0 0 0 0 0 0 0 0 0 0 0 0 0 0 0 0 0 0 0 17 0 0 0 0 0 0 0 0 0 0 0 0 0 0 0 11 0 0 0
676 ATA 22 0 1 1 12 0 0 0 1 0 0 0 322470 0 13 0 0 0 0 0 0 0 0 0 0 0 0 0 2 0 0 0 0 0 0 0 0 0 0 0 0 0 0 0 13 0 0 0 0 0 0 0 0 0 0 0 0 0 0 0 5 0 0 0
677 ATA 9 0 0 0 17 0 0 0 0 0 0 0 322285 1 41 2 0 0 0 0 0 0 0 0 0 0 0 0 0 0 0 0 0 0 0 0 0 0 0 0 0 0 0 0 7 0 0 0 0 0 0 0 0 0 0 0 0 0 0 0 6 0 0 0
678 GTA 0 0 0 0 0 0 0 0 0 0 0 0 87 0 0 0 1 0 0 0 0 0 0 0 0 0 0 0 0 0 0 0 24 0 0 0 16 0 0 0 0 0 0 0 322374 1 38 2 0 0 0 0 0 0 0 0 0 0 0 0 13 0 0 0
679 GGA 1 0 0 0 0 0 0 0 33 0 0 0 0 0 0 0 0 0 0 0 1 0 0 0 0 0 0 0 0 0 0 0 77 0 0 0 2 0 0 0 321771 0 44 6 8 0 0 0 0 0 0 0 0 0 0 0 6 0 0 0 0 0 0 0
680 GGC 1 1 0 0 0 0 0 0 1 83 0 0 0 0 0 0 0 1 0 0 0 0 0 0 0 3 0 0 0 0 0 0 0 69 0 0 0 11 0 0 23 320356 6 43 0 5 0 0 0 0 0 0 0 0 0 0 0 3 0 0 0 1 0 0
681 TTA 6 0 0 0 0 0 0 0 0 0 0 0 61 0 0 0 0 0 0 0 0 0 0 0 0 0 0 0 26 0 0 0 2 0 0 0 0 0 0 0 0 0 0 0 4 0 0 0 28 0 0 0 36 0 0 0 1 0 0 0 321411 0 10 7
682 ATA 14 0 0 0 9 0 0 0 0 0 0 0 322413 0 109 5 0 0 0 0 0 0 0 0 0 0 0 0 1 0 0 0 0 0 0 0 0 0 0 0 0 0 0 0 9 0 0 0 0 0 0 0 0 0 0 0 0 0 0 0 2 0 0 0
683 GGA 0 0 0 0 0 0 0 0 51 0 0 0 0 0 0 0 0 0 0 0 0 0 0 0 3 0 0 0 0 0 0 0 39 0 0 0 3 0 0 0 321580 1 8 7 4 0 0 2 0 0 0 0 0 0 0 0 23 0 0 0 0 0 0 0
684 TTA 0 0 0 0 0 0 0 0 0 0 0 0 4 0 0 0 0 0 0 0 0 0 0 0 0 0 0 0 15 0 0 0 0 0 0 0 0 0 0 0 0 0 0 0 2 0 0 0 16 0 0 0 18 0 0 0 0 0 0 0 321920 1 32 1
685 AGA 80 0 1 0 1 0 0 0 322046 1 13 1 6 0 0 0 0 0 0 0 0 0 0 0 1 0 0 0 0 0 0 0 0 0 0 0 0 0 0 0 11 0 0 0 0 0 0 0 0 0 0 0 0 0 0 0 1 0 0 0 0 0 0 0
686 ATA 2 0 0 0 4 0 0 0 0 0 0 0 322504 1 36 0 0 0 0 0 0 0 0 0 0 0 0 0 1 0 0 0 0 0 0 0 0 0 0 0 0 0 0 0 6 0 0 0 0 0 0 0 0 0 0 0 0 0 0 0 2 0 0 0
687 GTT 0 0 0 0 0 0 0 0 0 0 0 0 0 0 0 67 0 0 0 0 0 0 0 0 0 0 0 0 0 0 0 0 0 0 0 2 0 0 0 15 0 0 0 0 7 22 1 322346 0 0 0 0 0 0 0 0 0 0 0 0 0 0 0 6
688 TTT 0 0 0 0 0 0 0 0 0 0 0 0 0 0 0 7 0 0 0 0 0 0 0 0 0 0 0 0 0 0 0 17 0 0 0 0 0 0 0 0 0 0 0 0 0 0 0 6 0 0 0 25 0 0 0 12 0 0 0 6 9 14 3 322322
689 GCA 0 0 0 0 155 0 0 0 0 0 0 0 0 0 0 0 0 0 0 0 2 0 0 0 0 0 0 0 0 0 0 0 16 0 0 0 321824 2 60 5 1 0 0 0 280 0 0 0 0 0 0 0 10 0 0 0 0 0 0 0 0 0 0 0
690 GTG 0 0 0 0 0 0 0 0 0 0 0 0 0 0 100 0 0 0 0 0 0 0 0 0 0 0 0 0 0 0 7 0 0 0 17 0 0 0 14 0 0 0 1 0 278 5 322115 9 0 0 0 0 0 0 0 0 0 0 0 0 0 0 9 0
691 CTT 0 0 0 0 0 0 0 0 0 0 0 0 0 0 0 12 4 0 0 7 0 0 0 36 0 0 0 3 23 12 3 322768 0 0 0 0 0 0 0 0 0 0 0 0 0 0 0 5 0 0 0 0 0 0 0 0 0 0 0 0 0 0 0 56
