# POSITION WT AAA AAC AAG AAT ACA ACC ACG ACT AGA AGC AGG AGT ATA ATC ATG ATT CAA CAC CAG CAT CCA CCC CCG CCT CGA CGC CGG CGT CTA CTC CTG CTT GAA GAC GAG GAT GCA GCC GCG GCT GGA GGC GGG GGT GTA GTC GTG GTT TAA TAC TAG TAT TCA TCC TCG TCT TGA TGC TGG TGT TTA TTC TTG TTT
31 GGA 0 0 0 0 0 0 0 0 114 0 0 0 0 0 0 0 0 0 0 0 0 0 0 0 1 0 0 0 0 0 0 0 65 0 0 0 0 0 0 0 245050 1 5 1 0 0 0 0 0 0 0 0 0 0 0 0 6 0 0 0 0 0 0 0
32 AAC 8 245888 0 29 0 0 0 0 0 3 0 0 0 1 0 0 0 1 0 0 0 0 0 0 0 0 0 0 0 0 0 0 0 4 0 0 0 0 0 0 0 0 0 0 0 0 0 0 0 0 0 0 0 0 0 0 0 0 0 0 0 0 0 0
33 TTG 0 0 0 0 0 0 0 0 0 0 0 0 0 0 6 0 0 0 0 0 0 0 0 0 0 0 0 0 0 0 21 0 0 0 0 0 0 0 0 0 0 0 0 0 0 0 4 0 0 0 1 0 0 0 32 0 0 0 1 0 56 3 245747 5
34 TGG 0 0 0 0 0 0 0 0 0 0 5 0 0 0 0 0 0 0 0 0 0 0 0 0 0 0 12 0 0 0 0 0 0 0 0 0 0 0 0 0 0 0 2 0 0 0 0 0 0 0 40 0 0 0 0 0 43 2 245771 7 0 0 21 0
35 GTT 0 0 0 0 0 0 0 0 0 0 0 0 0 0 0 75 0 0 0 0 0 0 0 0 0 0 0 0 0 0 0 0 0 0 0 7 0 0 0 20 0 0 0 2 4 16 1 243947 0 0 0 0 0 0 0 0 0 0 0 0 0 0 0 2
36 ACT 0 0 0 33 19 25 4 245640 0 0 0 2 0 0 0 69 0 0 0 1 0 0 0 1 0 0 0 0 0 0 0 0 0 0 0 0 0 0 0 17 0 0 0 0 0 0 0 0 0 0 0 0 0 0 0 0 0 0 0 0 0 0 0 0
37 GTC 0 0 0 0 0 0 0 0 0 0 0 0 0 134 0 0 0 0 0 0 0 0 0 0 0 0 0 0 0 10 0 0 0 2 0 0 0 20 0 0 0 0 0 0 28 245298 2 37 0 0 0 0 0 0 0 0 0 0 0 0 0 6 0 0
38 TAC 0 4 0 0 0 0 0 0 0 0 0 0 0 0 0 0 0 19 0 0 0 0 0 0 0 0 0 0 0 0 0 0 0 0 0 0 0 0 0 0 0 0 0 0 0 0 0 0 25 245285 2 51 0 1 0 0 0 11 0 0 0 5 0 0
39 TAT 0 0 0 8 0 0 0 0 0 0 0 0 0 0 0 0 0 0 0 41 0 0 0 0 0 0 0 0 0 0 0 0 0 0 0 0 0 0 0 0 0 0 0 0 0 0 0 0 4 7 2 245887 0 0 0 0 0 0 0 8 0 0 0 1
40 GGG 0 0 0 0 0 0 0 0 0 0 40 0 0 0 0 0 0 0 0 0 0 0 0 0 0 0 0 0 0 0 0 0 0 0 39 0 0 0 0 0 52 0 243070 9 0 0 10 0 0 0 0 0 0 0 0 0 0 0 5 0 0 0 0 0
41 GTG 0 0 0 0 0 0 0 0 0 0 0 0 0 0 74 0 0 0 0 0 0 0 0 0 0 0 0 0 0 0 1 0 0 0 2 0 0 0 12 0 0 0 1 0 141 2 243082 2 0 0 0 0 0 0 0 0 0 0 0 0 0 0 2 0
42 CCT 0 0 0 0 0 0 0 17 0 0 0 0 0 0 0 0 0 0 0 12 13 108 8 243215 0 0 0 1 0 0 0 26 0 0 0 0 0 0 0 0 0 0 0 0 0 0 0 0 0 0 0 0 0 1 0 141 0 0 0 0 0 0 0 0
43 GTG 0 0 0 0 0 0 0 0 0 0 0 0 0 0 51 0 0 0 0 0 0 0 0 0 0 0 0 0 0 0 2 0 0 0 3 0 0 0 24 0 0 0 3 0 77 1 243099 7 0 0 0 0 0 0 0 0 0 0 0 0 0 0 0 0
44 TGG 0 0 0 0 0 0 0 0 0 0 2 0 0 0 0 0 0 0 0 0 0 0 0 0 0 0 9 0 0 0 0 0 0 0 0 0 0 0 0 0 0 0 2 0 0 0 0 0 0 0 51 0 0 0 0 0 30 1 245249 7 0 0 11 0
45 AAG 113 2 241284 29 0 0 8 0 0 0 72 0 0 0 8 0 0 0 1 0 0 0 0 0 0 0 0 0 0 0 0 0 0 0 44 0 0 0 0 0 0 0 0 0 0 0 0 0 0 0 3 0 0 0 0 0 0 0 0 0 0 0 0 0
46 GAC 0 81 0 0 0 0 0 0 0 0 0 0 0 0 0 0 0 1 0 0 0 0 0 0 0 0 0 0 0 0 0 0 7 244079 1 40 0 0 0 0 0 23 0 0 0 0 0 0 0 5 0 0 0 0 0 0 0 0 0 0 0 0 0 0
47 GCA 0 0 0 0 247 0 0 0 0 0 0 0 0 0 0 0 0 0 0 0 1 0 0 0 0 0 0 0 0 0 0 0 9 0 0 0 242855 6 67 7 1 0 0 0 48 0 0 0 0 0 0 0 6 0 0 0 0 0 0 0 0 0 0 0
48 GAG 0 0 43 0 0 0 0 0 0 0 0 0 0 0 0 0 0 0 1 0 0 0 0 0 0 0 0 0 0 0 0 0 75 7 243411 4 0 0 0 0 0 0 23 0 0 0 8 0 0 0 1 0 0 0 0 0 0 0 0 0 0 0 0 0
49 ACC 0 9 0 0 4 242055 0 28 0 3 0 0 0 28 0 0 0 0 0 0 0 1 0 0 0 0 0 0 0 0 0 0 0 0 0 0 0 13 0 0 0 0 0 0 0 0 0 0 0 0 0 0 0 1 0 0 0 0 0 0 0 0 0 0
50 ACT 0 0 0 25 8 11 0 242205 0 0 0 2 0 0 0 30 0 0 0 0 0 0 0 0 0 0 0 0 0 0 0 0 0 0 0 0 0 0 0 7 0 0 0 0 0 0 0 0 0 0 0 0 0 0 0 1 0 0 0 0 0 0 0 0
51 CTA 0 0 0 0 0 0 0 0 0 0 0 0 22 0 0 0 3 0 0 0 17 0 0 0 0 0 0 0 244691 0 5 2 0 0 0 0 0 0 0 0 0 0 0 0 0 0 0 0 0 0 0 0 0 0 0 0 0 0 0 0 20 0 0 0
52 TTC 0 0 0 0 0 0 0 0 0 0 0 0 0 9 0 0 0 0 0 0 0 0 0 0 0 0 0 0 0 14 0 0 0 0 0 0 0 0 0 0 0 0 0 0 0 0 0 0 1 8 0 0 0 4 0 0 0 2 0 0 13 245743 0 28
53 TGT 0 0 0 0 0 0 0 0 0 0 0 8 0 0 0 0 0 0 0 0 0 0 0 0 0 0 0 60 0 0 0 0 0 0 0 0 0 0 0 0 0 0 0 3 0 0 0 0 0 0 0 68 0 0 0 1 0 24 0 242838 0 0 0 5
54 GCA 2 0 0 0 158 0 0 0 0 0 0 0 0 0 0 0 0 0 0 0 1 0 0 0 0 0 0 0 0 0 0 0 7 0 0 0 243986 0 6 2 1 0 0 0 122 0 0 0 0 0 0 0 3 0 0 0 0 0 0 0 0 0 0 0
55 TCA 1 0 0 0 1 0 0 0 0 0 0 0 0 0 0 0 0 0 0 0 18 0 0 0 0 0 0 0 0 0 0 0 0 0 0 0 1 0 0 0 0 0 0 0 0 0 0 0 1 0 0 0 244512 1 77 7 0 0 0 0 25 0 0 0
56 GAT 0 0 0 42 0 0 0 0 0 0 0 0 0 0 0 1 0 0 0 5 0 0 0 0 0 0 0 0 0 0 0 0 5 8 3 243771 0 0 0 1 0 0 0 5 0 0 0 0 0 0 0 294 0 0 0 0 0 0 0 0 0 0 0 0
57 GCT 0 0 0 0 0 0 0 115 0 0 0 0 0 0 0 0 0 0 0 0 0 0 0 0 0 0 0 0 0 0 0 0 0 0 0 7 0 19 0 239327 0 0 0 0 0 0 0 32 0 0 0 0 0 0 0 3 0 0 0 0 0 0 0 0
58 AAA 244365 1 25 2 0 0 0 0 14 0 0 0 1 0 0 0 3 0 0 0 0 0 0 0 0 0 0 0 0 0 0 0 8 0 0 0 0 0 0 0 0 0 0 0 0 0 0 0 0 0 0 0 0 0 0 0 0 0 0 0 277 0 0 0
59 GCA 0 0 0 0 110 0 0 0 0 0 0 0 0 0 0 0 0 0 0 0 1 0 0 0 0 0 0 0 0 0 0 0 6 0 0 0 240837 0 5 2 0 0 0 0 52 0 0 0 0 0 0 0 6 0 0 0 0 0 0 0 0 0 0 0
60 TAT 0 0 0 4 0 0 0 0 0 0 0 0 0 0 0 0 0 0 0 12 0 0 0 0 0 0 0 0 0 0 0 0 0 0 0 1 0 0 0 0 0 0 0 0 0 0 0 0 5 3 0 243941 0 0 0 270 0 0 0 30 0 0 0 0
61 GAT 0 0 0 42 0 0 0 0 0 0 0 0 0 0 0 0 0 0 0 0 0 0 0 0 0 0 0 0 0 0 0 0 1 5 0 242480 0 0 0 1 0 0 0 12 0 0 0 3 0 0 0 1 0 0 0 0 0 0 0 0 0 0 0 0
62 GCA 0 0 0 0 87 0 0 0 0 0 0 0 0 0 0 0 0 0 0 0 0 0 0 0 0 0 0 0 0 0 0 0 5 0 0 0 242665 2 49 4 3 0 0 0 137 0 0 0 0 0 0 0 5 0 0 0 0 0 0 0 0 0 0 0
63 GAA 83 0 0 0 0 0 0 0 0 0 0 0 0 0 0 0 2 0 0 0 0 0 0 0 0 0 0 0 0 0 0 0 239499 4 8 4 1 0 0 0 6 0 0 0 16 0 0 0 7 0 0 0 0 0 0 0 0 0 0 0 0 0 0 0
64 GTG 2 0 0 0 0 0 0 0 0 0 0 0 0 0 74 0 0 0 0 0 0 0 0 0 0 0 0 0 0 0 2 0 0 0 11 0 0 0 9 0 0 0 2 0 168 1 221537 4 0 0 0 0 0 0 0 0 0 0 0 0 0 0 6 0
65 CAT 0 0 0 20 0 0 0 0 0 0 0 0 0 0 0 0 0 14 0 230828 0 0 0 2 0 0 0 11 0 0 0 8 0 0 0 0 0 0 0 0 0 0 0 0 0 0 0 0 0 0 0 67 0 0 0 0 0 0 0 0 0 0 0 0
66 AAT 9 12 2 239472 0 0 0 2 0 0 0 7 0 0 0 0 0 0 0 0 0 0 0 0 0 0 0 0 0 0 0 0 0 0 0 13 0 0 0 0 0 0 0 0 0 0 0 0 0 0 0 0 0 0 0 0 0 0 0 0 0 0 0 0
67 ATC 0 2 0 1 0 7 0 0 0 0 0 0 11 222786 0 22 0 0 0 0 0 0 0 0 0 0 0 0 0 1 0 0 0 0 0 0 0 0 0 0 0 0 0 0 0 9 0 0 0 1 0 0 0 0 0 0 0 0 0 0 0 1 0 0
68 TGG 0 0 0 0 0 0 0 0 0 0 14 0 0 0 0 0 0 0 0 0 0 0 0 0 0 0 29 0 0 0 0 0 0 0 0 0 0 0 0 0 0 0 2 0 0 0 0 0 0 0 31 0 0 0 1 0 33 0 214311 2 0 0 8 0
69 GCT 0 0 0 0 0 0 0 88 0 0 0 0 0 0 0 0 0 0 0 0 0 0 0 0 0 0 0 0 0 0 0 0 0 0 0 12 4 11 0 160096 0 0 0 1 0 0 0 37 0 0 0 0 0 0 0 3 0 0 0 0 0 0 0 0
70 ACA 2 0 0 0 238565 0 14 2 1 0 0 0 46 0 0 0 0 0 0 0 0 0 0 0 0 0 0 0 0 0 0 0 0 0 0 0 7 0 0 0 0 0 0 0 0 0 0 0 0 0 0 0 0 0 0 0 0 0 0 0 0 0 0 0
71 CAT 0 0 0 9 0 0 0 0 0 0 0 0 0 0 0 0 6 9 1 236586 0 0 0 1 0 0 0 16 0 0 0 1 0 0 0 3 0 0 0 0 0 0 0 0 0 0 0 0 0 0 0 50 0 0 0 0 0 0 0 0 0 0 0 0
72 GCC 0 0 0 0 0 67 0 0 0 0 0 0 0 0 0 0 0 0 0 0 0 1 0 0 0 0 0 0 0 0 0 0 0 9 0 0 23 153819 1 28 0 0 0 0 0 40 0 0 0 0 0 0 0 4 0 0 0 0 0 0 0 0 0 0
73 TGT 0 0 0 0 0 0 0 0 0 0 0 18 0 0 0 0 0 0 0 0 0 0 0 0 0 0 0 92 0 0 0 0 0 0 0 0 0 0 0 0 0 0 0 12 0 0 0 0 0 0 0 74 0 0 0 0 2 20 0 203567 0 0 0 4
74 GTA 0 0 0 0 0 0 0 0 0 0 0 0 74 0 0 0 0 0 0 0 0 0 0 0 0 0 0 0 1 0 0 0 2 0 0 0 9 0 0 0 1 0 0 0 228736 1 14 1 0 0 0 0 0 0 0 0 0 0 0 0 1 0 0 0
75 CCT 0 0 0 0 0 0 0 3 0 0 0 0 0 0 0 0 0 0 0 21 10 52 5 216140 0 0 0 1 0 0 0 25 0 0 0 0 0 0 0 1 0 0 0 0 0 0 0 0 0 0 0 0 0 0 0 61 0 0 0 0 0 0 0 0
76 ACA 2 0 0 0 217826 4 71 3 1 0 0 0 41 0 0 0 0 0 0 0 0 0 0 0 0 0 0 0 0 0 0 0 0 0 0 0 6 0 0 0 0 0 0 0 0 0 0 0 0 0 0 0 0 0 0 0 0 0 0 0 0 0 0 0
77 GAC 0 34 0 0 0 0 0 0 0 0 0 0 0 0 0 0 0 2 0 0 0 0 0 0 0 0 0 0 0 0 0 0 17 189799 3 25 0 1 0 0 0 7 0 0 0 3 0 0 0 4 0 0 0 0 0 0 0 0 0 0 0 1 0 0
78 CCC 0 1 0 0 0 42 0 0 0 0 0 0 0 0 0 0 0 20 0 0 26 127892 4 7 0 0 0 0 0 30 0 0 0 0 0 0 0 0 0 0 0 0 0 0 0 0 0 0 0 0 0 0 0 24 0 0 0 0 0 0 0 0 0 0
79 AAC 4 211379 1 34 0 16 0 0 0 11 0 0 0 2 0 0 0 0 0 0 0 0 0 0 0 0 0 0 0 0 0 0 0 10 0 0 0 0 0 0 0 0 0 0 0 0 0 0 0 4 0 0 0 0 0 0 0 0 0 0 0 0 0 0
80 CCA 0 0 0 0 7 0 0 0 0 0 0 0 0 0 0 0 10 16 0 0 221786 2 4 0 0 0 0 0 7 0 0 0 0 0 0 0 0 0 0 0 0 0 0 0 0 0 0 0 0 0 0 0 14 0 0 0 0 0 0 0 0 0 0 0
81 CAA 6 0 11 0 3 0 0 0 0 0 0 0 0 0 0 0 162995 1 9 2 0 0 0 0 29 0 0 0 1 0 0 0 0 0 0 0 0 0 0 0 0 0 0 0 0 0 0 0 13 0 0 0 0 0 0 0 0 0 0 0 0 0 0 0
82 GAA 15 0 0 0 0 0 0 0 0 0 0 0 0 0 0 0 0 0 0 0 0 0 0 0 0 0 0 0 0 0 0 0 115879 0 2 1 0 0 0 0 2 0 0 0 0 0 0 0 1 0 0 0 0 0 0 0 0 0 0 0 0 0 0 0
83 ATA 5 0 0 0 3 0 0 0 0 0 0 0 110819 0 4 0 0 0 0 0 0 0 0 0 0 0 0 0 0 0 0 0 0 0 0 0 0 0 0 0 0 0 0 0 4 0 0 0 0 0 0 0 0 0 0 0 0 0 0 0 0 0 0 0
84 AAT 8 8 3 137650 0 0 0 1 0 0 0 0 0 0 0 0 0 0 0 0 0 0 0 0 0 0 0 0 0 0 0 0 0 0 0 0 0 0 0 0 0 0 0 0 0 0 0 0 0 0 0 0 0 0 0 0 0 0 0 0 0 0 0 0
85 TTG 0 0 0 0 0 0 0 0 0 0 0 0 0 0 7 0 0 0 0 0 0 0 0 0 0 0 0 0 0 0 5 0 0 0 0 0 0 0 0 0 0 0 0 0 0 0 0 0 0 0 0 0 0 0 4 0 0 0 2 0 8 0 54169 22
86 GAA 53 0 0 0 0 0 0 0 0 0 0 0 2 0 0 0 1 0 0 0 0 0 0 0 0 0 0 0 0 0 0 0 187871 0 10 4 1 0 0 0 64 0 0 0 0 0 0 0 2 0 0 0 0 0 0 0 0 0 0 0 0 0 0 0
87 AAT 10 2 2 168590 0 0 0 0 0 0 0 8 2 0 8 7 0 0 0 0 0 0 0 0 0 0 0 0 1 0 0 0 0 0 0 6 0 0 0 0 0 0 0 0 0 0 0 0 2 0 0 2 0 0 0 0 0 0 0 0 0 0 0 1
88 GTG 0 0 0 1 0 0 0 0 0 0 0 0 0 0 43 2 0 0 1 0 0 0 0 0 0 0 0 0 0 0 1 0 0 0 3 0 0 0 8 0 0 0 1 0 27 0 210524 2 0 0 0 0 0 0 0 0 7 0 2 0 0 0 5 0
89 ACA 6 0 0 0 213185 0 9 0 2 0 0 0 46 0 0 0 4 0 4 0 0 0 0 0 0 0 0 0 0 0 0 0 0 0 0 0 26 0 0 0 0 0 0 0 0 0 0 0 0 0 0 0 0 0 0 0 0 0 0 0 0 0 0 0
90 GAA 54 0 2 1 0 0 0 0 1 0 0 0 0 0 0 0 1 0 0 0 1 0 0 0 0 0 0 0 0 0 0 0 202012 0 13 9 1 0 0 0 9 0 0 0 0 0 0 0 6 0 0 0 0 0 0 0 0 0 0 0 0 0 0 0
91 GAG 0 0 30 0 0 0 0 0 1 0 0 0 0 0 0 0 1 0 0 0 0 0 0 0 0 0 0 0 0 0 0 0 73 3 199943 12 0 0 0 0 0 0 6 0 0 0 1 0 0 0 4 0 0 0 0 0 0 0 0 0 0 0 0 0
92 TTT 0 0 0 1 0 0 0 0 0 0 0 0 0 0 0 7 0 1 0 0 0 0 0 0 0 0 0 0 0 0 0 4 0 0 0 0 0 0 0 0 0 0 0 0 0 0 2 1 1 0 0 21 0 0 0 7 0 0 1 4 11 5 0 172903
93 AAC 13 221576 0 28 2 0 0 0 0 34 0 0 0 2 0 0 0 0 0 0 0 0 0 0 0 0 0 0 0 0 0 0 0 14 0 0 0 0 0 0 0 0 0 0 0 0 0 0 2 5 0 0 0 0 0 0 0 0 0 0 0 0 0 0
94 ATG 0 0 3 0 0 0 6 0 0 0 1 0 52 2 231567 2 0 0 0 2 0 0 0 0 0 0 0 0 0 0 2 0 0 0 0 0 0 0 0 0 0 0 0 0 0 0 18 0 0 0 0 0 0 0 0 0 0 0 0 1 0 0 3 0
95 TGG 0 0 0 0 0 0 0 0 0 0 1 0 0 0 0 0 0 0 0 0 0 0 0 0 0 0 22 0 0 0 0 0 0 0 0 0 0 0 0 0 3 0 4 0 0 0 1 0 0 0 39 0 0 0 0 0 31 0 200120 7 0 0 4 0
96 AAA 242863 0 0 5 0 0 0 0 11 0 0 0 1 0 0 0 0 0 0 0 0 0 0 0 0 0 0 0 0 0 0 0 11 0 0 0 0 0 0 0 0 0 0 0 0 0 0 0 1 0 0 0 0 0 0 0 0 0 0 0 0 0 0 0
97 AAT 3 6 0 242204 0 0 0 0 0 0 0 10 4 0 0 75 0 0 0 0 0 0 0 0 0 0 0 0 0 0 0 0 0 0 0 8 0 0 0 0 0 0 0 0 0 0 0 0 0 0 0 0 0 0 0 0 0 0 0 0 0 0 0 0
98 AAC 11 237079 0 31 0 1 0 0 0 18 0 0 0 4 0 0 0 0 0 0 0 0 0 0 0 0 0 0 0 0 0 0 0 40 0 0 0 0 0 0 0 0 0 0 0 0 0 0 0 0 0 0 0 0 0 0 0 0 0 0 0 0 0 0
99 ATG 0 0 2 0 0 0 0 0 0 0 1 0 44 3 220736 4 0 0 0 0 0 0 0 0 0 0 0 0 0 0 1 0 0 0 0 0 0 0 0 0 0 0 0 0 0 0 30 0 0 0 0 0 0 0 0 0 0 0 0 0 0 0 2 0
100 GTA 0 0 0 0 0 0 0 0 0 0 0 0 95 0 0 0 0 0 0 0 0 0 0 0 0 0 0 0 1 0 0 0 1 0 0 0 14 0 0 0 0 0 0 0 219689 0 20 0 0 0 0 0 0 0 0 0 0 0 0 0 5 0 0 0
101 GAA 74 0 0 0 0 0 0 0 1 0 0 0 0 0 0 0 0 0 0 0 0 0 0 0 0 0 0 0 0 0 0 0 238473 0 18 2 0 0 0 0 6 0 0 0 2 0 0 0 5 0 0 0 0 0 0 0 0 0 0 0 0 0 0 0
102 CAG 0 0 10 0 0 0 0 0 0 0 0 0 0 0 0 0 60 1 243745 7 0 0 5 0 0 0 34 0 0 0 4 0 0 0 1 0 0 0 0 0 0 0 0 0 0 0 0 0 0 0 30 0 0 0 0 0 0 0 0 0 0 0 0 0
103 ATG 2 0 4 0 0 0 10 0 0 0 2 0 91 2 243661 8 0 0 0 0 0 0 0 0 0 0 0 0 0 0 1 0 0 0 0 0 0 0 0 0 0 0 0 0 0 0 6 0 0 0 0 0 0 0 0 0 0 0 0 0 0 0 2 0
104 CAT 0 0 0 18 0 0 0 0 0 0 0 0 0 0 0 0 23 9 0 241988 0 0 0 0 0 0 0 5 0 0 0 5 0 0 0 0 0 0 0 0 0 0 0 0 0 0 0 0 0 0 0 73 0 0 0 0 0 0 0 0 0 0 0 0
105 ACA 24 0 0 0 244550 0 27 5 0 0 1 0 71 0 0 0 1 0 0 0 0 0 0 0 0 0 0 0 0 0 0 0 0 0 0 0 38 0 0 0 0 0 0 0 0 0 0 0 0 0 0 0 2 0 0 0 0 0 0 0 0 0 0 0
106 GAT 0 0 0 32 0 0 0 0 0 0 0 0 0 0 0 0 0 0 0 3 0 0 0 0 0 0 0 0 0 0 0 0 6 12 0 243841 0 0 0 0 0 0 0 8 0 0 0 0 0 0 0 7 0 0 0 0 0 0 0 0 0 0 0 0
107 ATA 1 0 0 0 15 0 0 0 1 0 0 0 244460 0 26 0 0 0 0 0 0 0 0 0 0 0 0 0 1 0 0 0 0 0 0 0 0 0 0 0 0 0 0 0 12 0 0 0 0 0 0 0 0 0 0 0 0 0 0 0 1 0 0 0
108 ATC 0 13 0 0 0 21 0 0 0 3 0 0 24 243289 0 42 0 0 0 0 0 0 0 0 0 0 0 0 0 1 0 0 0 0 0 0 0 0 0 0 0 0 0 0 0 9 0 0 0 0 0 0 0 0 0 0 0 0 0 0 0 5 0 0
109 AGC 0 52 0 0 0 2 0 0 7 242253 0 46 0 3 0 0 0 0 0 0 0 0 0 0 0 2 0 0 0 0 0 0 0 1 0 0 0 0 0 0 0 27 0 0 0 0 0 0 0 0 0 0 0 0 0 0 0 1 0 0 0 0 0 0
110 CTA 0 0 0 0 0 0 0 0 0 0 0 0 18 0 0 0 14 0 0 0 54 0 0 0 1 0 0 0 244952 0 11 3 0 0 0 0 1 0 0 0 0 0 0 0 1 0 0 0 0 0 0 0 0 0 0 0 0 0 0 0 25 0 0 0
111 TGG 0 0 0 0 0 0 0 0 0 0 4 0 0 0 0 0 0 0 0 0 0 0 0 0 0 0 9 0 0 0 0 0 0 0 0 0 0 0 0 0 0 0 2 0 0 0 0 0 1 0 52 0 0 0 2 0 47 1 243530 10 0 0 12 0
112 GAC 0 46 0 0 0 0 0 0 0 0 0 0 0 0 0 0 0 8 0 0 0 0 0 0 0 0 0 0 0 0 0 0 15 244911 1 37 0 2 0 0 0 15 0 0 0 1 0 0 0 3 0 0 0 0 0 0 0 0 0 0 0 0 0 0
113 CAA 11 0 0 0 0 0 0 0 0 0 0 0 0 0 0 0 242798 4 57 8 0 0 0 0 44 0 0 0 5 0 0 0 1 0 0 0 0 0 0 0 0 0 0 0 0 0 0 0 13 0 0 0 0 0 0 0 0 0 0 0 0 0 0 0
114 GGC 0 1 0 0 0 0 0 0 1 77 0 0 0 0 0 0 0 0 0 0 0 0 0 0 0 2 0 0 0 0 0 0 0 67 0 0 0 6 0 0 9 238826 0 16 0 2 0 0 0 0 0 0 0 0 0 0 0 43 0 0 0 0 0 0
115 CTA 0 0 0 0 0 0 0 0 0 0 0 0 15 0 0 0 9 0 0 0 59 0 0 0 0 0 0 0 244673 1 33 0 0 0 0 0 0 0 0 0 0 0 0 0 0 0 0 0 0 0 0 0 0 0 0 0 0 0 0 0 30 0 0 0
116 AAG 65 1 245174 2 0 0 2 0 0 0 9 0 0 0 8 0 0 0 6 0 0 0 0 0 0 0 0 0 0 0 0 0 0 0 16 0 0 0 0 0 0 0 0 0 0 0 0 0 0 0 4 0 0 0 0 0 0 0 0 0 0 0 0 0
117 CCA 0 0 0 0 7 0 0 0 0 0 0 0 0 0 0 0 12 0 0 0 243163 2 8 4 0 0 0 0 12 0 0 0 0 0 0 0 1 0 0 0 0 0 0 0 0 0 0 0 0 0 0 0 46 0 0 0 0 0 0 0 0 0 0 0
118 TGT 0 0 0 0 0 0 0 0 0 0 0 8 0 0 0 1 0 0 0 0 0 0 0 0 0 0 0 28 0 0 0 0 0 0 0 0 0 0 0 0 0 0 0 2 0 0 0 0 0 0 0 61 0 0 0 5 8 16 1 245269 0 0 0 2
119 GTA 0 0 0 0 0 0 0 0 0 0 0 0 75 0 0 0 0 0 0 0 0 0 0 0 0 0 0 0 3 0 0 0 0 0 0 0 17 0 0 0 0 0 0 0 245446 0 22 0 0 0 0 0 0 0 0 0 0 0 0 0 2 0 0 0
120 AAG 58 2 243228 2 0 0 0 0 0 0 18 0 0 0 8 0 0 0 1 0 0 0 0 0 0 0 0 0 0 0 0 0 0 0 8 0 0 0 0 0 0 0 0 0 0 0 0 0 0 0 1 0 0 0 0 0 0 0 0 0 0 0 0 0
121 TTA 0 0 0 0 0 0 0 0 0 0 0 0 6 0 0 0 0 0 0 0 0 0 0 0 0 0 0 0 19 0 0 0 0 0 0 0 0 0 0 0 0 0 0 0 0 0 0 0 3 0 0 0 13 0 0 0 2 0 0 0 244143 0 17 2
122 ACC 0 8 0 0 8 243100 1 20 0 4 0 0 0 43 0 0 0 0 0 0 0 0 0 0 0 0 0 0 0 0 0 0 0 0 0 0 0 13 0 0 0 0 0 0 0 0 0 0 0 0 0 0 0 3 0 0 0 0 0 0 0 0 0 0
123 CCT 0 0 0 0 0 0 0 12 0 0 0 0 0 0 0 0 1 0 0 16 6 41 1 245590 0 0 0 1 0 0 0 24 0 0 0 0 0 0 0 0 0 0 0 0 0 0 0 0 0 0 0 0 0 0 0 20 0 0 0 0 0 0 0 0
124 CTC 0 0 0 0 0 0 0 0 0 0 0 0 0 4 0 0 0 2 0 0 0 21 0 0 0 1 0 0 15 245127 1 26 0 0 0 0 0 0 0 0 0 0 0 0 0 0 0 0 0 0 0 0 0 0 0 0 0 0 0 0 0 10 0 0
125 TGT 0 0 0 0 0 0 0 0 0 0 0 14 0 0 0 0 0 0 0 1 0 0 0 0 0 0 0 51 0 0 0 0 0 0 0 0 0 0 0 0 0 0 0 7 0 0 0 0 0 0 0 47 0 0 0 0 4 44 7 245144 0 0 0 6
126 GTT 0 0 0 0 0 0 0 0 0 0 0 0 0 0 0 53 0 0 0 0 0 0 0 0 0 0 0 0 0 0 0 3 0 0 0 6 0 0 0 30 0 0 0 1 2 10 1 245360 0 0 0 0 0 0 0 0 0 0 0 0 0 0 0 5
127 ACT 0 0 0 6 5 16 1 245699 0 0 0 3 0 0 0 29 0 0 0 0 0 0 0 0 0 0 0 0 0 0 0 0 0 0 0 0 0 0 0 7 0 0 0 0 0 0 0 0 0 0 0 0 0 0 0 2 0 0 0 0 0 0 0 0
128 TTA 0 0 0 0 0 0 0 0 0 0 0 0 19 0 0 0 0 0 0 0 0 0 0 0 0 0 0 0 12 0 0 0 0 0 0 0 0 0 0 0 0 0 0 0 4 0 0 0 3 0 0 0 8 0 0 0 0 0 0 0 245690 3 46 0
129 GAT 0 0 0 58 0 0 0 0 0 0 0 0 0 0 0 0 0 0 0 0 0 0 0 0 0 0 0 0 0 0 0 0 5 13 0 245611 0 0 0 0 0 0 0 9 0 0 0 0 0 0 0 10 0 0 0 0 0 0 0 0 0 0 0 0
130 TGC 0 0 0 0 0 0 0 0 0 15 0 0 0 0 0 0 0 1 0 0 0 0 0 0 0 10 0 0 0 0 0 0 0 0 0 0 0 0 0 0 0 3 0 0 0 0 0 0 0 163 0 0 0 2 0 0 16 245317 1 102 0 3 0 0
131 CAT 0 0 0 11 0 0 0 0 0 0 0 0 0 0 0 0 15 14 1 245665 0 0 0 0 0 0 0 3 0 0 0 0 0 0 0 0 0 0 0 0 0 0 0 0 0 0 0 0 0 0 0 19 0 0 0 0 0 0 0 0 0 0 0 0
132 AAT 15 10 5 245946 0 0 0 0 0 0 0 7 0 0 0 4 0 0 0 1 0 0 0 0 0 0 0 0 0 0 0 0 0 0 0 24 0 0 0 1 0 0 0 0 0 0 0 0 0 0 0 9 0 0 0 0 0 0 0 0 0 0 0 0
133 GTC 0 0 0 0 0 0 0 0 0 0 0 0 0 62 0 0 0 0 0 0 0 0 0 0 0 0 0 0 0 1 0 0 0 1 0 0 0 10 0 0 0 3 0 0 4 245821 0 18 0 0 0 0 0 0 0 0 0 0 0 0 0 0 0 0
134 ACC 0 8 1 0 39 245793 0 33 0 1 0 0 0 32 0 0 0 0 0 0 0 0 0 0 0 0 0 0 0 0 0 0 0 0 0 0 0 10 0 0 0 0 0 0 0 0 0 0 0 0 0 0 0 3 0 0 0 0 0 0 0 0 0 0
135 TAT 0 0 0 9 0 0 0 0 0 0 0 0 0 0 0 0 0 0 0 64 0 0 0 0 0 0 0 0 0 0 0 0 0 0 0 3 0 0 0 0 0 0 0 0 0 0 0 0 5 14 1 245693 0 0 0 0 0 0 0 3 0 0 0 0
136 AAT 27 15 0 245634 1 0 0 3 0 0 0 19 0 0 0 5 0 0 0 4 0 0 0 0 0 0 0 0 0 0 0 0 0 0 0 20 0 0 0 0 0 0 0 0 0 0 0 0 0 0 0 1 0 0 0 0 0 0 0 0 0 0 0 0
137 ATC 1 20 0 0 0 11 0 0 0 0 0 0 40 245360 1 36 0 0 0 0 0 0 0 0 0 0 0 0 0 1 0 0 0 0 0 0 0 0 0 0 0 0 0 0 0 7 0 0 0 0 0 0 0 0 0 0 0 0 0 0 0 5 0 0
138 ACC 1 17 0 0 50 245670 2 33 0 1 0 0 0 29 0 0 0 0 0 0 0 0 0 0 0 0 0 0 0 0 0 0 0 0 0 0 0 21 0 0 0 0 0 0 0 0 0 0 0 0 0 0 0 5 0 0 0 0 0 0 0 0 0 0
139 AGT 0 0 0 53 0 0 0 2 14 15 1 245671 0 0 0 4 0 0 0 0 0 0 0 0 0 0 0 1 0 0 0 0 0 0 0 0 0 0 0 0 0 0 0 15 0 0 0 0 0 0 0 0 0 0 0 0 0 0 0 3 0 0 0 0
140 GAC 0 83 0 0 0 0 0 0 0 0 0 0 0 0 0 0 0 6 0 0 0 0 0 0 0 0 0 0 0 0 0 0 20 236366 1 46 0 1 0 0 0 22 0 0 0 3 0 0 0 7 0 0 0 0 0 0 0 0 0 0 0 0 0 0
141 ATG 0 0 5 0 0 0 9 0 0 0 1 0 36 0 236268 8 0 0 0 0 0 0 0 0 0 0 0 0 0 0 0 0 0 0 0 0 0 0 0 0 0 0 0 0 0 0 33 0 0 0 0 0 0 0 0 0 0 0 0 0 0 0 2 0
142 AAG 57 2 236173 17 0 0 6 0 0 0 39 0 0 0 22 0 0 0 2 0 0 0 0 0 0 0 0 0 0 0 0 0 0 0 29 0 0 0 0 0 0 0 0 0 0 0 0 0 0 0 2 0 0 0 0 0 0 0 0 0 0 0 0 0
143 GAA 64 0 0 0 0 0 0 0 0 0 0 0 1 0 0 0 0 0 0 0 0 0 0 0 0 0 0 0 0 0 0 0 236318 3 23 4 1 0 0 0 18 0 0 0 1 0 0 0 6 0 0 0 0 0 0 0 0 0 0 0 0 0 0 0
144 GAA 58 0 0 0 0 0 0 0 0 0 0 0 0 0 0 0 0 0 0 0 0 0 0 0 0 0 0 0 0 0 0 0 236449 2 7 3 0 0 0 0 6 0 0 0 6 0 0 0 1 0 0 0 0 0 0 0 0 0 0 0 0 0 0 0
145 ATA 1 0 0 0 8 0 0 0 2 0 0 0 236452 0 27 3 0 0 0 0 0 0 0 0 0 0 0 0 1 0 0 0 0 0 0 0 0 0 0 0 0 0 0 0 3 0 0 0 0 0 0 0 0 0 0 0 0 0 0 0 2 0 0 0
146 ACA 6 0 0 0 236463 0 8 6 0 0 0 0 38 0 0 0 0 0 0 0 0 0 0 0 0 0 0 0 0 0 0 0 0 0 0 0 11 0 0 0 0 0 0 0 0 0 0 0 0 0 0 0 0 0 0 0 0 0 0 0 0 0 0 0
147 AAC 13 236346 2 27 0 1 0 0 0 5 0 0 0 1 0 0 0 0 0 0 0 0 0 0 0 0 0 0 0 0 0 0 0 3 0 0 0 0 0 0 0 0 0 0 0 0 0 0 0 1 0 0 0 0 0 0 0 0 0 0 0 0 0 0
148 TGC 0 0 0 0 0 0 0 0 0 4 0 0 0 0 0 0 0 0 0 0 0 0 0 0 0 8 0 0 0 0 0 0 0 0 0 0 0 0 0 0 0 1 0 0 0 0 0 0 0 76 0 0 0 1 0 0 8 235878 0 44 0 6 0 0
149 TCT 0 0 0 0 0 0 0 8 0 0 0 0 0 0 0 0 0 0 0 0 0 0 0 11 0 0 0 0 0 0 0 0 0 0 0 0 0 0 0 0 0 0 0 0 0 0 0 0 0 0 0 7 9 13 0 236389 0 0 0 1 0 0 0 18
150 TAC 0 5 0 0 0 0 0 0 0 0 0 0 0 0 0 0 0 17 0 0 0 0 0 0 0 0 0 0 0 0 0 0 0 7 0 0 0 0 0 0 0 0 0 0 0 0 0 0 12 236243 0 50 0 1 0 0 0 12 0 0 0 0 0 0
151 AAT 33 13 6 236265 0 0 0 3 0 0 0 18 0 0 0 3 0 0 0 5 0 0 0 0 0 0 0 0 0 0 0 0 0 0 0 35 0 0 0 0 0 0 0 0 0 0 0 0 0 0 0 6 0 0 0 0 0 0 0 0 0 0 0 0
152 GTG 0 0 0 0 0 0 0 0 0 0 0 0 0 0 51 0 0 0 0 0 0 0 0 0 0 0 0 0 0 0 1 0 0 0 4 0 0 0 4 0 0 0 0 0 56 0 236187 3 0 0 0 0 0 0 0 0 0 0 0 0 0 0 0 0
153 ACC 0 27 0 0 18 236285 0 22 0 1 0 0 0 28 0 0 0 0 0 0 0 0 0 0 0 0 0 0 0 3 0 0 0 0 0 0 0 19 0 0 0 0 0 0 0 0 0 0 0 0 0 0 0 3 0 0 0 0 0 0 0 0 0 0
154 ACA 9 0 0 0 236100 8 93 4 1 0 0 0 41 0 0 0 0 0 0 0 1 0 0 0 0 0 0 0 0 0 0 0 0 0 0 0 8 0 0 0 0 0 0 0 0 0 0 0 0 0 0 0 5 0 0 0 0 0 0 0 0 0 0 0
155 GTA 0 0 0 0 0 0 0 0 0 0 0 0 84 0 0 0 0 0 0 0 0 0 0 0 0 0 0 0 3 0 0 0 25 0 0 0 13 0 0 0 0 0 0 0 235876 0 10 1 0 0 0 0 0 0 0 0 0 0 0 0 10 0 0 0
156 ATA 6 0 0 0 5 0 0 0 0 0 0 0 235876 2 60 0 1 0 0 0 0 0 0 0 0 0 0 0 2 0 0 0 0 0 0 0 0 0 0 0 0 0 0 0 3 0 0 0 0 0 0 0 0 0 0 0 0 0 0 0 6 0 0 0
157 AGG 1 0 55 0 0 0 0 0 61 2 235784 7 0 0 16 0 0 0 0 0 1 0 0 0 0 0 13 0 0 0 0 0 0 0 0 0 0 0 0 0 0 0 78 0 0 0 0 0 0 0 0 0 0 0 0 0 0 0 8 0 0 0 0 0
158 GAT 1 0 0 48 0 0 0 0 0 0 0 0 0 0 0 0 0 0 0 2 0 0 0 0 0 0 0 0 0 0 0 0 8 10 2 235467 0 0 0 1 0 0 0 3 0 0 0 0 0 0 0 0 0 0 0 0 0 0 0 0 0 0 0 0
159 AAG 43 0 235873 3 0 0 12 0 0 0 63 0 0 0 5 0 0 0 0 0 0 0 0 0 0 0 0 0 0 0 0 0 0 0 64 0 0 0 0 0 0 0 0 0 0 0 0 0 0 0 2 0 0 0 0 0 0 0 0 0 0 0 0 0
160 AAA 236496 0 6 5 0 0 0 0 14 0 0 0 5 0 0 0 0 0 0 0 1 0 0 0 0 0 0 0 0 0 0 0 8 0 0 0 0 0 0 0 0 0 0 0 0 0 0 0 0 0 0 0 0 0 0 0 0 0 0 0 0 0 0 0
161 CAG 0 0 10 0 0 0 0 0 0 0 0 0 0 0 0 0 38 0 235634 1 0 0 1 0 0 0 24 0 0 0 1 0 0 0 0 0 0 0 0 0 0 0 0 0 0 0 0 0 0 0 22 0 0 0 0 0 0 0 0 0 0 0 0 0
162 AAA 236423 1 16 1 2 0 0 0 11 0 0 0 1 0 0 0 0 0 0 0 0 0 0 0 0 0 0 0 0 0 0 0 10 0 0 0 0 0 0 0 0 0 0 0 0 0 0 0 0 0 0 0 0 0 0 0 0 0 0 0 0 0 0 0
163 GTA 0 0 0 0 0 0 0 0 0 0 0 0 114 0 0 0 0 0 0 0 0 0 0 0 0 0 0 0 2 0 0 0 24 0 0 0 4 0 0 0 0 0 0 0 236085 0 11 2 0 0 0 0 0 0 0 0 0 0 0 0 7 0 0 0
164 TCC 0 0 0 0 0 10 0 0 0 0 0 0 0 0 0 0 0 0 0 0 0 9 0 0 0 0 0 0 0 0 0 0 0 0 0 0 0 0 0 0 0 0 0 0 0 0 0 0 0 8 0 0 20 234992 1 22 0 0 0 0 0 22 0 0
165 TCA 0 0 0 0 5 0 0 0 0 0 0 0 0 0 0 0 0 0 0 0 40 0 0 0 0 0 0 0 0 0 0 0 0 0 0 0 0 0 0 0 0 0 0 0 0 0 0 0 8 0 0 0 235641 0 13 2 0 0 0 0 12 0 0 0
166 CTT 0 0 0 0 0 0 0 0 0 0 0 0 0 0 0 1 0 0 0 0 0 0 0 824 0 0 0 4 25 11 3 234877 0 0 0 0 0 0 0 0 0 0 0 0 0 0 0 0 0 0 0 0 0 0 0 0 0 0 0 0 0 0 0 64
167 TTT 0 0 0 0 0 0 0 0 0 0 0 0 0 0 0 17 0 0 0 0 0 0 0 0 0 0 0 0 0 0 0 12 0 0 0 0 0 0 0 0 0 0 0 0 0 0 0 0 0 0 0 5 0 0 0 12 0 0 0 0 8 20 4 234742
168 TAT 0 0 0 5 0 0 0 0 0 0 0 0 0 0 0 0 0 0 0 15 0 0 0 0 0 0 0 0 0 0 0 0 0 0 0 0 0 0 0 0 0 0 0 0 0 0 0 0 5 8 0 236075 0 0 0 1 0 0 0 9 3 0 0 4
169 AAA 235568 0 9 4 0 0 0 0 21 0 0 0 3 0 0 0 0 0 0 0 0 0 0 0 0 0 0 0 0 0 0 0 11 0 0 0 0 0 0 0 0 0 0 0 0 0 0 0 8 0 0 0 0 0 0 0 0 0 0 0 1 0 0 0
170 CTT 0 0 0 0 0 0 0 0 0 0 0 0 0 0 0 32 0 0 0 6 0 0 0 24 0 0 0 1 17 26 3 234773 0 0 0 0 0 0 0 0 0 0 0 0 0 0 0 4 0 0 0 0 0 0 0 0 0 0 0 0 0 0 0 24
171 GAT 0 0 0 34 0 0 0 0 0 0 0 0 0 0 0 2 0 0 0 1 0 0 0 0 0 0 0 0 0 0 0 0 4 5 2 235620 0 0 0 0 0 0 0 13 0 0 0 1 0 0 0 3 0 0 0 0 0 0 0 0 0 0 0 0
172 GTA 0 0 0 0 0 0 0 0 0 0 0 0 97 0 0 0 0 0 0 0 0 0 0 0 0 0 0 0 7 0 0 0 9 0 0 0 12 0 0 3 1 0 0 0 235290 0 32 1 0 0 0 0 0 0 0 0 0 0 0 0 3 0 0 0
173 GTA 0 0 0 0 0 0 0 0 0 0 0 0 108 0 0 0 0 0 0 0 0 0 0 0 0 0 0 0 8 0 0 0 3 0 0 0 37 0 0 0 3 0 0 0 233101 0 27 1 0 0 0 0 0 0 0 0 0 0 0 0 4 0 0 0
174 CAA 11 0 0 0 0 0 0 0 0 0 0 0 0 0 0 0 235098 1 9 5 0 0 0 0 6 0 0 0 6 0 0 0 1 0 0 0 0 0 0 0 0 0 0 0 0 0 0 0 27 0 0 0 0 0 0 0 0 0 0 0 0 0 0 0
175 ATT 0 0 0 2 0 0 0 9 0 0 0 1 3 8 0 231191 0 0 0 0 0 0 0 0 0 0 0 0 0 0 0 0 0 0 0 0 0 0 0 0 0 0 0 0 0 0 0 7 0 0 0 0 0 0 0 0 0 0 0 0 0 0 0 7
176 GGA 0 0 0 0 1 0 0 0 54 0 0 0 1 0 0 0 0 0 0 0 0 0 0 0 1 0 0 0 0 0 0 0 55 0 0 0 0 0 0 0 219291 3 59 14 9 0 0 0 0 0 0 0 0 0 0 0 5 0 0 0 0 0 0 1
177 GGT 0 0 0 1 0 0 0 0 8 0 0 82 0 0 0 0 0 0 0 0 0 0 0 0 0 0 0 1 0 0 0 0 0 0 0 133 0 0 0 2 11 24 0 221209 0 0 0 4 0 0 0 0 0 0 0 0 0 0 0 12 0 0 0 1
178 AAT 22 14 4 234177 0 0 0 0 0 0 0 16 0 0 0 1 0 0 0 0 0 0 0 0 0 0 0 0 0 0 0 0 0 0 0 13 0 0 0 0 0 0 0 0 0 0 0 0 0 0 0 2 0 0 0 0 0 0 0 0 0 0 0 0
179 AAT 15 11 0 233568 1 0 0 1 0 0 0 8 1 0 0 7 0 0 0 2 0 0 0 0 0 0 0 0 0 0 0 0 0 0 0 13 0 0 0 0 0 0 0 0 0 0 0 0 0 0 0 1 0 0 0 0 0 0 0 0 0 0 0 1
180 AGG 3 0 42 4 1 3 3 0 71 3 224505 20 0 0 28 0 0 0 0 0 0 0 0 0 0 0 2 0 0 0 0 0 0 0 0 0 0 0 0 0 0 0 60 0 0 0 0 0 0 0 0 0 0 0 0 0 0 0 1 0 0 0 0 0
181 ACT 0 0 0 20 17 20 1 228745 0 0 1 1 0 0 0 20 0 0 0 0 0 0 0 0 0 0 0 0 0 0 0 0 0 0 0 0 0 0 0 9 0 0 0 0 0 0 0 0 0 0 0 0 0 0 0 1 0 0 0 0 0 0 0 0
182 AAT 17 3 5 234110 0 0 0 3 0 0 0 4 0 0 0 6 0 0 0 0 0 0 0 0 0 0 0 0 0 0 0 0 0 0 0 23 0 0 0 0 0 0 0 0 0 0 0 0 0 0 0 0 0 0 0 0 0 0 0 0 0 0 0 0
183 AGT 0 0 0 66 0 0 0 3 40 13 9 225277 0 0 0 6 0 0 0 0 0 0 0 0 0 0 0 1 0 0 0 0 0 0 0 0 0 0 0 0 1 0 0 13 0 0 0 0 0 0 0 0 0 0 0 0 0 0 0 0 0 0 0 0
184 CAG 2 0 17 0 0 0 0 0 0 0 0 0 0 0 0 0 99 7 225255 8 0 0 2 0 0 0 10 0 2 0 6 0 0 0 0 0 0 0 0 0 0 0 0 0 0 0 0 0 0 0 10 0 0 0 0 0 0 0 0 0 0 0 0 0
185 TAT 0 0 0 4 0 0 0 0 0 0 0 0 0 0 0 0 0 0 0 13 0 0 0 0 0 0 0 0 0 0 0 0 0 0 0 1 0 0 0 0 0 0 0 0 0 0 0 0 8 6 2 218379 0 0 0 0 0 0 0 5 0 0 0 0
186 AGA 32 0 0 0 1 0 0 0 216001 0 8 0 17 0 0 0 0 0 0 0 0 0 0 0 0 0 0 0 0 0 0 0 0 0 0 0 0 0 0 0 24 0 0 0 0 0 0 0 0 0 0 0 0 0 0 0 1 0 0 0 0 0 0 0
187 TTA 0 0 0 0 0 0 0 0 0 0 0 0 30 0 0 0 0 0 0 0 0 0 0 0 0 0 0 0 17 0 0 0 0 0 0 0 0 0 0 0 0 0 0 0 2 0 0 0 8 0 0 0 13 0 0 0 0 0 0 0 217832 1 8 2
188 ATA 11 1 1 0 5 0 0 0 2 0 0 0 230206 0 10 0 0 0 0 0 0 0 0 0 0 0 0 0 0 0 0 0 0 0 0 0 0 0 0 0 0 0 0 0 9 0 0 0 0 0 0 0 0 0 0 0 0 0 0 0 1 0 0 0
189 AAC 27 223615 2 27 1 1 0 3 0 2 0 0 0 1 0 0 0 0 0 0 0 0 0 1 0 0 0 0 0 0 0 0 0 6 0 0 0 0 0 0 0 0 0 0 0 0 0 0 2 2 0 1 0 0 0 0 0 0 0 0 0 0 0 0
190 TGT 0 1 0 0 0 0 0 0 2 0 0 7 0 0 0 0 0 0 0 0 0 0 0 1 0 0 0 17 0 0 0 0 0 0 0 1 0 0 0 0 0 0 0 1 6 0 0 0 2 0 0 72 1 0 0 0 2 25 0 220076 0 0 0 1
191 AAC 4 222091 1 62 9 0 0 0 0 36 0 0 0 2 0 0 0 2 1 0 0 0 0 0 0 0 0 0 0 0 0 0 0 37 0 0 0 0 0 0 0 0 0 0 0 0 0 0 2 0 0 0 0 0 0 0 0 0 0 0 0 0 0 0
192 ACC 0 5 0 0 15 178945 0 14 0 1 0 0 0 18 0 0 0 4 0 0 0 0 0 0 0 0 0 0 0 1 0 0 0 0 0 0 0 6 0 0 0 0 0 0 0 0 0 0 0 0 0 0 0 1 0 0 0 0 0 0 0 0 0 0
193 TCA 0 0 0 0 4 0 0 0 0 0 0 0 0 0 0 0 0 0 0 0 54 0 0 0 0 0 0 0 0 0 0 0 0 0 0 0 0 0 0 0 0 0 0 0 0 0 0 0 0 0 0 0 176998 2 48 6 0 0 0 0 20 0 0 0
194 GCC 0 0 0 0 1 76 0 0 0 0 0 0 0 0 0 0 0 0 0 0 0 0 0 0 0 0 0 0 0 0 0 0 0 13 0 0 5 168251 1 7 0 0 0 0 0 35 0 0 0 0 0 0 0 8 0 0 0 0 0 0 0 0 0 0
195 ATT 0 0 0 1 0 0 0 19 0 0 0 1 2 17 0 190605 0 0 0 0 0 0 0 0 0 0 0 0 0 0 0 1 0 0 0 0 0 0 0 0 0 0 0 0 0 0 0 6 0 0 0 0 0 0 0 0 0 0 0 0 0 0 0 0
196 ACA 2 0 0 0 207739 1 4 2 0 1 0 0 28 0 0 0 0 1 0 0 0 0 0 2 0 0 0 0 0 0 0 0 0 0 0 0 6 0 0 0 0 0 0 0 0 0 0 0 0 4 0 0 3 0 0 0 0 0 0 0 2 0 0 0
197 CAG 0 0 4 0 4 0 0 0 0 0 0 0 0 0 0 0 44 0 204824 8 0 0 5 0 0 0 80 0 0 0 7 0 0 0 1 0 0 0 0 0 0 0 0 0 0 0 0 0 0 0 30 0 2 0 0 0 0 0 0 0 0 0 0 0
198 GCT 0 0 0 0 0 0 0 65 0 0 0 0 0 0 0 0 0 0 0 0 0 0 0 0 0 0 0 0 0 0 0 1 0 0 0 9 2 23 1 203153 0 0 0 1 0 0 0 45 0 0 0 0 0 0 0 7 0 0 0 0 0 0 0 0
199 TGT 0 0 0 1 0 0 0 0 0 0 0 2 0 0 0 0 0 0 0 0 0 0 0 0 0 0 0 19 0 0 0 0 0 0 0 0 0 0 0 0 0 0 0 1 0 1 0 0 0 0 0 52 0 0 0 6 2 39 0 222024 0 0 1 5
200 CCA 0 0 0 0 6 0 0 0 0 0 0 0 0 0 0 0 10 0 0 0 219402 0 8 0 0 0 0 0 5 0 0 0 0 0 0 0 0 0 0 0 0 0 0 0 0 0 0 0 0 0 0 0 12 1 0 0 0 0 0 0 0 0 0 0
201 AAG 54 0 221240 6 0 0 4 0 0 0 19 0 0 0 3 0 0 0 1 0 1 0 0 0 0 0 0 0 0 0 0 0 0 0 12 0 0 0 0 0 0 0 0 0 0 0 0 0 0 0 3 0 0 0 0 0 0 0 0 0 0 0 0 0
202 GTA 0 0 0 0 0 0 0 0 0 0 0 0 107 0 0 1 0 0 0 0 0 0 0 0 0 0 0 0 9 0 0 0 1 0 0 0 21 0 0 0 0 0 0 1 230197 0 19 2 0 0 0 0 0 0 0 0 0 0 0 0 8 0 0 0
203 ACC 0 9 0 0 18 217622 1 30 0 0 0 0 0 35 0 0 0 0 0 0 0 0 0 0 0 0 0 0 0 0 0 0 0 0 0 0 0 10 0 0 0 0 0 0 0 0 0 0 0 0 0 0 0 8 0 0 0 0 0 0 0 0 0 0
204 TTT 0 0 0 0 0 0 0 0 0 0 0 0 0 0 0 6 0 0 0 0 0 0 0 0 0 0 0 0 0 0 0 32 0 0 0 0 0 0 0 0 0 0 0 0 0 0 0 5 0 1 0 3 0 0 0 16 0 0 0 2 1 21 2 228177
205 GAG 0 0 33 0 0 0 0 0 0 0 0 0 0 0 0 0 0 0 0 0 0 0 0 0 0 0 0 0 0 0 0 0 76 2 223142 6 0 0 0 0 0 0 30 0 0 0 3 0 0 0 2 0 0 0 0 0 0 0 1 0 0 0 0 0
206 CCA 0 0 0 0 16 0 0 0 0 0 0 0 0 0 0 0 7 0 0 0 209332 1 5 2 0 0 0 0 21 0 0 0 0 0 0 0 1 0 0 0 0 0 0 0 0 0 0 0 0 0 0 0 138 0 0 0 0 0 0 0 0 0 0 0
207 ATT 1 3 19 20 1 0 0 10 1 0 1 7 17 19 3 222845 0 0 0 0 0 0 0 0 0 0 0 0 0 0 0 3 0 0 0 0 0 0 0 0 0 0 0 0 0 0 0 5 0 0 0 0 0 0 0 0 0 0 0 0 0 0 0 8
208 CCC 0 0 0 0 0 17 0 0 0 0 0 0 0 0 0 0 0 17 0 1 14 216624 0 25 0 0 0 0 0 18 0 0 0 0 0 0 0 1 0 0 0 0 0 0 0 0 0 0 0 0 0 0 0 22 0 0 0 0 0 0 0 0 0 0
209 ATA 5 0 5 0 20 0 0 0 10 0 0 0 232003 0 19 0 0 0 0 0 0 0 0 0 0 0 0 0 0 0 0 0 0 0 0 0 0 0 0 0 0 0 0 0 6 0 0 0 0 0 0 0 0 0 0 0 0 0 0 0 1 0 0 0
210 CAT 0 0 0 5 0 0 0 0 0 0 0 0 0 0 0 0 28 11 7 230537 0 0 0 3 0 0 0 3 0 0 0 1 0 0 0 0 0 0 0 0 0 0 0 0 0 0 0 0 0 1 0 38 0 0 0 0 0 0 0 0 0 0 0 0
211 TAT 0 0 0 3 0 0 0 0 0 0 0 1 0 0 0 0 0 0 0 13 0 0 0 0 0 0 0 0 0 0 0 0 0 0 0 5 0 0 0 0 0 0 0 0 0 0 0 0 7 9 1 230257 0 0 0 0 0 0 0 10 0 0 0 3
212 TGT 0 0 0 1 0 0 0 0 0 0 0 10 0 0 0 0 0 0 0 0 0 0 0 0 0 0 0 8 0 0 0 0 0 0 0 0 0 0 0 0 0 0 0 4 0 0 0 0 0 0 0 57 0 0 0 4 9 17 1 231509 0 0 0 5
213 GCC 0 0 0 0 0 113 0 0 0 0 0 0 0 0 0 0 0 0 0 0 0 4 0 0 0 0 0 0 0 0 0 0 0 6 0 0 13 231068 2 19 0 0 0 0 0 53 0 0 0 0 0 0 0 12 0 0 0 0 0 0 0 0 0 0
214 CCA 0 0 0 0 10 0 0 0 0 0 0 0 0 0 0 0 3 0 0 0 232379 0 6 4 0 0 0 0 16 0 0 0 0 0 0 0 1 0 0 0 0 0 0 0 0 0 0 0 0 0 0 0 12 0 0 0 0 0 0 0 0 0 0 0
215 GCT 0 0 0 0 0 0 0 109 0 0 0 0 0 0 0 1 0 0 0 0 0 0 0 1 0 0 0 0 0 0 0 0 0 0 0 13 5 33 3 233492 0 0 0 0 0 0 0 40 0 0 0 0 0 0 0 5 0 0 0 0 0 0 0 0
216 GGT 0 0 0 0 0 0 0 0 0 0 0 40 0 0 0 0 0 0 0 0 0 0 0 0 0 0 0 0 0 0 0 0 0 0 0 45 0 0 0 0 4 17 6 234638 0 0 0 4 0 0 0 0 0 0 0 0 0 0 0 3 0 0 0 0
217 TTT 0 0 0 0 0 0 0 0 0 0 0 0 0 0 0 0 0 0 0 0 0 0 0 0 0 0 0 0 0 0 0 13 0 0 0 0 0 0 0 0 0 0 0 0 0 0 0 2 0 0 0 0 0 0 0 8 0 0 0 0 0 34 1 232321
218 GCG 0 0 0 0 0 0 57 0 0 0 0 0 0 0 0 0 0 0 0 0 0 0 1 0 0 0 0 0 0 0 0 0 0 0 2 0 51 0 233510 2 0 0 0 0 0 0 194 0 0 0 0 0 0 0 5 0 0 0 0 0 0 0 0 0
219 ATT 0 0 0 3 0 0 0 10 0 0 0 0 1 14 0 234083 0 0 0 0 0 0 0 0 0 0 0 0 0 0 0 0 0 0 0 0 0 0 0 0 0 0 0 0 0 0 0 3 0 0 0 0 0 0 0 0 0 0 0 0 0 0 0 2
220 CTA 0 0 0 0 0 0 0 0 0 0 0 0 9 0 0 0 1 0 0 0 24 0 0 0 1 0 0 0 234065 0 24 0 0 0 0 0 0 0 0 0 0 0 0 0 0 0 0 0 0 0 0 0 0 0 0 0 0 0 0 0 13 0 0 0
221 AAG 89 2 235662 7 0 0 1 0 0 0 24 0 0 0 3 0 0 0 0 0 0 0 0 0 0 0 0 0 0 0 0 0 0 0 6 0 0 0 0 0 0 0 0 0 0 0 0 0 0 0 10 0 0 0 0 0 0 0 0 0 0 0 0 0
222 TGT 0 0 0 2 0 0 0 1 0 0 0 17 0 0 0 0 0 0 0 0 0 0 0 0 0 0 0 10 0 0 0 0 0 0 0 0 0 0 0 0 0 0 0 1 0 0 0 0 0 0 0 79 0 0 0 1 9 17 3 235351 0 0 0 3
223 AAG 77 3 235739 13 0 0 19 0 0 0 94 0 0 0 18 0 0 0 0 0 0 0 0 0 0 0 0 0 0 0 0 0 0 0 36 0 0 0 0 0 0 0 0 0 0 0 0 0 0 0 1 0 0 0 0 0 0 0 0 0 0 0 0 0
224 GAT 0 0 0 52 0 0 0 0 0 0 0 0 0 0 0 0 0 0 0 0 0 0 0 0 0 0 0 0 0 0 0 0 7 15 7 236071 0 0 0 0 0 0 0 4 0 0 0 0 0 0 0 1 0 0 0 0 0 0 0 0 0 0 0 0
225 GAG 0 0 35 0 0 0 0 0 0 0 0 0 0 0 0 0 0 0 0 0 0 0 0 0 0 0 0 0 0 0 0 0 57 1 236080 11 0 0 2 0 0 0 40 0 0 0 6 0 0 0 1 0 0 0 0 0 0 0 0 0 0 0 0 0
226 AAG 53 1 235844 8 0 0 1 0 0 0 16 0 0 0 4 0 0 0 1 0 0 0 0 0 0 0 0 0 0 0 0 0 0 0 10 0 0 0 0 0 0 0 0 0 0 0 0 0 0 0 1 0 0 0 0 0 0 0 0 0 0 0 0 0
227 TTC 0 0 0 0 0 0 0 0 0 0 0 0 0 1 0 0 0 0 0 0 0 0 0 0 0 0 0 0 0 12 0 0 0 0 0 0 0 0 0 0 0 0 0 0 0 1 0 0 1 28 0 0 0 14 0 0 0 1 0 0 12 235486 0 22
228 AAT 13 10 1 235655 0 0 0 0 0 0 0 60 0 0 0 8 0 0 0 1 0 0 0 0 0 0 0 0 0 0 0 0 0 0 0 58 0 0 0 0 0 0 0 0 0 0 0 0 0 0 0 4 0 0 0 0 0 0 0 0 0 0 0 0
229 GGA 0 0 0 0 0 0 0 0 50 0 0 0 0 0 0 0 0 0 0 0 0 0 0 0 0 0 0 0 0 0 0 0 43 0 0 0 0 0 0 0 234602 0 7 0 5 0 0 0 1 0 0 0 0 0 0 0 11 0 0 0 0 0 0 0
230 ACA 12 0 0 0 236004 9 100 6 1 0 0 0 39 0 0 0 0 0 0 0 0 0 0 0 0 0 0 0 0 0 0 0 0 0 0 0 14 0 0 0 0 0 0 0 0 0 0 0 0 0 0 0 1 0 0 0 0 0 0 0 0 0 0 0
231 GGG 0 0 0 0 0 0 0 0 0 0 29 0 0 0 0 0 0 0 0 0 0 0 0 0 0 0 0 0 0 0 0 0 0 0 55 0 0 0 0 0 91 7 235040 5 0 0 5 0 0 0 0 0 0 0 0 0 0 0 23 0 0 0 0 0
232 CTA 0 0 0 0 0 0 0 0 0 0 0 0 11 0 0 0 3 0 0 0 15 0 0 0 0 0 0 0 235964 0 8 4 0 0 0 0 0 0 0 0 0 0 0 0 1 0 0 0 0 0 0 0 0 0 0 0 0 0 0 0 23 0 0 0
233 TGT 0 0 0 0 0 0 0 0 0 0 0 3 0 0 0 0 0 0 0 0 0 0 0 0 0 0 0 26 0 0 0 0 0 0 0 0 0 0 0 0 0 0 0 0 0 0 0 0 0 0 0 57 0 0 0 3 3 24 0 236178 0 0 0 1
234 AAA 236038 1 10 0 0 0 0 0 12 0 1 0 2 0 0 0 0 0 0 0 0 0 0 0 0 0 0 0 0 0 0 0 12 0 0 0 0 0 0 0 0 0 0 0 0 0 0 0 1 0 0 0 0 0 0 0 0 0 0 0 0 0 0 0
235 AAT 6 11 2 235718 0 0 0 1 0 0 0 3 0 0 0 37 0 0 0 1 0 0 0 0 0 0 0 0 0 0 0 0 0 0 0 12 0 0 0 0 0 0 0 0 0 0 0 0 0 0 0 2 0 0 0 0 0 0 0 0 0 0 0 0
236 GTC 0 0 0 0 0 0 0 0 0 0 0 0 0 72 0 0 0 0 0 0 0 0 0 0 0 0 0 0 0 2 0 0 0 5 0 0 0 11 0 0 0 0 0 0 1 235874 0 61 0 0 0 0 0 0 0 0 0 0 0 0 0 6 0 0
237 AGC 0 119 0 0 0 0 0 0 7 235601 3 78 0 3 0 0 0 0 0 0 0 0 0 0 0 0 0 0 0 0 0 0 0 1 0 0 0 0 0 0 0 48 0 0 0 0 0 0 0 0 0 0 0 0 0 0 0 4 0 0 0 0 0 0
238 ACA 8 0 0 0 236135 3 46 2 1 0 0 0 21 0 0 0 0 0 0 0 0 0 0 0 0 0 0 0 0 0 0 0 0 0 0 0 5 0 0 0 0 0 0 0 0 0 0 0 0 0 0 0 3 0 0 0 0 0 0 0 0 0 0 0
239 GTA 0 0 0 0 0 0 0 0 0 0 0 0 131 0 0 0 0 0 0 0 0 0 0 0 0 0 0 0 4 0 0 0 5 0 0 0 33 0 0 0 0 0 0 0 236014 0 22 1 0 0 0 0 0 0 0 0 0 0 0 0 11 0 0 0
240 CAA 13 0 0 0 0 0 0 0 0 0 0 0 0 0 0 0 235901 3 38 11 2 0 0 0 12 0 0 0 11 0 0 0 0 0 0 0 0 0 0 0 0 0 0 0 0 0 0 0 43 0 0 0 0 0 0 0 0 0 0 0 0 0 0 0
241 TGC 0 2 0 0 0 0 0 0 0 9 0 0 0 0 0 0 0 0 0 0 0 0 0 0 0 3 0 0 0 0 0 0 0 0 0 0 0 0 0 0 0 6 0 0 0 0 0 0 0 168 0 0 0 5 0 0 8 236157 1 53 0 5 0 0
242 ACA 21 0 0 0 236162 2 9 7 3 0 0 0 60 0 0 0 0 0 0 0 1 0 0 0 0 0 0 0 0 0 0 0 0 0 0 0 7 0 0 0 0 0 0 0 0 0 0 0 0 0 0 0 6 0 0 0 0 0 0 0 0 0 0 0
243 CAT 0 0 0 7 0 0 0 0 0 0 0 0 0 0 0 1 4 23 1 235421 1 0 0 0 0 0 0 9 0 0 0 7 0 0 0 1 0 0 0 0 0 0 0 0 0 0 0 0 0 0 0 21 0 0 0 0 0 0 0 0 0 0 0 0
244 GGA 0 0 0 0 0 0 0 0 45 0 0 0 0 0 0 0 0 0 0 0 0 0 0 0 0 0 0 0 0 0 0 0 40 0 0 0 0 0 0 0 236343 0 13 2 6 0 0 0 0 0 0 0 0 0 0 0 9 0 0 0 0 0 0 0
245 ATC 0 3 0 0 0 10 0 0 0 1 0 0 15 236295 1 37 0 0 0 0 0 0 0 0 0 0 0 0 0 3 0 0 0 0 0 0 0 0 0 0 0 0 0 0 0 8 0 0 0 0 0 0 0 0 0 0 0 0 0 0 0 2 0 0
246 AAG 70 1 236235 2 0 0 1 0 0 0 17 0 0 0 3 0 0 0 0 0 0 0 0 0 0 0 0 0 0 0 0 0 0 0 59 0 0 0 0 0 0 0 0 0 0 0 0 0 0 0 4 0 0 0 0 0 0 0 0 0 0 0 0 0
247 CCA 0 0 0 0 9 0 0 0 0 0 0 0 0 0 0 0 6 0 0 0 236240 0 13 1 0 0 0 0 19 0 0 0 0 0 0 0 0 0 0 0 0 0 0 0 0 0 0 0 0 0 0 0 47 0 0 0 0 0 0 0 0 0 0 0
248 GTA 0 0 0 0 0 0 0 0 0 0 0 0 94 0 0 0 0 0 0 0 0 0 0 0 0 0 0 0 6 0 0 0 13 0 0 0 16 0 0 2 1 0 0 0 236317 2 29 3 0 0 0 0 0 0 0 0 0 0 0 0 10 0 0 0
249 GTA 1 0 0 0 0 0 0 0 1 0 0 0 186 0 0 0 0 0 0 0 0 0 0 0 0 0 0 0 9 0 0 0 12 0 0 0 35 0 0 0 1 0 0 0 236257 1 9 3 0 0 0 0 0 0 0 0 0 0 0 0 6 0 0 0
250 TCA 0 0 0 0 3 0 0 0 0 0 0 0 0 0 0 0 0 0 0 0 16 0 0 0 0 0 0 0 0 0 0 0 0 0 0 0 1 0 0 0 0 0 0 0 0 0 0 0 6 0 0 0 236189 0 14 5 0 0 0 0 26 0 0 0
251 ACT 0 0 0 4 14 27 3 235594 0 0 0 3 0 0 0 18 0 0 0 0 1 0 0 0 0 0 0 0 0 0 0 0 0 0 0 0 0 0 0 5 0 0 0 0 0 0 0 0 0 0 0 0 0 0 0 0 0 0 0 0 0 0 0 0
252 CAA 8 0 0 0 0 0 0 0 0 0 0 0 0 0 0 0 500084 2 7 5 0 0 0 0 59 0 0 0 1 0 0 0 0 0 0 0 0 0 0 0 0 0 0 0 0 0 0 0 32 0 0 0 0 0 0 0 0 0 0 0 0 0 0 0
253 CTG 0 0 0 0 0 0 0 0 0 0 0 0 1 0 14 0 0 0 4 0 0 0 26 0 0 0 4 0 200 1 500246 7 0 0 0 0 0 0 0 0 0 0 0 0 0 0 4 0 0 0 0 0 0 0 0 0 0 0 0 0 0 0 75 0
254 CTG 0 0 0 0 0 0 0 0 0 0 0 0 0 0 21 0 0 0 10 0 0 0 69 0 0 0 13 0 116 3 499484 2 0 0 0 0 0 0 0 0 0 0 0 0 0 0 3 0 0 0 0 0 0 0 0 0 0 0 0 0 0 0 96 0
255 TTA 0 0 0 0 0 0 0 0 0 0 0 0 10 0 0 1 0 0 0 0 0 0 0 0 0 0 0 0 37 0 0 0 0 0 0 0 0 0 0 0 0 0 0 0 6 0 0 0 2 0 0 0 34 0 0 0 1 0 0 0 499701 0 24 2
256 AAT 30 20 0 500478 0 0 0 0 0 0 0 16 0 0 0 30 0 0 0 3 0 0 0 0 0 0 0 0 0 0 0 0 0 0 0 9 0 0 0 0 0 0 0 0 0 0 0 1 0 0 0 1 0 0 0 0 0 0 0 0 0 0 0 0
257 GGC 0 0 0 0 0 0 0 0 0 76 0 0 0 0 0 0 0 0 0 0 0 0 0 0 0 4 0 0 0 0 0 0 0 389 0 0 0 2 0 0 11 498855 1 328 0 13 0 0 0 0 0 0 0 0 0 0 0 16 0 0 0 0 0 0
258 AGT 0 0 0 104 0 0 0 2 2 35 1 499448 0 0 0 8 0 0 0 0 0 0 0 0 0 0 0 0 0 0 0 0 0 0 0 0 0 0 0 0 0 0 0 38 0 0 0 0 0 0 0 0 0 0 0 0 0 0 0 5 0 0 0 0
259 CTA 0 0 0 0 0 0 0 0 0 0 0 0 85 0 0 0 9 0 1 0 33 0 0 0 2 0 0 0 499515 0 59 4 0 0 0 0 0 0 0 0 0 0 0 0 8 0 0 0 0 0 0 0 0 0 0 0 0 0 0 0 64 0 0 0
260 GCA 0 0 0 1 195 0 0 0 0 0 0 0 0 0 0 0 0 0 0 0 4 0 0 0 0 0 0 0 0 0 0 0 19 0 0 0 498822 0 78 1 0 0 0 0 165 0 0 0 0 0 0 0 18 0 0 0 0 0 0 0 0 0 0 0
261 GAA 119 0 0 0 0 0 0 0 0 0 0 0 0 0 0 0 7 0 0 0 0 0 0 0 0 0 0 0 0 0 0 0 499301 5 39 4 4 0 0 0 19 0 0 0 6 0 0 0 5 0 0 0 0 0 0 0 0 0 0 0 0 0 0 0
262 GGA 1 0 0 0 0 0 0 0 90 0 0 0 0 0 0 0 0 0 0 0 0 0 0 0 2 0 0 0 0 0 0 0 69 0 0 0 2 0 0 0 499762 0 70 6 8 0 0 0 0 0 0 0 0 0 0 0 8 0 0 0 0 0 0 0
263 GAG 2 0 88 0 0 0 0 0 0 0 0 0 0 0 0 0 0 0 1 0 0 0 0 0 0 0 0 0 0 0 0 0 111 0 499111 21 0 0 3 0 0 0 77 0 0 0 6 0 0 0 6 0 0 0 0 0 0 0 0 0 0 0 0 0
264 GTA 0 0 0 0 0 0 0 0 0 0 0 0 155 0 0 0 0 0 0 0 0 0 0 0 0 0 0 0 1 0 0 0 6 0 0 0 35 0 0 0 0 0 0 0 500187 0 67 3 0 0 0 0 0 0 0 0 0 0 0 0 7 0 0 0
265 AGA 167 0 0 0 8 0 0 0 500073 0 11 9 19 0 1 0 0 0 0 0 1 0 0 0 2 0 0 0 0 0 0 0 0 0 0 0 0 0 0 0 25 0 0 0 0 0 0 0 0 0 0 0 1 0 0 0 4 0 0 0 0 0 0 0
266 ATT 0 0 0 5 0 0 0 28 0 0 0 1 16 20 0 500720 0 0 0 0 0 0 0 0 0 0 0 0 0 0 0 2 0 0 0 0 0 0 0 0 0 0 0 0 0 0 0 5 0 0 0 0 0 0 0 0 0 0 0 0 0 0 0 3
267 AGA 75 0 0 0 2 0 0 0 500043 0 10 0 16 0 0 0 0 0 0 0 0 0 0 0 2 0 0 0 0 0 0 0 0 0 0 0 0 0 0 0 102 0 0 0 0 0 0 0 0 0 0 0 0 0 0 0 2 0 0 0 0 0 0 0
268 TCT 0 0 0 0 0 0 0 18 0 0 0 0 0 0 0 0 0 0 0 0 0 0 0 26 0 0 0 0 0 0 0 0 0 0 0 0 0 0 0 5 0 0 0 0 0 0 0 0 0 0 0 13 41 185 10 498859 0 0 0 0 0 0 0 34
269 GAA 127 0 0 0 0 0 0 0 0 0 0 0 0 0 0 0 1 0 0 0 0 0 0 0 0 0 0 0 0 0 0 0 498501 1 14 17 0 0 0 0 24 0 0 0 3 0 0 0 4 0 0 0 0 0 0 0 0 0 0 0 0 0 0 0
270 AAT 41 29 4 499791 0 0 0 4 0 0 0 9 0 0 0 5 0 0 0 9 0 0 0 0 0 0 0 0 0 0 0 0 0 0 0 13 0 0 0 0 0 0 0 0 0 0 0 0 0 0 0 6 0 0 0 0 0 0 0 0 0 0 0 0
271 ATC 0 10 0 0 0 31 0 0 0 1 0 0 14 498333 0 59 0 0 0 0 0 0 0 0 0 0 0 0 0 7 0 0 0 0 0 0 0 0 0 0 0 0 0 0 0 29 0 0 0 0 0 0 0 0 0 0 0 0 0 0 0 2 0 0
272 ACA 27 0 0 0 499211 3 22 13 0 0 0 0 64 0 0 0 0 0 0 0 0 0 0 0 0 0 0 0 0 0 0 0 0 0 0 0 47 0 0 0 0 0 0 0 0 0 0 0 0 0 0 0 3 0 0 0 0 0 0 0 0 0 0 0
273 AAC 29 499645 1 79 0 1 0 0 0 17 0 0 0 1 0 0 0 1 0 0 0 0 0 0 0 0 0 0 0 0 0 0 0 11 0 0 0 0 0 0 0 0 0 0 0 0 0 0 0 7 0 0 0 0 0 0 0 0 0 0 0 0 0 0
274 AAT 9 16 4 497415 0 0 0 6 0 0 0 13 0 0 0 7 0 0 0 1 0 0 0 0 0 0 0 0 0 0 0 0 0 0 0 20 0 0 0 0 0 0 0 0 0 0 0 0 0 0 0 5 0 0 0 0 0 0 0 0 0 0 0 0
275 GCC 0 0 0 0 0 348 0 0 0 0 0 0 0 0 0 0 0 0 0 0 0 8 0 0 0 0 0 0 0 0 0 0 0 15 0 0 8 493638 1 41 0 0 0 0 0 142 0 0 0 0 0 0 0 8 0 0 0 0 0 0 0 0 0 0
276 AAA 500218 3 13 5 0 0 0 0 16 0 0 0 4 0 0 0 37 0 0 0 0 0 0 0 0 0 0 0 0 0 0 0 18 0 0 0 0 0 0 0 0 0 0 0 0 0 0 0 5 0 0 0 0 0 0 0 0 0 0 0 0 0 0 0
277 AAC 23 498962 0 66 0 2 0 0 0 17 0 0 0 9 0 0 0 0 0 0 0 0 0 0 0 0 0 0 0 0 0 0 0 11 0 0 0 0 0 0 0 0 0 0 0 0 0 0 0 2 0 0 0 0 0 0 0 0 0 0 0 0 0 0
278 ATA 14 0 0 0 33 0 0 0 2 0 0 0 499506 0 63 5 0 0 0 0 0 0 0 0 0 0 0 0 3 0 0 0 0 0 0 0 0 0 0 0 0 0 0 0 11 0 0 0 0 0 0 0 0 0 0 0 0 0 0 0 1 0 0 0
279 ATA 12 0 0 0 11 0 0 0 1 0 0 0 500315 0 46 7 0 0 0 0 0 0 0 0 0 0 0 0 3 0 0 0 0 0 0 0 0 0 0 0 0 0 0 0 21 0 1 0 0 0 0 0 0 0 0 0 0 0 0 0 4 0 0 0
280 GTA 0 0 0 0 0 0 0 0 0 0 0 0 229 0 0 0 0 0 0 0 0 0 0 0 0 0 0 0 5 0 0 0 12 0 0 0 87 0 0 0 1 0 0 0 495776 0 88 1 0 0 0 0 0 0 0 0 0 0 0 0 19 0 0 0
281 CAA 8 0 0 0 0 0 0 0 0 0 0 0 0 0 0 0 498237 0 31 2 0 0 0 0 20 0 0 0 2 0 0 0 4 0 0 0 0 0 0 0 0 0 0 0 0 0 0 0 73 0 0 0 0 0 0 0 0 0 0 0 0 0 0 0
282 CTT 0 0 0 1 0 0 0 0 0 0 0 0 0 0 0 22 0 0 0 18 0 0 0 20 0 0 0 3 54 48 0 495386 0 0 0 0 0 0 0 0 0 0 0 0 0 0 0 2 0 0 0 0 0 0 0 0 0 0 0 0 0 0 0 66
283 GCC 0 4 0 0 0 290 0 0 0 0 0 0 0 0 0 0 0 0 0 0 0 3 0 0 0 0 0 0 0 0 0 0 0 55 0 0 57 490295 4 150 0 6 0 0 0 278 0 0 0 0 0 0 0 11 0 0 0 0 0 0 0 0 0 0
284 AGC 0 124 0 0 0 1 0 0 16 487558 1 109 0 10 0 0 0 0 0 0 0 0 0 0 0 2 0 0 0 0 0 0 0 0 0 0 0 0 0 0 0 52 0 0 0 0 0 0 0 0 0 0 0 0 0 0 0 4 0 0 0 0 0 0
285 CCT 0 0 0 0 0 0 0 30 0 0 0 0 0 0 0 0 0 0 0 43 17 206 30 492646 0 0 0 3 0 0 0 31 0 0 0 0 0 0 0 2 0 0 0 0 0 0 0 0 0 0 0 0 0 0 0 43 0 0 0 0 0 0 0 0
286 GTA 0 0 0 0 0 0 0 0 0 0 0 0 249 0 0 0 0 0 0 0 0 0 0 0 0 0 0 0 3 0 0 0 2 0 0 0 45 0 0 0 5 0 0 0 485399 1 22 0 0 0 0 0 0 0 0 0 0 0 0 0 9 0 0 1
287 ACA 26 0 0 0 494359 2 10 7 1 0 0 0 63 0 0 0 0 0 0 0 0 0 0 0 0 0 0 0 0 0 0 0 0 0 0 0 15 0 0 0 0 0 0 0 0 0 0 0 0 0 0 0 6 0 0 0 0 0 0 0 0 0 0 0
288 ATT 3 0 0 22 0 0 0 22 0 0 0 2 45 24 9 494053 0 0 0 0 0 0 0 0 0 0 0 0 0 0 0 0 0 0 0 0 0 0 0 0 0 0 0 0 0 0 0 8 0 0 0 0 0 0 0 0 0 0 0 0 0 0 0 3
289 AAT 11 17 0 499218 0 0 0 0 1 0 0 13 0 0 0 20 0 0 0 2 0 0 0 0 0 0 0 0 0 0 0 0 0 0 0 19 0 0 0 0 0 0 0 0 0 0 0 0 0 0 0 13 0 0 0 0 0 0 0 0 0 0 0 0
290 TGT 0 0 0 3 0 0 0 0 0 0 0 12 0 0 0 0 0 0 0 1 0 0 0 0 0 0 0 16 0 0 0 0 0 0 0 0 0 0 0 0 0 0 0 2 0 0 0 0 0 1 0 114 0 1 0 9 7 42 1 437206 0 0 0 8
291 ATC 1 18 0 0 0 23 0 0 0 4 0 0 12 488944 0 90 0 1 0 0 0 0 0 0 0 0 0 0 0 1 0 0 0 0 0 0 0 0 0 0 0 0 0 0 0 31 0 0 0 0 0 0 0 0 0 0 0 0 0 0 0 8 0 0
292 AGA 74 0 0 0 3 0 0 0 466456 2 7 8 12 0 0 0 0 0 0 0 0 0 0 0 8 0 0 0 0 0 0 0 0 0 0 0 0 0 0 0 177 0 0 0 0 0 0 0 0 0 0 0 0 0 0 0 16 0 0 0 0 0 0 0
293 CCT 0 0 0 0 0 0 0 19 0 0 0 0 0 0 0 0 1 0 0 26 36 81 2 469033 0 0 0 2 0 0 0 37 0 0 0 0 0 0 0 5 0 0 0 0 0 0 0 0 0 0 0 0 0 0 0 46 0 0 0 0 0 0 0 0
294 AAC 17 490997 3 60 1 7 0 0 0 15 0 0 0 15 0 0 0 1 0 0 0 0 0 0 0 0 0 0 0 0 0 0 0 14 0 0 0 0 0 0 0 0 0 0 0 0 0 0 0 4 0 0 0 0 0 0 0 0 0 0 0 2 0 0
295 AAC 60 494243 2 92 1 0 0 0 0 12 0 0 0 6 0 0 0 1 0 0 0 0 0 0 0 0 0 0 0 0 0 0 0 17 0 0 0 0 0 0 0 0 0 0 0 0 0 0 0 3 0 0 0 0 0 0 0 0 0 0 0 0 0 0
296 AAT 9 14 2 469661 0 0 0 0 0 0 0 9 1 0 0 8 0 0 0 0 1 0 0 0 0 0 0 0 0 0 0 0 0 0 0 12 0 0 0 0 0 0 0 0 0 0 0 0 0 0 0 26 0 0 0 0 0 0 0 0 0 0 0 0
297 ACA 17 0 0 1 480502 0 60 4 1 0 0 0 78 0 0 0 1 0 0 0 2 0 0 0 0 0 0 0 0 0 0 0 0 0 0 0 45 0 0 0 1 0 0 0 0 0 0 0 0 1 0 0 2 0 0 0 0 0 0 0 0 0 0 0
298 AGA 87 0 1 0 1 0 0 0 483234 1 8 0 5 0 0 0 1 0 0 0 0 0 0 1 5 0 0 0 0 0 0 0 0 0 0 0 0 0 0 0 50 0 0 0 0 0 0 0 0 0 0 0 0 0 0 0 17 0 0 0 0 0 0 0
299 AAA 491076 1 10 0 2 0 0 0 10 0 2 0 0 0 0 0 2 0 0 0 0 0 0 0 0 0 0 0 0 0 0 0 5 0 0 0 0 0 0 0 0 0 0 0 0 0 0 0 0 0 0 0 0 0 0 0 0 0 0 0 0 0 0 0
300 AGT 1 1 6 81 2 2 0 5 29 20 4 341847 0 0 0 12 0 0 0 0 0 0 0 1 0 0 0 5 1 0 0 0 0 0 0 0 0 0 0 0 0 0 0 928 0 0 103 0 0 0 0 0 0 0 0 0 0 0 0 2 0 0 0 0
301 GTA 0 0 0 0 1 2 0 0 0 0 1 0 245 0 0 0 0 0 0 1 0 0 0 0 0 0 0 0 3 0 0 0 4 0 0 0 40 0 0 0 1 0 0 0 379359 1 27 1 0 226 0 0 0 0 0 0 0 0 0 0 4 0 0 0
302 CAC 0 31 0 0 20 294 0 0 0 0 0 0 0 0 0 0 28 441089 3 70 14 4 0 1 0 8 0 0 0 8 0 0 0 1 0 0 1 0 0 0 0 0 0 0 0 0 0 0 0 158 0 3 0 0 0 0 0 0 0 0 0 0 0 0
303 CTA 0 0 0 0 3 4 0 0 2 3 3 0 44 1 1 0 18 0 2 0 77 0 0 19 1 0 0 0 407662 2 75 3 0 0 0 0 15 0 0 0 20 0 0 0 3 0 0 0 0 0 285 0 0 0 0 0 0 0 0 0 38 0 0 0
304 GGA 21 0 0 2 7 1 0 0 83 2 3 0 0 0 0 0 27 0 0 0 0 0 0 0 1 0 1 0 1 0 0 0 96 163 0 0 5 0 0 0 273211 5 2 2 11 0 0 0 1 0 0 0 0 0 0 0 9 1 0 0 0 8 0 0
305 CCA 0 4 1 0 22 19 0 0 0 2 0 0 0 0 0 5 41 0 177 0 408662 6 98 6 1 0 0 0 52 0 0 0 0 1 0 1 26 0 0 0 1 0 0 0 0 0 0 0 0 0 0 13 67 0 0 1 0 2 0 0 0 0 0 0
306 GGA 0 2 0 0 0 0 0 0 73 0 3 0 1 0 1 1 0 0 0 1 1 0 0 0 1 0 0 0 5 0 0 0 68 135 0 0 22 0 0 0 345197 11 3 1 5 0 0 0 0 0 0 0 0 0 0 0 7 0 0 0 0 9 0 0
307 CAA 12 0 0 0 0 0 0 0 0 0 0 0 0 0 0 0 344279 1 2 3 0 0 0 0 3 0 0 0 2 0 0 0 2 0 0 0 0 0 0 0 0 0 0 0 0 0 0 0 29 0 0 0 0 0 0 0 0 0 0 0 0 0 0 0
308 GCA 0 0 0 0 127 0 0 0 0 0 0 0 0 0 0 0 0 0 0 0 2 0 0 0 0 0 0 0 0 0 0 0 11 0 0 0 257502 1 5 5 0 0 0 0 106 0 0 0 0 0 0 0 3 0 0 0 0 0 0 0 0 0 0 0
309 TTC 0 1 0 0 0 0 0 0 0 0 0 0 0 7 0 2 0 0 2 3 0 0 0 0 0 0 0 0 0 9 0 0 0 5 0 0 0 0 0 0 2 1 0 0 1 1 0 0 2 3 2 0 0 1 0 3 0 1 0 0 34 168819 4 27
310 TAT 0 0 0 17 0 1 0 0 0 0 0 0 0 0 11 0 3 2 7 38 0 0 0 0 0 0 0 0 7 0 0 1 0 1 0 4 0 0 0 0 0 0 0 0 1 0 0 0 1 38 4 378886 0 0 0 1 0 0 0 7 0 0 0 6
311 GCA 0 0 1 0 228 0 0 0 0 1 1 0 1 0 0 0 4 0 0 0 0 0 0 0 0 0 0 0 2 0 0 0 16 1 0 0 221022 0 4 1 3 0 0 0 155 0 0 0 0 0 1 0 1 0 0 0 0 1 0 0 0 0 0 0
312 ACA 40 3 1 0 412077 3 32 6 2 0 0 0 97 0 0 1 2 0 2 0 1 0 0 0 0 0 0 0 0 0 0 0 0 0 0 0 20 0 0 0 0 0 0 0 0 0 0 0 0 0 0 0 1 0 0 0 0 0 0 0 0 1 0 0
313 GAT 1 0 0 72 0 0 0 0 13 1 0 0 0 0 0 1 0 0 0 1 1 0 0 0 0 0 0 0 1 0 0 0 13 9 5 292400 0 0 0 0 1 0 0 10 0 0 0 3 0 0 0 4 0 0 0 0 0 0 0 0 0 0 0 0
314 GGC 0 1 0 0 0 0 0 0 0 85 0 0 0 0 0 0 0 0 0 0 0 0 0 0 0 0 0 0 0 0 0 0 0 198 0 0 7 2 0 0 18 230267 1 103 0 4 0 0 0 0 0 0 0 0 0 0 1 7 0 0 0 2 0 0
315 ATA 13 0 0 0 18 0 0 0 2 0 0 0 476989 0 33 1 0 0 0 3 0 0 0 0 0 0 0 0 1 0 0 0 0 0 0 0 1 0 0 0 1 0 0 0 17 0 0 0 9 0 0 0 0 0 0 0 0 0 0 0 3 0 0 0
316 ATA 22 0 0 7 16 0 0 0 3 0 0 0 467304 1 100 12 0 0 0 0 0 0 0 0 0 0 0 0 5 0 0 0 0 0 0 0 0 0 0 0 0 0 0 0 14 0 0 0 3 0 3 3 0 0 0 0 0 0 0 0 16 0 0 0
317 GGG 0 0 2 0 0 0 0 0 0 0 96 0 0 0 0 0 0 0 0 0 0 0 0 0 0 0 3 0 0 0 0 0 0 0 57 0 0 0 3 0 123 7 400284 25 0 0 11 0 0 0 0 0 0 0 0 0 0 0 27 0 0 0 0 0
318 GAG 0 0 88 0 0 0 0 0 0 0 0 0 0 0 0 0 0 0 1 0 0 0 0 0 0 0 0 0 0 0 0 0 206 1 474817 8 0 0 0 0 0 0 55 0 0 0 4 0 0 0 14 0 0 0 0 0 0 0 0 0 0 0 0 0
319 ATA 21 0 0 0 13 0 0 0 1 0 0 0 493372 0 122 1 0 0 0 0 0 0 0 0 0 0 0 0 1 0 0 0 0 0 0 0 0 0 0 0 0 0 0 0 25 0 0 0 0 0 0 0 0 0 0 0 0 0 0 0 2 0 0 0
320 AGA 88 0 0 0 5 0 0 0 494188 0 14 4 6 0 0 0 0 0 0 0 0 0 0 0 3 0 0 0 0 0 0 0 0 0 0 0 0 0 0 0 34 0 0 0 0 0 0 0 0 0 0 0 0 0 0 0 9 0 0 0 0 0 0 0
321 CAA 141 0 0 0 0 0 0 0 0 0 0 0 0 0 0 0 488141 0 47 3 3 0 0 0 22 0 0 0 21 0 0 2 1 0 0 0 0 0 0 0 0 0 0 0 0 0 0 0 56 0 0 0 0 0 0 0 0 0 0 0 0 0 0 0
322 GCA 0 0 0 0 268 0 0 0 0 0 0 0 0 0 0 0 1 0 0 0 3 0 0 0 0 0 0 0 0 0 0 0 15 0 0 0 460787 1 7 2 1 0 0 0 140 0 0 0 0 0 0 0 15 0 0 0 0 0 0 0 0 0 0 0
323 CAT 3 0 0 69 0 0 0 0 0 0 0 0 0 0 0 0 41 20 4 449837 0 0 0 2 0 0 0 11 0 0 0 13 0 0 0 2 0 0 0 0 0 0 0 0 0 0 0 0 0 0 0 66 0 0 0 1 0 0 0 0 0 0 0 1
324 TGT 2 0 0 1 0 0 0 0 0 0 0 7 0 0 0 0 0 0 0 0 0 0 0 0 0 0 0 31 0 0 0 0 0 0 0 0 0 1 0 0 0 0 0 5 0 0 0 0 0 0 0 116 0 0 0 2 25 51 0 471094 0 0 0 7
325 AAT 19 16 6 493562 0 0 0 0 0 0 0 23 0 0 0 2 0 0 0 2 0 0 0 0 0 0 0 0 0 0 0 0 0 0 0 40 0 0 0 0 0 0 0 0 0 0 0 0 0 0 0 6 0 0 0 0 0 0 0 0 0 0 0 0
326 GTT 0 0 0 2 0 0 0 1 0 0 0 0 0 0 0 131 0 0 0 0 0 0 0 0 0 0 0 0 0 0 0 9 0 0 0 27 0 0 0 24 0 0 0 11 4 27 2 475828 0 0 0 0 0 0 0 0 0 0 0 0 0 0 0 12
327 AGT 0 0 0 141 0 0 0 4 13 31 2 490708 0 0 0 13 0 0 0 0 0 0 0 0 0 0 0 2 0 0 0 0 0 0 0 0 0 0 0 0 0 0 0 49 0 0 0 0 0 0 0 0 0 0 0 0 0 0 0 0 0 0 0 0
328 AAA 498593 8 14 13 0 1 0 0 15 0 0 0 3 0 0 0 2 0 0 0 0 0 0 0 0 0 0 0 0 0 0 0 18 0 0 0 0 0 0 0 0 0 0 0 0 0 0 0 4 0 0 0 0 0 0 0 0 0 0 0 0 0 0 0
329 AAA 499388 6 532 9 2 0 0 0 22 0 0 0 3 0 0 0 1 0 0 0 1 0 0 0 0 0 0 0 0 0 0 0 10 0 0 0 0 0 0 0 0 0 0 0 0 0 0 0 6 0 0 0 0 0 0 0 0 0 0 0 0 0 0 0
330 GAA 101 0 0 1 0 0 0 0 1 0 0 0 0 0 0 0 5 0 0 0 0 0 0 0 0 0 0 0 0 0 0 0 499183 3 19 8 2 0 0 0 16 0 0 0 20 0 0 0 9 0 0 0 0 0 0 0 0 0 0 0 0 0 0 0
331 TGG 0 0 2 0 0 0 0 0 0 0 10 0 0 0 2 0 0 0 0 0 0 0 0 0 0 0 11 0 0 0 0 0 0 0 0 0 0 0 0 0 0 0 5 0 0 0 0 0 0 0 70 0 0 0 0 0 79 0 496368 10 0 0 19 0
332 AAT 55 15 3 498138 0 1 0 2 0 0 0 50 0 0 0 10 0 0 0 2 0 0 0 0 0 0 0 0 0 0 0 0 0 0 0 19 0 0 0 0 0 0 0 0 0 0 0 0 0 0 0 0 0 0 0 0 0 0 0 0 0 0 0 0
333 AGC 1 233 0 1 0 6 0 0 28 494071 0 126 0 18 0 0 0 0 0 0 0 0 0 0 0 3 0 0 0 1 0 0 0 0 0 0 0 0 0 0 0 93 0 0 0 0 0 0 0 0 0 0 0 0 0 0 0 2 0 0 0 0 0 0
334 ACT 0 0 0 15 26 29 7 466746 0 0 0 2 0 0 0 76 0 0 0 0 0 0 0 1 0 0 0 0 0 0 0 0 0 0 0 0 0 0 0 11 0 0 0 0 0 0 0 0 0 0 0 0 0 0 0 5 0 0 0 0 0 0 0 0
335 TTG 0 0 0 0 0 0 0 0 0 0 0 0 0 0 16 0 0 0 0 0 0 0 0 0 0 0 0 0 0 0 33 0 0 0 0 0 0 0 0 0 0 0 0 0 0 0 6 0 0 0 3 0 0 0 74 0 0 0 2 0 302 0 483217 7
336 CAA 20 0 0 0 0 0 0 0 0 0 0 0 0 0 0 0 498382 0 23 3 1 0 0 0 59 0 0 0 4 0 0 0 2 0 0 0 0 0 0 0 0 0 0 0 0 0 0 0 265 0 0 0 0 0 0 0 0 0 0 0 0 0 0 0
337 AAG 121 1 498843 8 0 0 5 0 0 0 253 0 0 0 8 0 0 0 5 0 0 0 0 0 0 0 0 0 0 0 0 0 0 0 14 0 0 0 0 0 0 0 0 0 0 0 0 0 0 0 4 0 0 0 0 0 0 0 0 0 0 0 0 0
338 GTA 0 0 0 0 0 0 0 0 0 0 0 0 209 0 0 0 0 0 0 0 0 0 0 0 0 0 0 0 11 0 0 0 2 0 0 0 30 0 0 0 1 0 0 0 497365 6 54 5 0 0 0 0 0 0 0 0 0 0 0 0 16 0 0 0
339 GCC 0 0 0 0 0 200 0 0 0 0 0 0 0 0 0 0 0 0 0 0 0 2 0 0 0 0 0 0 0 0 0 0 0 32 0 0 21 478624 0 43 0 2 0 0 0 166 0 0 0 0 0 0 0 7 0 0 0 0 0 0 0 0 0 0
340 AAC 15 498024 4 50 0 0 0 0 0 11 0 0 0 6 0 0 0 2 0 0 0 0 0 0 0 0 0 0 0 0 0 0 0 16 0 0 0 0 0 0 0 0 0 0 0 0 0 0 0 12 0 0 0 0 0 0 0 0 0 0 0 0 0 0
341 CAA 13 0 0 0 0 0 0 0 0 0 0 0 0 0 0 0 498246 4 15 5 1 0 0 0 10 0 0 0 31 0 0 0 2 0 0 0 0 0 0 0 0 0 0 0 0 0 0 0 37 0 0 0 0 0 0 0 0 0 0 0 0 0 0 0
342 TTA 0 0 0 0 0 0 0 0 0 0 0 0 10 0 0 0 0 0 0 0 0 0 0 0 0 0 0 0 15 0 0 0 0 0 0 0 0 0 0 0 0 0 0 0 2 0 0 0 17 0 0 0 17 1 0 0 3 0 0 0 499431 1 41 0
343 AGA 198 0 2 4 7 0 0 1 498979 3 36 16 43 0 0 0 0 0 0 0 1 0 0 0 12 0 0 0 0 0 0 0 1 0 1 0 0 0 0 0 24 0 0 0 1 0 0 0 0 0 0 0 0 0 0 0 8 0 0 0 0 0 0 0
344 CCA 0 0 0 0 70 0 0 0 0 0 0 0 0 0 0 0 15 0 0 0 499056 6 19 3 0 0 0 0 40 0 0 0 0 0 0 0 14 0 0 0 0 0 0 0 0 0 0 0 0 0 0 0 66 0 0 0 0 0 0 0 0 0 0 0
345 TAC 0 42 0 0 0 0 0 0 0 0 0 0 0 0 0 0 0 29 0 0 0 1 0 0 0 0 0 0 0 0 0 0 0 1 0 0 0 0 0 0 0 0 0 0 0 0 0 0 20 498278 9 114 0 0 0 0 0 30 0 0 0 6 0 0
346 TTT 0 0 0 3 0 0 0 0 0 0 0 0 0 0 1 15 0 0 0 0 0 0 0 0 0 0 0 0 0 0 0 36 0 0 0 0 0 0 0 0 0 0 0 0 0 0 0 6 1 0 0 33 0 0 0 21 0 0 0 8 72 33 6 490259
347 AAG 200 8 499422 52 0 0 4 0 0 0 52 2 0 0 17 2 0 0 2 0 0 0 0 0 0 0 0 0 0 0 0 0 0 0 46 0 0 0 0 0 0 0 0 0 0 0 0 0 0 0 3 0 0 0 0 0 0 0 0 0 0 0 0 0
348 AAC 57 499933 1 87 0 6 0 0 0 17 0 0 0 9 0 0 0 0 0 0 0 0 0 0 0 0 0 0 0 0 0 0 0 15 0 0 0 0 0 0 0 0 0 0 0 0 0 0 0 3 0 0 0 0 0 0 0 0 0 0 0 0 0 0
349 AAC 32 499608 1 45 0 3 0 0 0 27 0 0 0 18 0 0 0 1 0 0 0 0 0 0 0 0 0 0 0 0 0 0 0 17 0 0 0 0 0 0 0 0 0 0 0 0 0 0 0 6 0 0 0 0 0 0 0 0 0 0 0 0 0 0
350 ACA 60 0 0 0 499491 1 15 16 2 0 0 0 72 0 0 0 0 0 0 0 0 0 0 0 0 0 0 0 0 0 0 0 0 0 0 0 30 0 0 0 0 0 0 0 0 0 0 0 0 0 0 0 6 0 0 0 0 0 0 0 0 0 0 0
351 ATA 20 0 0 0 28 0 0 0 3 0 0 0 499668 1 17 1 0 0 0 0 0 0 0 0 0 0 0 0 0 0 0 0 0 0 0 0 0 0 0 0 0 0 0 0 12 0 0 0 1 0 0 0 0 0 0 0 0 0 0 0 6 0 0 0
352 ATA 69 0 0 0 29 0 0 0 0 0 0 0 499837 1 34 2 0 0 0 0 0 0 0 0 0 0 0 0 0 0 0 0 0 0 0 0 0 0 0 0 0 0 0 0 15 0 0 0 0 0 0 0 0 0 0 0 0 0 0 0 5 0 0 0
353 AAA 499745 2 21 14 3 0 0 0 22 0 0 0 7 0 0 0 2 0 0 0 0 0 0 0 0 0 0 0 0 0 0 0 9 0 0 0 0 0 0 0 0 0 0 0 0 0 0 0 2 0 0 0 0 0 0 0 0 0 0 0 1 0 0 0
354 TTT 0 0 0 1 0 0 0 0 0 0 0 0 0 0 0 15 0 0 0 0 0 0 0 0 0 0 0 0 0 0 0 20 0 0 0 0 0 0 0 0 0 0 0 0 0 0 0 5 1 0 0 25 0 0 0 19 0 0 0 2 26 49 3 499331
355 GCT 0 0 0 2 0 1 0 175 0 0 0 0 0 0 0 0 0 0 0 0 0 0 0 0 0 0 0 0 0 0 0 0 0 0 0 43 12 19 0 499386 0 0 0 5 0 0 0 186 0 0 0 0 0 0 0 20 0 0 0 0 0 0 0 1
356 AAC 37 500070 2 101 0 1 0 0 0 18 0 0 0 3 0 0 0 1 0 0 0 0 0 0 0 0 0 0 0 0 0 0 0 26 0 0 0 0 0 0 0 0 0 0 0 0 0 0 0 0 0 0 0 0 0 0 0 0 0 0 0 0 0 0
357 TCA 9 0 0 0 42 0 0 0 0 0 0 0 0 0 0 0 1 0 0 0 45 0 0 0 0 0 0 0 0 0 0 0 0 0 0 0 8 0 0 0 0 0 0 0 0 0 0 0 39 0 0 0 499488 2 22 7 6 0 0 0 49 0 0 0
358 TCA 0 0 0 0 21 0 0 0 0 0 0 0 0 0 0 0 0 0 0 0 33 0 0 0 0 0 0 0 0 0 0 0 0 0 0 0 6 0 0 0 0 0 0 0 0 0 0 0 28 0 0 0 498356 3 157 3 3 0 0 0 67 0 0 0
359 GGA 1 0 0 0 0 0 0 0 53 0 0 0 0 0 0 0 0 0 0 0 0 0 0 0 0 0 0 0 0 0 0 0 40 0 0 0 1 0 0 0 500214 2 23 4 14 0 0 0 0 0 0 0 0 0 0 0 10 0 0 0 0 0 0 0
360 GGG 0 0 0 0 0 0 0 0 0 0 533 0 0 0 0 0 0 0 0 0 0 0 0 0 0 0 0 0 0 0 0 0 0 0 77 0 0 0 1 0 116 2 499466 7 0 0 12 0 0 0 0 0 0 0 0 0 0 0 4 0 0 0 0 0
361 GAT 0 0 0 66 0 0 0 0 0 0 0 0 0 0 0 0 0 0 0 3 0 0 0 0 0 0 0 0 0 0 0 0 8 21 3 500106 0 0 0 0 0 0 0 14 0 0 0 6 0 0 0 5 0 0 0 0 0 0 0 0 0 0 0 0
362 CTA 0 0 0 0 0 0 0 0 0 0 0 0 18 0 0 0 2 0 0 0 112 0 0 0 6 0 0 0 500059 1 42 2 0 0 0 0 0 0 0 0 0 0 0 0 2 0 0 0 0 0 0 0 0 0 0 0 0 0 0 0 55 0 0 0
363 GAA 43 0 0 0 0 0 0 0 0 0 0 0 0 0 0 0 1 0 0 0 0 0 0 0 0 0 0 0 0 0 0 0 500162 3 8 4 1 0 0 0 11 0 0 0 3 0 0 0 7 0 0 0 0 0 0 0 0 0 0 0 0 0 0 0
364 ATT 0 0 0 34 2 0 0 13 0 0 0 3 10 52 1 500237 0 0 0 0 0 0 0 0 0 0 0 0 0 0 0 6 0 0 0 0 0 0 0 0 0 0 0 0 0 0 0 11 0 0 0 0 0 0 0 0 0 0 0 0 0 0 0 8
365 ACA 14 0 0 0 293187 0 30 6 0 0 0 0 69 1 0 0 0 0 0 0 0 0 0 0 0 0 0 0 0 0 0 0 0 0 0 0 13 0 0 0 0 0 0 0 0 0 0 0 0 0 0 0 1 0 0 0 0 0 0 0 0 0 0 0
366 ACA 12 0 0 0 293592 0 5 5 3 0 0 0 22 0 0 0 0 0 0 0 1 0 0 0 0 0 0 0 0 0 0 0 0 0 0 0 16 0 0 0 0 0 0 0 0 0 0 0 0 0 0 0 8 0 0 0 0 0 0 0 0 0 0 0
367 CAT 0 0 0 21 0 0 0 0 0 0 0 0 0 0 0 0 1 14 3 293492 0 0 0 3 0 0 0 4 0 0 0 1 0 0 0 1 0 0 0 0 0 0 0 0 0 0 0 0 0 0 0 29 0 0 0 0 0 0 0 0 0 0 0 0
368 AGT 0 0 0 50 0 0 0 6 11 23 0 292263 0 0 0 17 0 0 0 2 0 0 0 0 0 0 0 0 0 0 0 0 0 0 0 0 0 0 0 0 0 0 0 30 0 0 0 0 0 0 0 0 0 0 0 0 0 0 0 1 0 0 0 0
369 TTT 0 0 0 0 0 0 0 0 0 0 0 0 0 0 0 4 0 0 0 0 0 0 0 0 0 0 0 0 0 0 0 10 0 0 0 0 0 0 0 0 0 0 0 0 0 0 0 5 0 0 0 1 0 0 0 9 0 0 0 0 10 13 1 293054
370 AAT 2 11 0 293479 0 0 0 0 0 0 0 15 0 0 0 7 0 0 0 0 0 0 0 0 0 0 0 0 0 0 0 0 0 0 0 42 0 0 0 0 0 0 0 0 0 0 0 0 0 0 0 9 0 0 0 0 0 0 0 0 0 0 0 0
371 TGT 0 0 0 1 0 0 0 0 0 0 0 7 0 0 0 0 0 0 0 0 0 0 0 0 0 0 0 5 0 0 0 0 0 0 0 0 0 0 0 0 0 0 0 0 0 0 0 0 1 0 0 83 0 0 0 4 6 13 2 292844 0 0 0 2
372 GGA 0 0 0 0 0 0 0 0 67 0 0 0 0 0 0 0 0 0 0 0 0 0 0 0 0 0 0 0 0 0 0 0 47 0 0 0 0 0 0 0 293140 0 36 0 4 0 0 0 0 0 0 0 0 0 0 0 6 0 0 0 0 0 0 0
373 GGA 0 0 0 0 0 0 0 0 74 0 0 0 0 0 0 0 0 0 0 0 0 0 0 0 0 0 0 0 0 0 0 0 40 0 0 0 0 0 0 0 293365 0 10 3 3 0 0 0 0 0 0 0 0 0 0 0 5 0 0 0 0 0 0 0
374 GAA 48 0 0 0 0 0 0 0 0 0 0 0 0 0 0 0 1 0 0 0 0 0 0 0 0 0 0 0 0 0 0 0 293296 0 6 6 0 0 0 0 5 0 0 0 0 0 0 0 6 0 0 0 0 0 0 0 0 0 0 0 0 0 0 0
375 TTT 0 0 0 0 0 0 0 0 0 0 0 0 0 0 0 45 0 0 0 0 0 0 0 0 0 0 0 0 0 0 0 12 0 0 0 0 0 0 0 0 0 0 0 0 0 0 0 0 0 0 0 3 0 0 0 16 0 0 0 1 10 15 0 292737
376 TTC 0 0 0 0 0 0 0 0 0 0 0 0 0 10 0 0 0 0 0 0 0 0 0 0 0 0 0 0 0 13 0 0 0 0 0 0 0 0 0 0 0 0 0 0 0 3 0 0 0 4 0 0 0 8 0 0 0 1 0 0 12 293154 0 61
377 TAT 0 0 0 13 0 0 0 0 0 0 0 0 0 0 0 0 0 0 0 23 0 0 0 0 0 0 0 0 0 0 0 0 0 0 0 1 0 0 0 0 0 0 0 0 0 0 0 0 8 20 2 293151 0 0 0 1 0 0 0 11 1 0 0 10
378 TGT 0 0 0 1 0 0 0 0 0 0 0 15 0 0 0 1 0 0 0 0 0 0 0 0 0 0 0 17 0 0 0 0 0 0 0 0 0 0 0 0 0 0 0 2 0 0 0 0 0 0 0 91 0 0 0 2 7 38 0 292844 0 0 0 5
379 AAC 7 293184 0 52 0 0 0 0 0 21 0 0 0 6 0 0 0 0 0 0 0 0 0 0 0 0 0 0 0 0 0 0 0 35 0 0 0 0 0 0 0 0 0 0 0 0 0 0 0 0 0 0 0 0 0 0 0 0 0 0 0 0 0 0
380 ACA 13 0 0 0 293502 2 9 4 0 0 0 0 42 0 0 0 0 0 0 0 0 0 0 0 0 0 0 0 0 0 0 0 0 0 0 0 12 0 0 0 0 0 0 0 0 0 0 0 0 0 0 0 5 0 0 0 0 0 0 0 0 0 0 0
381 TCA 0 0 0 0 10 0 0 0 0 0 0 0 0 0 0 0 0 0 0 0 27 0 0 0 0 0 0 0 0 0 0 0 0 0 0 0 5 0 0 0 0 0 0 0 0 0 0 0 6 0 0 0 292495 6 84 3 0 0 0 0 39 0 1 0
382 GGC 0 0 0 0 0 0 0 0 0 56 0 0 0 0 0 0 0 0 0 0 0 0 0 0 0 1 0 0 0 0 0 0 0 112 0 0 0 1 0 0 11 290860 1 31 0 5 0 0 0 0 0 0 0 0 0 0 0 13 0 0 0 0 0 0
383 CTG 0 0 0 0 0 0 0 0 0 0 0 0 0 0 28 0 0 0 6 0 0 0 61 0 0 0 5 0 71 5 292223 4 0 0 0 0 0 0 0 0 0 0 0 0 0 0 0 0 0 0 0 0 0 0 0 0 0 0 0 0 0 0 26 0
384 TTT 0 0 0 0 0 0 0 0 0 0 0 0 0 0 0 6 0 0 0 0 0 0 0 0 0 0 0 0 0 0 0 22 0 0 0 0 0 0 0 0 0 0 0 0 0 0 0 3 0 0 0 20 0 0 0 9 0 0 0 1 0 10 0 291319
385 AAT 26 12 0 293375 0 0 0 2 0 0 0 10 0 0 0 7 0 0 0 1 0 0 0 0 0 0 0 0 0 0 0 0 0 0 0 17 0 0 0 0 0 0 0 0 0 0 0 0 0 0 0 13 0 0 0 0 0 0 0 0 0 0 0 0
386 AGC 0 127 0 0 0 3 0 0 8 289408 4 57 0 16 0 0 0 0 0 0 0 0 0 0 0 1 0 0 0 0 0 0 0 0 0 0 0 0 0 0 0 70 0 0 0 0 0 0 0 0 0 0 0 0 0 0 0 1 0 0 0 0 0 0
387 ACT 1 0 0 16 30 23 2 292763 0 0 0 4 0 0 0 39 0 0 0 0 0 0 0 0 0 0 0 0 0 0 0 0 0 0 0 0 0 0 0 6 0 0 0 0 0 0 0 0 0 0 0 0 0 0 0 6 0 0 0 0 0 0 0 0
388 TGG 0 0 0 0 0 0 0 0 0 0 9 0 0 0 0 0 0 0 0 0 0 0 0 0 0 0 60 0 0 0 0 0 0 0 0 0 0 0 0 0 0 0 0 0 0 0 0 0 0 0 41 0 0 0 0 0 55 0 291012 7 0 0 12 0
389 GAG 0 0 68 0 0 0 0 0 0 0 0 0 0 0 0 0 0 0 4 0 0 0 0 0 0 0 0 0 0 0 0 0 107 4 292105 9 0 0 0 0 0 0 10 0 0 0 1 0 0 0 2 0 0 0 0 0 0 0 0 0 0 0 0 0
390 TTT 0 0 0 0 0 0 0 0 0 0 0 0 0 0 0 4 0 0 0 0 0 0 0 0 0 0 0 0 0 0 0 14 0 0 0 0 0 0 0 0 0 0 0 0 0 0 0 4 0 0 0 27 0 0 0 29 0 0 0 3 17 24 2 290929
391 AAT 8 8 2 293038 0 0 0 0 0 0 0 14 0 0 0 4 0 0 0 0 0 0 0 0 0 0 0 0 0 0 0 0 0 0 0 19 0 0 0 0 0 0 0 0 0 0 0 0 0 0 0 2 0 0 0 0 0 0 0 0 0 0 0 0
392 AGC 1 118 0 0 0 1 0 0 34 286689 6 51 0 8 0 0 0 0 0 0 0 0 0 0 0 1 0 0 0 0 0 0 0 0 0 0 0 0 0 0 0 66 0 0 0 0 0 0 0 0 0 0 0 0 0 0 0 1 0 0 0 0 0 0
393 ACT 2 0 0 17 22 22 3 287560 0 0 0 8 0 0 0 35 0 0 0 0 0 0 0 0 0 0 0 0 0 0 0 0 0 0 0 0 0 0 0 2 0 0 0 0 0 0 0 0 0 0 0 0 0 0 0 7 0 0 0 0 0 0 0 0
394 TGG 0 0 0 0 0 0 0 0 0 0 25 0 0 0 0 0 0 0 0 0 0 0 0 0 0 0 51 0 0 0 0 0 0 0 0 0 0 0 0 0 0 0 1 0 0 0 0 0 0 0 33 0 0 0 3 0 56 0 288762 13 0 0 8 0
395 AAT 11 20 1 292526 0 0 0 0 0 0 0 12 0 0 0 3 0 0 0 0 0 0 0 0 0 0 0 0 0 0 0 0 0 0 1 22 0 0 0 0 0 0 0 0 0 0 0 0 0 0 0 3 0 0 0 0 0 0 0 0 0 0 0 0
396 AAT 9 18 3 291083 0 0 0 3 0 0 0 11 0 0 0 3 0 0 0 0 0 0 0 0 0 0 0 0 0 0 0 0 0 0 0 10 0 0 0 0 0 0 0 0 0 0 0 0 0 0 0 3 0 0 0 0 0 0 0 0 0 0 0 0
397 TCA 1 0 0 0 34 0 0 0 0 0 0 0 0 0 0 0 0 0 0 0 15 0 0 0 0 0 0 0 0 0 0 0 0 0 0 0 4 0 0 0 0 0 0 0 0 0 0 0 10 0 0 0 291642 0 34 10 0 0 0 0 27 0 0 3
398 AAT 12 9 1 292759 0 0 0 2 0 0 0 21 0 0 0 11 0 0 0 0 0 0 0 0 0 0 0 0 0 0 0 0 0 0 0 22 0 0 0 0 0 0 0 0 0 0 0 0 0 0 0 4 0 0 0 0 0 0 0 0 0 0 0 0
399 AGC 1 102 1 0 0 2 0 0 12 277637 0 62 0 11 0 0 0 0 0 0 0 0 0 0 0 0 0 0 0 0 0 0 0 0 0 0 0 0 0 0 0 21 0 0 0 0 0 0 0 0 0 0 0 0 0 0 0 1 0 0 0 0 0 0
400 ACA 21 0 0 0 291330 2 33 8 2 0 0 0 35 0 0 0 0 0 0 0 0 0 0 0 0 0 0 0 0 0 0 0 0 0 0 0 11 0 0 0 0 0 0 0 0 0 0 0 0 0 0 0 5 0 0 0 0 0 0 0 0 0 0 0
401 GAG 0 0 50 0 0 0 0 0 0 0 0 0 0 0 0 0 0 0 0 0 0 0 0 0 0 0 0 0 0 0 0 0 68 11 284044 6 0 0 0 0 0 0 11 0 0 0 0 0 0 0 12 0 0 0 0 0 0 0 0 0 0 0 0 0
402 AAT 13 21 0 287153 0 0 0 0 0 0 0 15 0 0 0 0 0 0 0 0 0 0 0 0 0 0 0 0 0 0 0 0 0 1 0 8 0 0 0 0 0 0 0 0 0 0 0 0 0 0 0 0 0 0 0 0 0 0 0 0 0 0 0 0
403 ATA 4 0 0 0 11 0 0 0 0 0 0 0 290807 0 14 0 0 0 0 0 0 0 0 0 0 0 0 0 1 0 0 0 0 0 0 0 0 0 0 0 0 0 0 0 20 0 0 0 0 0 0 0 0 0 0 0 0 0 0 0 1 0 0 0
404 ACT 6 0 0 28 16 15 1 268668 0 0 0 3 0 0 0 39 0 0 0 0 0 0 0 2 0 0 0 0 0 0 0 0 0 0 0 0 0 0 0 10 0 0 0 0 0 0 0 0 0 0 0 0 0 0 0 2 0 0 0 0 0 0 0 0
405 CTC 0 1 0 0 0 0 0 0 0 0 0 0 0 8 0 0 0 0 0 0 0 35 0 0 0 0 0 0 14 272302 0 13 0 0 0 0 0 0 0 0 0 0 0 0 0 0 0 0 0 0 0 0 0 0 0 0 0 0 0 0 0 17 0 0
406 CAA 23 0 0 0 0 0 0 0 0 0 0 0 0 0 0 0 288631 0 8 2 0 0 0 0 12 0 0 0 14 0 0 0 1 0 0 0 0 0 0 0 0 0 0 0 0 0 0 0 25 0 0 0 0 0 0 0 0 0 0 0 0 0 0 0
407 TGC 3 1 0 0 0 0 0 0 0 4 0 0 0 0 0 0 0 0 0 0 0 0 0 0 0 5 0 0 0 0 0 0 0 0 0 0 0 0 0 0 0 2 0 0 0 0 0 0 0 107 0 0 0 3 0 0 16 254303 1 142 0 10 0 0
408 AGA 57 0 0 0 3 0 0 0 271794 0 6 2 2 0 0 0 0 0 0 0 0 0 0 0 1 0 0 0 0 0 0 0 0 0 0 0 0 0 0 0 33 0 0 0 0 0 0 0 0 0 0 0 0 0 0 0 4 0 0 0 0 0 0 0
409 ATA 7 0 0 0 4 0 0 0 0 0 0 0 283841 1 19 0 0 0 0 0 0 0 0 0 0 0 0 0 0 0 0 0 0 0 0 0 0 0 0 0 0 0 0 0 5 0 0 0 0 0 0 0 0 0 0 0 0 0 0 0 2 0 0 0
410 AAG 108 3 276858 7 0 0 0 0 0 1 15 0 0 0 4 0 0 0 0 0 0 0 0 0 0 0 0 0 0 0 0 0 0 0 18 0 0 0 0 0 0 0 0 0 0 0 0 0 0 0 4 0 0 0 0 0 0 0 0 0 0 0 0 0
411 CAA 15 0 0 0 0 0 0 0 0 0 0 0 0 0 0 0 285843 0 11 0 0 0 0 0 3 0 1 0 3 0 0 0 0 0 0 0 0 0 0 0 0 0 0 0 0 0 0 0 29 0 0 0 0 0 0 0 0 0 0 0 0 0 0 0
412 ATT 0 0 0 19 0 0 0 8 2 0 0 0 8 17 1 199871 0 0 0 0 0 0 0 0 0 0 0 0 0 0 0 1 0 0 0 0 0 0 0 0 0 0 0 0 0 0 0 6 1 0 0 1 0 0 0 0 0 0 0 0 0 0 0 4
413 ATA 8 0 0 0 9 0 0 0 2 0 0 0 243443 0 29 0 0 0 0 0 0 0 0 0 0 0 0 0 3 0 0 0 0 0 0 0 1 0 0 0 0 0 0 0 17 0 0 0 3 0 0 0 0 0 0 0 0 0 0 0 0 0 0 0
414 AAT 30 21 4 263776 0 0 0 0 0 0 0 2 2 0 0 9 0 0 0 2 0 0 0 0 0 0 0 0 0 0 0 0 0 0 0 17 0 0 0 0 0 0 0 0 0 0 0 0 0 0 0 1 0 0 0 0 0 0 0 0 0 0 0 0
415 ATG 0 0 4 0 0 0 4 0 0 0 1 0 117 2 180454 2 2 0 0 0 0 0 0 0 0 0 0 0 0 0 1 0 0 0 0 0 0 0 0 0 0 0 0 0 0 0 11 0 0 0 0 0 0 0 0 0 0 0 0 1 0 0 3 0
416 TGG 1 0 0 0 0 0 0 0 0 0 1 0 0 0 0 0 0 0 0 0 0 0 0 0 0 0 8 0 0 0 0 0 0 0 0 0 1 0 0 0 0 0 3 0 0 0 0 0 0 0 37 0 0 0 0 0 110 1 224549 7 0 0 9 0
417 CAA 12 0 0 0 2 0 0 0 0 0 0 0 0 0 0 0 271161 0 18 1 0 0 0 0 21 0 0 0 3 0 0 0 1 0 0 0 0 0 0 0 0 0 0 0 0 0 0 0 62 0 0 0 0 0 0 0 0 0 0 0 0 0 0 0
418 AGA 77 0 3 0 1 0 0 0 260332 3 10 0 5 0 0 0 0 0 0 0 0 0 0 0 4 0 0 0 0 0 0 0 0 0 4 0 0 0 0 0 17 0 0 0 0 0 0 0 0 0 0 1 0 0 0 0 4 0 0 0 0 0 0 0
419 GCA 1 0 1 4 97 0 0 0 0 5 0 0 0 0 0 0 2 0 3 0 1 0 0 0 0 0 0 0 0 0 0 0 16 0 0 0 181334 3 36 3 0 0 0 0 129 0 0 0 0 0 0 0 6 0 0 0 0 0 0 0 0 0 0 0
420 GGA 0 0 0 0 0 0 0 0 42 0 2 0 5 0 0 0 0 0 0 0 0 0 0 0 0 0 0 0 0 0 0 0 38 5 0 0 2 0 0 0 179042 3 8 0 4 0 0 0 0 0 0 0 0 0 0 0 10 0 0 0 0 0 0 0
421 CAA 27 0 5 4 4 0 0 0 0 0 0 0 2 0 0 0 222797 3 19 2 0 0 0 0 9 0 0 0 8 1 0 0 1 0 0 0 0 0 0 0 0 0 0 0 0 0 0 0 21 0 0 0 0 0 0 0 0 0 0 0 0 0 0 0
422 GCA 0 0 3 0 92 0 0 0 0 5 0 0 0 0 0 0 5 0 1 0 2 0 0 0 0 0 0 0 0 0 0 0 15 1 0 0 175378 0 3 3 0 0 0 0 55 0 0 0 0 0 0 0 0 0 0 0 0 0 0 0 0 0 0 0
423 ATA 1 0 0 9 11 0 0 0 2 0 0 0 257780 0 26 1 3 0 1 0 0 0 0 0 0 0 0 0 0 0 0 0 0 0 0 0 0 0 0 0 0 0 0 0 4 0 0 0 0 0 0 4 0 0 0 0 0 0 0 0 1 0 0 0
424 TAT 0 0 1 8 0 0 0 0 0 0 0 0 11 0 5 0 0 0 0 14 0 0 0 0 0 0 0 0 0 0 0 0 0 0 0 2 0 0 0 0 0 0 0 0 0 0 0 0 7 16 2 237413 0 0 0 2 0 0 0 47 0 0 0 0
425 GCC 0 1 0 0 0 86 0 0 0 1 0 0 1 0 2 1 0 0 0 0 0 6 0 0 0 0 0 0 0 0 0 0 0 6 0 0 11 211000 1 15 0 3 0 0 0 134 0 0 0 0 0 1 0 3 0 0 0 8 0 0 0 0 0 0
426 CCT 0 0 0 1 1 0 0 7 0 0 1 0 0 0 1 0 0 1 0 47 11 34 0 158055 0 0 0 0 0 0 0 52 0 0 0 0 0 0 0 0 0 0 0 0 0 0 0 0 0 0 0 0 0 0 0 12 0 0 0 0 0 0 0 0
427 CCC 0 0 0 0 0 13 0 0 0 0 0 0 0 0 0 0 0 33 0 0 14 157463 0 14 0 2 0 0 0 34 0 0 0 0 0 0 0 0 0 0 0 0 0 0 0 0 0 0 0 0 0 0 0 19 0 0 0 0 0 0 0 0 0 0
428 ATA 20 0 0 0 24 0 0 0 0 0 0 0 270866 0 18 1 0 0 0 0 0 0 0 0 0 0 0 0 2 0 0 0 0 0 0 0 0 0 0 0 0 0 0 0 6 0 0 0 0 0 0 0 0 0 0 0 0 0 0 0 3 0 0 0
429 CCA 0 0 0 0 24 0 0 0 0 0 0 0 0 0 0 0 17 0 0 0 246559 1 37 1 0 0 0 0 28 0 0 0 0 0 0 0 1 0 0 0 0 0 0 0 0 0 0 0 0 0 0 0 25 0 0 0 0 0 0 0 0 0 0 0
430 GGA 0 0 0 0 0 0 0 0 42 0 0 0 0 0 0 0 1 0 0 0 0 0 0 0 0 0 0 0 0 0 0 0 36 0 0 0 2 0 0 0 239413 0 14 0 3 0 0 0 0 0 0 0 0 0 0 0 8 0 0 0 0 0 0 0
431 GTA 2 0 0 0 0 0 0 0 0 0 0 1 113 0 0 0 0 0 0 0 1 0 0 0 0 0 0 0 3 0 0 0 42 0 0 0 22 0 0 0 2 0 0 0 278619 0 8 4 0 0 0 0 0 0 0 0 0 0 0 0 0 0 0 0
432 ATA 2 0 0 0 14 0 0 0 2 0 0 0 279887 1 81 3 0 0 0 0 0 0 0 0 0 0 0 0 1 0 0 0 0 0 0 0 0 0 0 0 0 0 0 0 7 0 0 0 0 0 0 0 0 0 0 0 0 0 0 0 5 0 0 0
433 AGG 3 0 43 0 0 0 2 0 73 9 266183 7 0 0 10 0 0 0 0 0 0 0 0 0 0 0 1 0 0 0 0 0 0 0 0 0 0 0 0 0 0 0 12 0 0 0 0 0 0 0 0 0 0 0 0 0 0 0 1 0 0 0 0 0
434 TGT 0 0 0 0 0 0 0 0 0 0 0 4 0 0 0 0 0 0 0 0 0 0 0 0 0 0 0 16 0 0 0 0 0 0 0 0 0 0 0 0 0 0 0 0 0 0 0 0 0 0 0 87 0 0 0 0 1 28 0 281274 0 0 0 2
435 AAA 291904 3 7 5 2 0 0 0 5 0 0 0 2 0 0 0 0 0 0 0 0 0 0 0 0 0 0 0 0 0 0 0 15 0 0 0 0 0 0 0 0 0 0 0 0 0 0 0 2 0 0 0 0 0 0 0 0 0 0 0 0 0 0 0
436 TCA 0 0 0 0 15 0 0 0 0 0 0 0 0 0 0 0 0 0 0 0 9 0 0 0 0 0 0 0 0 0 0 0 0 0 0 0 0 0 0 0 0 0 0 0 0 0 0 0 12 0 0 0 272137 0 6 8 0 0 0 0 19 0 0 0
437 AAT 21 14 1 288982 0 0 0 0 0 0 0 23 0 0 0 7 0 0 0 0 0 0 0 0 0 0 0 0 0 0 0 0 0 0 0 16 0 0 0 0 0 0 0 0 0 0 0 0 0 0 0 6 0 0 0 0 0 0 0 0 0 0 0 0
438 ATT 0 0 0 9 0 0 0 10 0 0 0 2 3 12 2 269218 0 0 0 0 0 0 0 0 0 0 0 0 0 0 0 0 0 0 0 0 0 0 0 0 0 0 0 0 0 0 0 20 0 0 0 0 0 0 0 0 0 0 0 0 0 0 0 1
439 ACA 12 0 0 0 287789 7 116 14 4 0 0 0 137 0 0 0 0 0 0 0 0 0 0 0 0 0 0 0 0 0 0 0 0 0 0 0 36 0 0 0 0 0 0 0 0 0 0 0 0 0 0 0 2 0 0 0 0 0 0 0 0 0 0 0
440 GGA 1 0 0 0 0 0 0 0 39 0 0 0 0 0 0 0 0 0 0 0 0 0 0 0 2 0 0 0 0 0 0 0 83 0 0 0 5 0 0 0 290347 2 12 3 9 0 0 0 1 0 0 0 0 0 0 0 22 0 0 0 0 0 0 0
441 CTA 2 0 0 0 0 0 0 0 0 0 0 0 19 0 0 0 3 0 0 0 22 0 0 0 0 0 0 0 289595 0 28 1 0 0 0 0 0 0 0 0 0 0 0 0 1 0 0 0 0 0 0 0 0 0 0 0 0 0 0 0 27 0 0 0
442 ATA 7 1 0 0 4 0 0 0 2 0 0 0 289338 2 15 8 0 0 0 0 0 0 0 0 0 0 0 0 1 0 0 0 0 0 0 0 0 0 0 0 0 0 0 0 17 0 0 0 0 0 0 0 0 0 0 0 0 0 0 0 2 0 0 0
443 TTA 0 0 0 0 0 0 0 0 0 0 0 0 20 0 0 0 0 0 0 0 0 0 0 0 0 0 0 0 19 0 0 0 0 0 0 0 0 0 0 0 0 0 0 0 1 0 0 0 5 0 0 0 13 0 0 0 0 0 0 0 288742 0 13 2
444 ACA 11 0 0 0 291445 1 20 3 0 0 0 0 28 0 0 0 0 0 0 0 0 0 0 0 0 0 0 0 0 0 0 0 0 0 0 0 7 0 0 0 0 0 0 0 0 0 0 0 0 0 0 0 1 0 0 0 0 0 0 0 0 0 0 0
445 AGA 49 0 0 0 1 0 0 0 289478 0 22 1 5 0 0 0 0 0 0 0 0 0 0 0 0 0 0 0 0 0 0 0 0 0 0 0 0 0 0 0 8 0 0 0 0 0 0 0 0 0 0 0 0 0 0 0 0 0 0 0 0 0 0 0
446 GAT 1 0 0 46 0 0 0 0 0 0 0 0 0 0 0 0 0 0 0 1 0 0 0 0 0 0 0 0 0 0 0 0 14 7 0 290876 0 0 0 0 0 0 0 9 0 0 0 0 0 0 0 3 0 0 0 0 0 0 0 0 0 0 0 0
447 GGT 0 0 0 0 0 0 0 0 0 0 0 55 0 0 0 0 0 0 0 0 0 0 0 0 0 0 0 2 0 0 0 0 0 0 0 65 0 0 0 0 10 7 1 291314 0 0 0 8 0 0 0 0 0 0 0 0 0 0 0 12 0 0 0 0
448 GGG 0 0 1 0 0 0 0 0 0 0 55 0 0 0 0 0 0 0 0 0 0 0 0 0 0 0 0 0 0 0 0 0 0 0 77 0 0 0 0 0 53 3 289263 3 0 0 3 0 0 0 0 0 0 0 0 0 0 0 14 0 0 0 0 0
449 AGT 0 0 0 136 0 0 0 6 25 31 2 291868 0 0 0 7 0 0 0 0 0 0 0 0 0 0 0 0 0 0 0 0 0 0 0 0 0 0 0 0 0 0 0 44 0 0 0 0 0 0 0 0 0 0 0 0 0 0 0 7 0 0 0 0
450 AAT 15 18 2 292496 0 0 0 0 0 0 0 6 0 0 0 5 0 0 0 1 0 0 0 0 0 0 0 0 0 0 0 0 0 0 0 18 0 0 0 0 0 0 0 0 0 0 0 0 0 0 0 1 0 0 0 0 0 0 0 0 0 0 0 0
451 AAG 75 5 292027 7 0 0 1 0 0 0 33 0 0 0 3 0 0 0 0 0 0 0 0 0 0 0 0 0 0 0 0 0 0 0 101 0 0 0 0 0 0 0 0 0 0 0 0 0 0 0 0 0 0 0 0 0 0 0 0 0 0 0 0 0
452 AAT 11 3 0 292803 0 0 0 1 0 0 0 8 0 0 0 6 0 0 0 0 0 0 0 0 0 0 0 0 0 0 0 0 0 0 0 4 0 0 0 0 0 0 0 0 0 0 0 0 0 0 0 3 0 0 0 0 0 0 0 0 0 0 0 0
453 ACA 10 0 0 0 292038 1 45 4 0 0 0 0 54 0 0 0 0 0 0 0 0 0 0 0 0 0 0 0 0 0 0 0 0 0 0 0 33 0 0 0 0 0 0 0 0 0 0 0 0 0 0 0 0 0 0 0 0 0 0 0 0 0 0 0
454 AGT 0 0 1 83 0 0 0 4 6 18 8 292468 0 0 0 3 0 0 0 0 0 0 0 0 0 0 0 7 0 0 0 0 0 0 0 0 0 0 0 0 0 0 0 33 0 0 0 0 0 0 0 0 0 0 0 0 0 0 0 11 0 0 0 0
455 GAA 70 0 0 0 0 0 0 0 0 0 0 0 0 0 0 0 0 0 0 0 0 0 0 0 0 0 0 0 0 0 0 0 291028 1 12 2 0 0 0 0 10 0 0 0 0 0 0 0 1 0 0 0 0 0 0 0 0 0 0 0 0 0 0 0
456 ACC 0 12 0 0 13 291423 1 20 0 0 0 0 0 31 0 0 0 0 0 0 0 1 0 0 0 0 0 0 0 0 0 0 0 0 0 0 0 11 0 0 0 0 0 0 0 0 0 0 0 0 0 0 0 4 0 0 0 0 0 0 0 0 0 0
457 TTC 0 0 0 0 0 0 0 0 0 0 0 0 0 7 0 0 0 0 0 0 0 0 0 0 0 0 0 0 0 16 0 0 0 0 0 0 0 0 0 0 0 0 0 0 0 1 0 0 0 18 0 0 0 54 0 0 0 4 0 0 9 291622 0 48
458 AGA 36 0 0 0 2 0 0 0 292402 0 15 0 6 0 0 0 0 0 0 0 0 0 0 0 0 0 0 0 0 0 0 0 0 0 0 0 0 0 0 0 107 0 0 0 0 0 0 0 0 0 0 0 0 0 0 0 1 0 0 0 0 0 0 0
459 CCT 0 0 0 0 0 0 0 5 0 0 0 0 0 0 0 0 0 0 0 17 10 99 1 290492 0 0 0 2 0 0 0 18 0 0 0 0 0 0 0 0 0 0 0 0 0 0 0 0 0 0 0 0 0 0 0 22 0 0 0 0 0 0 0 1
460 GGA 0 0 0 0 0 0 0 0 31 0 0 0 0 0 0 0 0 0 0 0 0 0 0 0 1 0 0 0 0 0 0 0 44 0 0 0 3 0 0 0 291530 2 73 8 8 0 0 0 0 0 0 0 0 0 0 0 2 0 0 0 0 0 0 0
461 GGA 0 0 0 0 0 0 0 0 53 0 0 0 0 0 0 0 0 0 0 0 0 0 0 0 0 0 0 0 0 0 0 0 26 0 0 0 0 0 0 0 293304 1 43 2 8 0 0 0 0 0 0 0 0 0 0 0 5 0 0 0 0 0 0 0
462 GGA 2 0 0 0 0 0 0 0 62 0 0 0 0 0 0 0 0 0 0 0 0 0 0 0 0 0 0 0 0 0 0 0 29 0 0 0 0 0 0 0 293079 0 44 8 2 0 0 0 0 0 0 0 0 0 0 0 12 0 0 0 0 0 0 0
463 GAT 1 1 0 85 0 0 0 0 0 0 0 0 0 0 0 0 0 0 0 5 0 0 0 0 0 0 0 0 0 0 0 0 23 19 3 293199 0 2 0 2 0 0 0 9 0 0 0 3 0 0 0 7 0 0 0 0 0 0 0 0 0 0 0 0
464 ATG 0 0 1 0 0 0 18 0 0 0 1 0 48 2 293138 8 0 0 0 0 0 0 0 0 0 0 0 0 0 0 2 0 0 0 0 0 0 0 0 0 0 0 0 0 0 0 23 0 0 0 0 0 0 0 0 0 0 0 0 0 0 0 5 0
465 AGG 3 0 89 0 0 0 1 0 83 7 291383 12 0 0 48 0 0 0 0 0 0 0 0 0 0 0 3 0 0 0 0 0 0 0 0 0 0 0 0 0 0 0 76 0 0 0 0 0 0 0 0 0 0 0 0 0 0 0 9 0 0 0 0 0
466 GAC 0 68 0 0 0 0 0 0 0 0 0 0 0 0 0 0 0 0 0 0 0 0 0 0 0 0 0 0 0 0 0 0 16 292911 3 52 0 0 0 0 0 16 0 0 0 1 0 0 0 1 0 0 0 0 0 0 0 0 0 0 0 0 0 0
467 AAT 8 14 0 292500 0 0 0 3 0 0 0 8 0 0 0 35 0 0 0 1 0 0 0 0 0 0 0 0 0 0 0 0 0 0 0 24 0 0 0 0 0 0 0 0 0 0 0 0 0 0 0 6 0 0 0 0 0 0 0 0 0 0 0 0
468 TGG 0 0 0 0 0 0 0 0 0 0 2 0 0 0 0 0 0 0 0 0 0 0 0 0 0 0 17 0 0 0 0 0 0 0 0 0 0 0 0 0 0 0 3 0 0 0 0 0 0 0 42 0 0 0 1 0 24 0 291665 3 0 0 5 0
469 AGA 108 0 3 0 2 0 0 0 293368 0 6 2 0 0 0 0 0 0 0 0 0 0 0 0 0 0 0 0 0 0 0 0 0 0 0 0 0 0 0 0 49 0 0 0 0 0 0 0 0 0 0 0 0 0 0 0 5 0 0 0 0 0 0 0
470 AGT 0 0 3 102 0 0 0 3 8 33 0 369336 0 0 0 6 0 0 0 0 0 0 0 0 0 0 0 0 0 0 0 0 0 0 0 0 0 0 0 0 0 0 0 15 0 0 0 0 0 0 0 0 0 0 0 0 0 0 0 1 0 0 0 0
471 GAA 97 0 0 0 0 0 0 0 0 0 0 0 0 0 0 0 2 0 0 0 0 0 0 0 0 0 0 0 0 0 0 0 369430 3 11 9 0 0 0 0 10 0 0 0 3 0 0 0 7 0 0 0 0 0 0 0 0 0 0 0 0 0 0 0
472 TTA 3 0 0 0 0 0 0 0 0 0 0 0 52 0 0 0 2 0 0 0 1 0 0 0 0 0 0 0 9 0 0 0 0 0 0 0 0 0 0 0 0 0 0 0 3 0 0 0 11 0 0 0 24 0 0 0 2 0 0 0 369359 2 6 0
473 TAT 3 0 0 1 0 0 0 0 0 0 0 0 0 0 0 0 0 0 0 25 0 0 0 0 0 0 0 0 0 0 0 0 0 0 0 2 0 0 0 0 0 0 0 0 0 0 0 0 53 15 3 369609 0 0 0 0 0 0 0 21 0 0 0 1
474 AAG 113 3 369383 11 0 0 2 0 1 0 25 0 0 0 16 0 0 0 1 0 0 0 0 0 0 0 0 0 0 0 0 0 0 0 64 0 0 0 0 0 0 0 0 0 0 0 0 0 0 0 4 0 0 0 0 0 0 0 0 0 0 0 0 0
475 TAT 0 0 0 6 0 0 0 0 0 0 0 0 0 0 0 0 0 0 0 18 0 0 0 0 0 0 0 0 0 0 0 0 0 0 0 0 0 0 0 0 0 0 0 0 0 0 0 0 21 12 0 369496 0 0 0 1 0 0 0 11 0 0 0 1
476 AAA 369096 3 77 3 5 0 0 0 15 0 0 0 7 0 0 0 0 0 0 0 0 0 0 0 0 0 0 0 0 0 0 0 38 0 0 0 0 0 0 0 0 0 0 0 0 0 0 0 0 0 0 0 0 0 0 0 0 0 0 0 0 0 0 0
477 GTA 2 0 0 0 0 0 0 0 0 0 0 0 118 0 0 0 0 0 0 0 0 0 0 0 0 0 0 0 0 0 0 0 3 0 0 0 23 0 0 0 1 0 0 0 369142 0 5 1 1 0 0 0 0 0 0 0 0 0 0 0 16 0 0 0
478 GTA 0 0 0 0 0 0 0 0 0 0 0 0 103 0 0 0 0 0 0 0 0 0 0 0 0 0 0 0 1 0 0 0 74 0 0 0 27 0 0 0 3 0 0 0 368992 0 18 0 0 0 0 0 0 0 0 0 0 0 0 0 8 0 0 0
479 AAA 369287 0 14 5 2 0 0 0 13 0 0 0 8 0 0 0 5 0 0 0 0 0 0 0 0 0 0 0 0 0 0 0 10 0 0 0 0 0 0 0 0 0 0 0 0 0 0 0 0 0 0 0 0 0 0 1 0 0 0 0 0 0 0 0
480 ATT 0 0 0 18 0 0 0 8 0 0 0 1 19 25 0 368870 0 0 0 0 0 0 0 0 0 0 0 0 0 0 0 0 0 0 0 0 0 0 0 0 0 0 0 0 0 0 0 9 0 0 0 0 0 0 0 0 0 0 0 0 0 0 0 76
481 GAA 91 0 0 0 0 0 0 0 0 0 0 0 0 0 0 0 1 0 0 0 0 0 0 0 0 0 0 0 0 0 0 0 369252 0 59 1 2 0 0 0 45 0 0 0 8 0 0 0 9 0 0 0 0 0 0 0 0 0 0 0 0 0 0 0
482 CCA 0 0 0 0 12 0 0 0 0 0 0 0 0 0 0 0 5 0 0 0 369610 0 9 0 0 0 0 0 31 0 0 0 0 0 0 0 0 0 0 0 0 0 0 0 0 0 0 0 0 0 0 0 38 0 0 0 0 0 0 0 0 0 0 0
483 ATA 4 0 0 0 3 0 0 0 0 0 0 0 75687 1 22 0 0 0 0 0 0 0 0 0 0 0 0 0 0 0 0 0 0 0 0 0 0 0 0 0 0 0 0 0 5 0 0 0 0 0 0 0 0 0 0 0 0 0 0 0 1 0 0 0
484 GGA 0 0 0 0 0 0 0 0 20 0 0 0 0 0 0 0 0 0 0 0 0 0 0 0 1 0 0 0 0 0 0 0 9 0 0 0 1 0 0 0 75716 0 4 0 0 0 0 0 0 0 0 0 0 0 0 0 10 0 0 0 0 0 0 0
485 GTA 0 0 0 0 0 0 0 0 0 0 0 0 38 0 0 0 0 0 0 0 0 0 0 0 0 0 0 0 0 0 0 0 1 0 0 0 0 0 0 0 0 0 0 0 75871 0 18 1 0 0 0 0 0 0 0 0 0 0 0 0 3 0 0 0
486 GCA 0 0 0 0 21 0 0 0 0 0 0 0 0 0 0 0 0 0 0 0 0 0 0 0 0 0 0 0 0 0 0 0 6 0 0 0 75782 0 3 3 0 0 0 0 44 0 0 0 0 0 0 0 4 0 0 0 0 0 0 0 0 0 0 0
487 CCC 0 0 0 0 0 3 0 0 0 0 0 0 0 0 0 1 0 3 0 0 5 75746 0 5 0 0 0 0 0 9 0 0 0 0 0 0 0 1 0 0 0 0 0 0 0 0 0 0 0 0 0 0 0 15 0 0 0 0 0 0 0 0 0 0
488 ACC 0 1 0 0 3 75593 0 6 0 1 0 0 0 6 0 0 0 0 0 0 0 0 0 0 0 0 0 0 0 0 0 0 0 0 0 0 0 0 0 0 0 0 0 0 0 0 0 0 0 0 0 0 0 1 0 0 0 0 0 0 0 0 0 0
489 AGG 0 0 11 0 0 0 0 0 11 0 75361 0 0 0 3 0 0 0 0 0 0 0 0 0 0 0 0 0 0 0 0 0 0 0 0 0 0 0 0 0 0 0 19 0 0 0 0 0 0 0 0 0 0 0 1 0 0 0 3 0 0 0 0 0
490 GCA 0 0 0 0 50 0 0 0 0 0 0 0 0 0 0 0 0 0 0 0 0 0 0 0 0 0 0 0 0 0 0 0 3 0 0 0 75154 0 0 0 1 0 0 0 6 0 0 0 0 0 0 0 2 0 0 0 0 0 0 0 0 0 0 0
491 AAA 75721 0 2 0 0 0 0 0 2 0 0 0 0 0 0 0 1 0 0 0 0 0 0 0 0 0 0 0 0 0 0 0 3 0 0 0 0 0 0 0 0 0 0 0 0 0 0 0 0 0 0 0 0 0 0 0 0 0 0 0 0 0 0 0
492 AGA 10 0 0 0 2 0 0 0 75836 0 4 0 0 0 0 0 0 0 0 0 0 0 0 0 0 0 0 0 0 0 0 0 0 0 0 0 0 0 0 0 58 0 0 0 0 0 0 0 0 0 0 0 0 0 0 0 0 0 0 0 0 0 0 0
493 AGA 6 0 0 0 0 0 0 0 75928 0 2 1 2 0 0 0 0 0 0 0 0 0 0 0 2 0 0 0 0 0 0 0 0 0 0 0 0 0 0 0 6 0 0 0 0 0 0 0 0 0 0 0 0 0 0 0 0 0 0 0 0 0 0 0
494 GTG 0 0 0 0 0 0 0 0 0 0 0 0 0 0 10 0 0 0 0 0 0 0 0 0 0 0 0 0 0 0 0 0 0 0 0 0 0 0 1 0 0 0 1 0 9 1 72653 0 0 0 0 0 0 0 0 0 0 0 0 0 0 0 0 0
495 GTG 0 0 0 0 0 0 0 0 0 0 0 0 0 0 14 0 0 0 0 0 0 0 0 0 0 0 0 0 0 0 0 0 0 0 0 0 0 0 0 0 0 0 0 0 11 0 72377 3 0 0 0 0 0 0 0 0 0 0 0 0 0 0 0 0
496 GAG 0 0 12 0 0 0 0 0 0 0 0 0 0 0 0 0 0 0 0 0 0 0 0 0 0 0 0 0 0 0 0 0 7 0 74411 0 0 0 0 0 0 0 12 0 0 0 1 0 0 0 1 0 0 0 0 0 0 0 0 0 0 0 0 0
497 AGA 10 0 0 0 0 0 0 0 75330 0 5 0 2 0 0 0 0 0 0 0 0 0 0 0 0 0 0 0 0 0 0 0 0 0 0 0 0 0 0 0 5 0 0 0 0 0 0 0 0 0 0 0 0 0 0 0 2 0 0 0 0 0 0 0
498 GAA 16 0 0 0 0 0 0 0 0 0 0 0 0 0 0 0 0 0 0 0 0 0 0 0 0 0 0 0 0 0 0 0 74841 0 1 0 0 0 0 0 5 0 0 0 0 0 0 0 1 0 0 0 0 0 0 0 0 0 0 0 0 0 0 0
499 AAA 75613 0 7 1 0 0 0 0 3 0 0 0 0 0 0 0 0 0 0 0 0 0 0 0 0 0 0 0 0 0 0 0 4 0 0 0 0 0 0 0 0 0 0 0 0 0 0 0 0 0 0 0 0 0 0 0 0 0 0 0 0 0 0 0
500 AGA 6 0 0 0 0 0 0 0 74764 0 4 0 0 0 0 0 0 0 0 0 0 0 0 0 1 0 0 0 0 0 0 0 0 0 0 0 0 0 0 0 144 0 0 0 0 0 0 0 0 0 0 0 0 0 0 0 0 0 0 0 0 0 0 0
501 GCA 0 0 0 0 15 0 0 0 0 0 0 0 0 0 0 0 0 0 0 0 0 0 0 0 0 0 0 0 0 0 0 0 3 0 0 0 74745 2 3 4 0 0 0 0 35 0 0 0 0 0 0 0 1 0 0 0 0 0 0 0 0 0 0 0
502 GTT 0 0 0 0 0 0 0 0 0 0 0 0 0 0 0 12 0 0 0 0 0 0 0 0 0 0 0 0 0 0 0 0 0 0 0 4 0 0 0 2 0 0 0 0 1 5 0 64560 0 0 0 0 0 0 0 0 0 0 0 0 0 0 0 0
503 GGA 0 0 0 0 0 0 0 0 12 0 0 0 0 0 0 0 0 0 0 0 0 0 0 0 1 0 0 0 0 0 0 0 21 0 0 0 0 0 0 0 75171 0 7 0 2 0 0 0 0 0 0 0 0 0 0 0 2 0 0 0 0 0 0 0
504 ATA 1 0 0 0 4 0 0 0 1 0 0 0 74453 0 12 0 0 0 0 0 0 0 0 0 0 0 0 0 0 0 0 0 0 0 0 0 0 0 0 0 0 0 0 0 2 0 0 0 0 0 0 0 0 0 0 0 0 0 0 0 1 0 0 0
505 GGA 0 0 0 0 0 0 0 0 17 0 0 0 0 0 0 0 0 0 0 0 0 0 0 0 0 0 0 0 0 0 0 0 3 0 0 0 0 0 0 0 73381 0 1 0 0 0 0 0 0 0 0 0 0 0 0 0 1 0 0 0 0 0 0 0
506 GCT 0 0 0 0 0 0 0 11 0 0 0 0 0 0 0 0 0 0 0 0 0 0 0 0 0 0 0 0 0 0 0 0 0 0 0 1 0 5 1 65814 0 0 0 0 0 0 0 9 0 0 0 0 0 0 0 0 0 0 0 0 0 0 0 0
507 GTC 0 0 0 0 0 0 0 0 0 0 0 0 0 18 0 0 0 0 0 0 0 0 0 0 0 0 0 0 0 0 0 0 0 0 0 0 0 5 0 0 0 0 0 0 7 68697 0 8 0 0 0 0 0 0 0 0 0 0 0 0 0 0 0 0
508 TTC 0 0 0 0 0 0 0 0 0 0 0 0 0 0 0 0 0 0 0 0 0 0 0 0 0 0 0 0 0 3 0 0 0 0 0 0 0 0 0 0 0 0 0 0 0 1 0 0 0 0 0 0 0 6 0 0 0 1 0 0 1 62008 0 2
509 ATT 0 0 0 3 0 0 0 1 0 0 0 0 0 2 0 70310 0 0 0 0 0 0 0 0 0 0 0 0 0 0 0 0 0 0 0 0 0 0 0 0 0 0 0 0 0 0 0 2 0 0 0 0 0 0 0 0 0 0 0 0 0 0 0 0
510 GGG 0 0 0 0 0 0 0 0 0 0 11 0 0 0 0 0 0 0 0 0 0 0 0 0 0 0 0 0 0 0 0 0 0 0 6 0 0 0 0 0 15 0 67935 0 0 0 2 0 0 0 0 0 0 0 0 0 0 0 2 0 0 0 0 0
511 TTC 0 0 0 0 0 0 0 0 0 0 0 0 0 0 0 0 0 0 0 0 0 0 0 0 0 0 0 0 0 3 0 0 0 0 0 0 0 0 0 0 0 0 0 0 0 0 0 0 0 0 0 0 0 3 0 0 0 0 0 0 1 56706 0 1
512 TTA 0 0 0 0 0 0 0 0 0 0 0 0 0 0 0 0 0 0 0 0 0 0 0 0 0 0 0 0 2 0 0 0 0 0 0 0 0 0 0 0 0 0 0 0 1 0 0 0 0 0 0 0 3 0 0 0 0 0 0 0 67209 0 20 0
513 GGA 1 0 0 1 0 0 0 0 15 0 0 0 0 0 0 0 0 0 0 0 0 0 0 0 0 0 0 0 0 0 0 0 18 0 0 0 1 0 0 0 67488 0 5 0 1 0 0 0 0 0 0 0 0 0 0 0 2 0 0 0 0 0 0 0
514 GCA 0 0 0 0 52 0 0 0 0 0 0 0 0 0 0 0 0 0 0 0 0 0 0 0 0 0 0 0 0 0 0 0 1 0 0 0 73150 1 6 1 0 0 0 0 25 0 0 0 0 0 0 0 1 0 0 0 0 0 0 0 0 0 0 0
515 GCA 0 0 0 0 39 0 0 0 0 0 0 0 0 0 0 0 0 0 0 0 1 0 0 0 0 0 0 0 0 0 0 0 1 0 0 0 71511 0 22 0 0 0 0 0 17 0 0 0 0 0 0 0 1 0 0 0 0 0 0 0 0 0 0 0
516 GGA 0 0 0 0 0 0 0 0 8 0 0 0 0 0 0 0 0 0 0 0 0 0 0 0 0 0 0 0 0 0 0 0 11 0 0 0 0 0 0 0 64224 0 3 1 2 0 0 0 0 0 0 0 0 0 0 0 0 0 0 0 0 0 0 0
517 AGC 0 22 0 0 0 0 0 0 0 64471 0 13 0 0 0 0 0 0 0 0 0 0 0 0 0 0 0 0 0 0 0 0 0 0 0 0 0 0 0 0 0 2 0 0 0 0 0 0 0 0 0 0 0 0 0 0 0 0 0 0 0 0 0 0
518 ACT 0 0 0 1 0 10 0 61691 0 0 0 1 0 0 0 2 0 0 0 0 0 0 0 0 0 0 0 0 0 0 0 0 0 0 0 0 0 0 0 0 0 0 0 0 0 0 0 0 0 0 0 0 0 0 0 0 0 0 0 0 0 0 0 0
519 ATG 0 0 1 0 0 0 4 0 0 0 0 0 1 0 57169 0 0 0 0 0 0 0 0 0 0 0 0 0 0 0 0 0 0 0 0 0 0 0 0 0 0 0 0 0 0 0 8 0 0 0 0 0 0 0 0 0 0 0 0 0 0 0 0 0
520 GGC 0 0 0 0 0 0 0 0 0 5 0 0 0 0 0 0 0 0 0 0 0 0 0 0 0 0 0 0 0 0 0 0 0 13 0 0 0 0 0 0 1 53085 3 7 0 0 0 0 0 0 0 0 0 0 0 0 0 1 0 0 0 0 0 0
521 GCG 0 0 0 0 0 0 19 0 0 0 0 0 0 0 0 0 0 0 0 0 0 0 0 0 0 0 0 0 0 0 0 0 0 0 5 0 27 0 70414 2 0 0 0 0 0 0 9 0 0 0 0 0 0 0 2 0 0 0 0 0 0 0 0 0
522 GCG 0 0 0 0 0 0 7 0 0 0 0 0 0 0 0 0 0 0 0 0 0 0 0 0 0 0 0 0 0 0 0 0 0 0 0 0 34 0 56221 0 0 0 0 0 0 0 16 0 0 0 0 0 0 0 3 0 0 0 0 0 0 0 0 0
523 TCA 0 0 0 0 3 0 0 0 0 0 0 0 0 0 0 0 0 0 0 0 14 0 0 0 0 0 0 0 0 0 0 0 0 0 0 0 0 0 0 0 0 0 0 0 0 0 0 0 4 0 0 0 66757 1 15 1 2 0 0 0 11 0 0 0
524 GTA 0 0 0 0 0 0 0 0 0 0 0 0 34 0 0 0 0 0 0 0 0 0 0 0 0 0 0 0 0 0 0 0 0 0 0 0 3 0 0 0 0 0 0 0 64514 0 4 0 0 0 0 0 0 0 0 0 0 0 0 0 2 0 0 0
525 ACG 0 0 2 0 14 1 52158 1 0 0 0 0 0 0 4 0 0 0 0 0 0 0 0 0 0 0 0 0 0 0 0 0 0 0 0 0 0 0 2 0 0 0 0 0 0 0 0 0 0 0 0 0 0 0 0 0 0 0 0 0 0 0 0 0
526 CTG 0 0 0 0 0 0 0 0 0 0 0 0 0 0 0 0 0 0 0 0 0 0 5 0 0 0 0 0 7 0 54172 0 0 0 0 0 0 0 0 0 0 0 0 0 0 0 1 0 0 0 0 0 0 0 0 0 0 0 0 0 0 0 4 0
527 ACG 0 0 4 0 8 0 46162 3 0 0 0 0 0 0 29 0 0 0 0 0 0 0 0 0 0 0 1 0 0 0 0 0 0 0 0 0 0 0 1 0 0 0 0 0 0 0 0 0 0 0 0 0 0 0 0 0 0 0 0 0 0 0 0 0
528 GTA 0 0 0 0 0 0 0 0 0 0 0 0 22 0 0 0 0 0 0 0 0 0 0 0 0 0 0 0 2 0 0 0 0 0 0 0 3 0 0 0 0 0 0 1 53780 0 3 0 0 0 0 0 0 0 0 0 0 0 0 0 0 0 0 0
529 CAG 0 0 1 0 0 0 0 0 0 0 0 0 0 0 0 0 9 0 45004 6 0 0 1 0 0 0 17 0 0 0 2 0 0 0 0 0 0 0 0 0 0 0 0 0 0 0 0 0 0 0 9 0 0 0 0 0 0 0 0 0 0 0 0 0
530 GCC 0 0 0 0 0 28 0 0 0 0 0 0 0 0 0 0 0 0 0 0 0 0 0 0 0 0 0 0 0 0 0 0 0 5 0 0 0 52612 0 2 0 0 0 0 0 9 0 0 0 0 0 0 0 2 0 0 0 0 0 0 0 0 0 0
531 AGA 10 0 0 0 0 0 0 0 67411 0 2 1 0 0 0 0 0 0 0 0 0 0 0 0 1 0 0 0 0 0 0 0 0 0 0 0 0 0 0 0 2 0 0 0 0 0 0 0 0 0 0 0 0 0 0 0 1 0 0 0 0 0 0 0
532 CAA 0 0 0 0 0 0 0 0 0 0 0 0 0 0 0 0 49825 0 2 0 0 0 0 0 2 0 0 0 0 0 0 0 0 0 0 0 0 0 0 0 0 0 0 0 0 0 0 0 4 0 0 0 0 0 0 0 0 0 0 0 0 0 0 0
533 TTA 0 0 0 0 0 0 0 0 0 0 0 0 1 0 0 1 0 0 0 0 0 0 0 0 0 0 0 0 1 0 0 0 0 0 0 0 0 0 0 0 0 0 0 0 1 0 0 0 0 0 0 0 4 0 0 0 0 0 0 0 55658 2 2 0
534 TTG 0 0 0 0 0 0 0 0 0 0 0 0 0 0 2 0 0 0 0 0 0 0 0 0 0 0 0 0 0 0 5 0 0 0 0 0 0 0 0 0 0 0 0 0 0 0 0 0 0 0 2 0 0 0 1 0 0 0 0 0 11 0 59936 1
535 TCT 0 0 0 0 0 0 0 0 0 0 0 0 0 0 0 0 0 0 0 0 0 0 0 2 0 0 0 0 0 0 0 0 0 0 0 0 0 0 0 2 0 0 0 0 0 1 0 0 0 0 0 5 0 3 0 43195 0 0 0 0 0 0 0 3
536 GGT 0 0 0 0 0 0 0 0 0 0 0 10 0 0 0 0 0 0 0 0 0 0 0 0 0 0 0 0 0 0 0 0 0 0 0 15 0 0 0 0 0 7 0 57126 0 0 0 0 0 0 0 0 0 0 0 0 0 0 0 0 0 0 0 0
537 ATA 2 0 0 1 3 0 0 0 0 0 0 0 71255 0 5 1 0 0 0 0 0 0 0 0 0 0 0 0 0 0 0 0 0 0 0 0 0 0 0 0 0 0 0 0 7 0 0 0 0 0 0 0 0 0 0 0 0 0 0 0 0 0 0 0
538 GTG 0 0 0 0 0 0 0 0 0 0 0 0 1 0 5 0 0 0 0 0 0 0 0 0 0 0 0 0 0 0 0 0 0 0 0 0 0 0 4 0 0 0 0 0 14 0 67397 1 0 0 0 0 0 0 0 0 0 0 0 0 0 0 0 0
539 CAA 0 0 0 0 0 0 0 0 0 0 0 0 0 0 0 0 73440 0 9 1 0 0 0 0 3 0 0 0 0 0 0 0 0 0 0 0 0 0 0 0 0 0 0 0 0 0 0 0 12 0 0 0 0 0 0 0 0 0 0 0 0 0 0 0
540 CAG 0 0 2 0 0 0 0 0 0 0 0 0 0 0 0 0 35 0 71127 3 0 0 0 0 0 0 2 0 0 0 0 0 0 0 0 0 0 0 0 0 0 0 0 0 0 0 0 0 0 0 9 0 0 0 0 0 0 0 0 0 0 0 0 0
541 CAA 1 0 0 0 0 0 0 0 0 0 0 0 0 0 0 0 69717 0 0 0 0 0 0 0 1 0 0 0 0 0 0 0 0 0 0 0 0 0 0 0 0 0 0 0 0 0 0 0 4 0 0 0 0 0 0 0 0 0 0 0 0 0 0 0
542 AGC 0 23 0 0 0 1 0 0 2 70627 0 22 0 0 0 0 0 0 0 0 0 0 0 0 0 0 0 0 0 0 0 0 0 0 0 0 0 0 0 0 0 2 0 0 0 0 0 0 0 0 0 0 0 0 0 0 0 2 0 0 0 0 0 0
543 AAT 0 3 0 73239 0 0 0 0 0 0 0 0 0 0 0 1 0 0 0 0 0 0 0 0 0 0 0 0 0 0 0 0 0 0 0 3 0 0 0 0 0 0 0 0 0 0 0 0 0 0 0 1 0 0 0 0 0 0 0 0 0 0 0 0
544 TTG 0 0 0 0 0 0 0 0 0 0 0 0 0 0 1 0 0 0 0 0 0 0 0 0 0 0 0 0 0 0 2 0 0 0 0 0 0 0 0 0 0 0 0 0 0 0 1 0 0 0 0 0 0 0 0 0 0 0 0 0 11 0 72998 0
545 CTG 0 0 0 0 0 0 0 0 0 0 0 0 0 0 0 0 0 0 0 0 0 0 7 0 0 0 1 0 13 0 74215 1 0 0 0 0 0 0 0 0 0 0 0 0 0 0 0 0 0 0 0 0 0 0 0 0 0 0 0 0 0 0 18 0
546 AGG 0 0 21 0 0 0 1 0 5 0 75047 0 0 0 11 0 0 0 0 0 0 0 0 0 0 0 0 0 0 0 0 0 0 0 0 0 0 0 0 0 0 0 12 0 0 0 0 0 0 0 0 0 0 0 0 0 0 0 1 0 0 0 0 0
547 GCT 0 0 0 0 0 0 0 54 0 0 0 0 0 0 0 0 0 0 0 0 0 0 0 1 0 0 0 0 0 0 0 0 0 0 0 7 1 14 0 74270 0 0 0 0 0 0 0 6 0 0 0 0 0 0 0 3 0 0 0 0 0 0 0 0
548 ATA 3 0 0 0 0 0 0 0 0 0 0 0 75361 0 18 2 0 0 0 0 0 0 0 0 0 0 0 0 0 0 0 0 0 0 0 0 0 0 0 0 0 0 0 0 5 0 0 0 0 0 0 0 0 0 0 0 0 0 0 0 1 0 0 0
549 GAG 0 0 16 0 0 0 0 0 0 0 0 0 0 0 0 0 0 0 0 0 0 0 0 0 0 0 0 0 0 0 0 0 6 0 75552 3 0 0 0 0 0 0 8 0 0 0 7 0 0 0 4 0 0 0 0 0 0 0 0 0 0 0 0 0
550 GCT 0 0 0 0 0 0 0 33 0 0 0 0 0 0 0 0 0 0 0 0 0 0 0 1 0 0 0 0 0 0 0 0 0 0 0 3 1 12 0 73408 0 0 0 0 0 0 0 10 0 0 0 0 0 0 0 1 0 0 0 0 0 0 0 0
551 CAA 2 0 0 0 0 0 0 0 0 0 0 0 0 0 0 0 75681 0 3 1 0 0 0 0 7 0 0 0 0 0 0 0 0 0 0 0 0 0 0 0 0 0 0 0 0 0 0 0 2 0 0 0 0 0 0 0 0 0 0 0 0 0 0 0
552 CAG 0 0 0 0 0 0 0 0 0 0 0 0 0 0 0 0 55 0 75641 1 0 0 1 0 0 0 7 0 0 0 0 0 0 0 0 0 0 0 0 0 0 0 0 0 0 0 0 0 0 0 6 0 0 0 0 0 0 0 0 0 0 0 0 0
553 CAT 0 0 0 2 0 0 0 0 0 0 0 0 0 0 0 0 7 1 2 75332 0 0 0 0 0 0 0 2 0 0 0 0 0 0 0 0 0 0 0 0 0 0 0 0 0 0 0 0 0 0 0 18 0 0 0 0 0 0 0 0 0 0 0 0
554 CTG 0 0 0 0 0 0 0 0 0 0 0 0 0 0 5 0 0 0 2 0 0 0 23 0 0 0 0 0 18 0 75467 0 0 0 0 0 0 0 0 0 0 0 0 0 0 0 0 0 0 0 0 0 0 0 0 0 0 0 0 0 0 0 16 0
555 TTG 0 0 0 0 0 0 0 0 0 0 0 0 0 0 0 0 0 0 0 0 0 0 0 0 0 0 0 0 0 0 10 0 0 0 0 0 0 0 0 0 0 0 0 0 0 0 0 0 0 0 1 0 0 0 22 0 0 0 1 0 2 0 75769 1
556 AAA 75693 0 2 0 0 0 0 0 2 0 0 0 0 0 0 0 0 0 0 0 0 0 0 0 0 0 0 0 0 0 0 0 3 0 0 0 0 0 0 0 0 0 0 0 0 0 0 0 0 0 0 0 0 0 0 0 0 0 0 0 0 0 0 0
557 CTC 0 0 0 0 0 0 0 0 0 0 0 0 0 4 0 0 0 1 0 0 0 4 0 0 0 3 0 0 2 74961 0 1 0 0 0 0 0 0 0 0 0 0 0 0 0 0 0 0 0 0 0 0 0 0 0 0 0 0 0 0 0 8 0 0
558 ACG 0 0 4 0 15 0 75568 2 0 0 0 0 0 0 48 0 0 0 0 0 0 0 0 0 0 0 0 0 0 0 0 0 0 0 0 0 0 0 7 0 0 0 0 0 0 0 0 0 0 0 0 0 0 0 0 0 0 0 0 0 0 0 0 0
559 GTC 0 0 0 0 0 0 0 0 0 0 0 0 0 15 0 0 0 0 0 0 0 0 0 0 0 0 0 0 0 1 0 0 0 0 0 0 0 1 0 0 0 0 0 0 0 75926 0 4 0 0 0 0 0 0 0 0 0 0 0 0 0 3 0 0
560 TGG 0 0 0 0 0 0 0 0 0 0 1 0 0 0 0 0 0 0 0 0 0 0 0 0 0 0 20 0 0 0 0 0 0 0 0 0 0 0 0 0 0 0 1 0 0 0 0 0 0 0 9 0 0 0 0 0 7 0 75593 1 0 0 0 0
561 GGC 0 0 0 0 0 0 0 0 0 18 0 0 0 0 0 0 0 0 0 0 0 0 0 0 0 1 0 0 0 0 0 0 0 56 0 0 0 0 0 0 1 75567 0 11 0 1 0 0 0 0 0 0 0 0 0 0 0 0 0 0 0 0 0 0
562 ATT 0 0 0 0 0 0 0 8 0 0 0 0 3 8 0 75892 0 0 0 0 0 0 0 0 0 0 0 0 0 0 0 0 0 0 0 0 0 0 0 0 0 0 0 0 0 0 0 4 0 0 0 0 0 0 0 0 0 0 0 0 0 0 0 0
563 AAA 75707 1 3 0 0 0 0 0 2 0 0 0 0 0 0 0 0 0 0 0 0 0 0 0 0 0 0 0 0 0 0 0 2 0 0 0 0 0 0 0 0 0 0 0 0 0 0 0 0 0 0 0 0 0 0 0 0 0 0 0 0 0 0 0
564 CAG 0 0 4 0 0 0 0 0 0 0 0 0 0 0 0 0 23 0 75864 2 0 0 0 0 0 0 5 0 0 0 0 0 0 0 0 0 0 0 0 0 0 0 0 0 0 0 0 0 0 0 21 0 0 0 0 0 0 0 0 0 0 0 0 0
565 CTC 0 0 0 0 0 0 0 0 0 0 0 0 0 1 0 0 0 0 0 0 0 7 0 0 0 1 0 0 1 75702 0 1 0 0 0 0 0 0 0 0 0 0 0 0 0 0 0 0 0 0 0 0 0 0 0 0 0 0 0 0 0 12 0 0
566 CAG 0 0 0 0 0 0 0 0 0 0 0 0 0 0 0 0 16 0 75917 1 0 0 1 0 0 0 18 0 0 0 1 0 0 0 0 0 0 0 0 0 0 0 0 0 0 0 0 0 0 0 4 0 0 0 0 0 0 0 0 0 0 0 0 0
567 GCA 0 0 0 0 24 0 0 0 0 0 0 0 0 0 0 0 0 0 0 0 0 0 0 0 0 0 0 0 0 0 0 0 2 0 0 0 75883 0 3 0 0 0 0 0 5 0 0 0 0 0 0 0 0 0 0 0 0 0 0 0 0 0 0 0
568 AGA 7 0 0 0 0 0 0 0 75979 0 1 0 0 0 0 0 0 0 0 0 0 0 0 0 0 0 0 0 0 0 0 0 0 0 0 0 0 0 0 0 3 0 0 0 0 0 0 0 0 0 0 0 0 0 0 0 2 0 0 0 0 0 0 0
569 GTC 0 1 0 0 0 0 0 0 0 0 0 0 0 22 0 0 0 0 0 0 0 0 0 0 0 0 0 0 0 6 0 0 0 0 0 0 0 7 0 0 0 0 0 0 1 75736 0 3 0 0 0 0 0 0 0 0 0 0 0 0 0 4 0 0
570 CTA 0 0 0 0 0 0 0 0 0 0 0 0 3 0 0 0 0 0 0 0 3 0 0 0 0 0 0 0 75835 0 11 0 0 0 0 0 0 0 0 0 0 0 0 0 0 0 0 0 0 0 0 0 0 0 0 0 0 0 0 0 3 0 0 0
571 GCT 0 0 0 0 0 0 0 16 0 0 0 0 0 0 0 0 0 0 0 0 0 0 0 0 0 0 0 0 0 0 0 0 0 0 0 1 0 1 1 75924 0 0 0 0 0 0 0 6 0 0 0 0 0 0 0 0 0 0 0 0 0 0 0 0
572 GTG 0 0 0 0 0 0 0 0 0 0 0 0 0 0 12 0 0 0 0 0 0 0 0 0 0 0 0 0 0 0 0 0 0 0 0 0 0 0 11 0 0 0 0 0 4 0 75937 1 0 0 0 0 0 0 0 0 0 0 0 0 0 0 2 0
573 GAA 8 0 0 0 0 0 0 0 0 0 0 0 0 0 0 0 1 0 0 0 0 0 0 0 0 0 0 0 0 0 0 0 75932 0 11 0 0 0 0 0 5 0 0 0 0 0 0 0 1 0 0 0 0 0 0 0 0 0 0 0 0 0 0 0
574 AGA 7 0 0 0 0 0 0 0 75897 1 1 3 1 0 0 0 0 0 0 0 0 0 0 0 0 0 0 0 0 0 0 0 0 0 0 0 0 0 0 0 6 0 0 0 0 0 0 0 0 0 0 0 0 0 0 0 0 0 0 0 0 0 0 0
575 TAC 0 3 0 0 0 0 0 0 0 0 0 0 0 0 0 0 0 4 0 0 0 0 0 0 0 0 0 0 0 0 0 0 0 1 0 0 0 0 0 0 0 0 0 0 0 0 0 0 1 75879 0 14 0 0 0 0 0 10 0 0 0 0 0 0
576 CTA 0 0 0 0 0 0 0 0 0 0 0 0 7 0 0 0 1 0 0 0 5 0 0 0 0 0 0 0 75969 0 4 0 0 0 0 0 0 0 0 0 0 0 0 0 0 0 0 0 0 0 0 0 0 0 0 0 0 0 0 0 1 0 0 0
577 AAG 14 0 76014 1 0 0 0 0 0 0 22 0 0 0 1 0 0 0 0 0 0 0 0 0 0 0 0 0 0 0 0 0 0 0 2 0 0 0 0 0 0 0 0 0 0 0 0 0 0 0 0 0 0 0 0 0 0 0 0 0 0 0 0 0
578 GAT 0 0 0 14 0 0 0 0 0 0 0 0 0 0 0 0 0 0 0 0 0 0 0 0 0 0 0 0 0 0 0 0 1 2 0 75871 0 0 0 0 0 0 0 4 0 0 0 0 0 0 0 1 0 0 0 0 0 0 0 0 0 0 0 0
579 CAA 2 0 0 0 0 0 0 0 0 0 0 0 0 0 0 0 75939 0 6 1 0 0 0 0 15 0 0 0 0 0 0 0 0 0 0 0 0 0 0 0 0 0 0 0 0 0 0 0 2 0 0 0 0 0 0 0 0 0 0 0 0 0 0 0
580 CAG 0 0 2 0 0 0 0 0 0 0 0 0 0 0 0 0 16 0 75861 0 0 0 2 0 0 0 10 0 0 0 3 0 0 0 0 0 0 0 0 0 0 0 0 0 0 0 0 0 0 0 2 0 0 0 0 0 0 0 0 0 0 0 0 0
581 CTC 0 0 0 0 0 0 0 0 0 0 0 0 0 2 0 0 0 0 0 0 0 0 0 0 0 1 0 0 1 75759 1 1 0 0 0 0 0 0 0 0 0 0 0 0 0 0 0 0 0 0 0 0 0 0 0 0 0 0 0 0 0 7 0 0
582 CTA 0 0 0 0 0 0 0 0 0 0 0 0 4 0 0 0 1 0 0 0 19 0 0 0 1 0 0 0 75970 0 11 0 0 0 0 0 0 0 0 0 0 0 0 0 0 0 0 0 0 0 0 0 0 0 0 0 0 0 0 0 4 0 0 0
583 GGA 0 0 0 0 0 0 0 0 22 0 0 0 0 0 0 0 0 0 0 0 0 0 0 0 0 0 0 0 0 0 0 0 6 0 0 0 0 0 0 0 76002 0 2 1 0 0 0 0 1 0 0 0 0 0 0 0 1 0 0 0 0 0 0 0
584 ATT 0 0 0 2 0 0 0 1 0 0 0 1 0 0 2 75755 0 0 0 0 0 0 0 0 0 0 0 0 0 0 0 0 0 0 0 0 0 0 0 0 0 0 0 0 0 0 0 0 0 0 0 0 0 0 0 0 0 0 0 0 0 0 0 0
585 TGG 0 0 0 0 0 0 0 0 0 0 0 0 0 0 0 0 0 0 0 0 0 0 0 0 0 0 7 0 0 0 0 0 0 0 0 0 0 0 0 0 0 0 3 0 0 0 0 0 0 0 13 0 0 0 0 0 24 0 75922 5 0 0 7 0
586 GGC 0 0 0 0 0 0 0 0 0 19 0 0 0 0 0 0 0 0 0 0 0 0 0 0 0 1 0 0 0 0 0 0 0 32 0 0 0 1 0 0 4 75984 0 13 0 1 0 0 0 0 0 0 0 0 0 0 0 0 0 0 0 0 0 0
587 TGC 0 0 0 0 0 0 0 0 0 3 0 0 0 0 0 0 0 0 0 0 0 0 0 0 0 18 0 0 0 0 0 0 0 0 0 0 0 0 0 0 0 2 0 0 0 0 0 0 1 251 0 0 0 2 0 0 8 408224 5 59 0 1 0 0
588 TCT 0 0 0 0 0 0 0 97 0 0 0 0 0 0 0 0 0 0 0 0 0 0 0 44 0 0 0 0 0 0 0 0 0 0 0 0 0 0 0 0 0 0 0 0 0 0 0 0 0 0 0 13 3 134 5 341181 0 0 0 2 0 0 0 15
589 GGA 0 0 0 0 0 0 0 0 83 0 0 0 0 0 0 0 0 0 0 0 0 0 0 0 1 0 0 0 0 0 0 0 100 0 0 0 1 0 0 0 408201 0 24 2 5 0 0 0 0 0 0 0 0 0 0 0 8 0 0 0 0 0 0 0
590 AAA 409098 2 11 4 1 0 0 0 20 0 0 0 3 0 0 0 2 0 0 0 0 0 0 0 0 0 0 0 0 0 0 0 4 0 0 0 0 0 0 0 0 0 0 0 0 0 0 0 1 0 0 0 0 0 0 0 0 0 0 0 0 0 0 0
591 CTC 0 0 0 0 0 0 0 0 0 0 0 0 0 26 0 0 0 3 0 0 0 31 0 0 0 1 0 0 11 407708 0 32 0 0 0 0 0 0 0 0 0 0 0 0 0 2 0 0 0 0 0 0 0 0 0 0 0 0 0 0 0 30 0 0
592 ATC 0 8 0 0 0 3 0 0 0 5 0 0 13 408999 0 38 0 0 0 0 0 0 0 0 0 0 0 0 0 0 0 0 0 0 0 0 0 0 0 0 0 0 0 0 0 16 0 0 0 0 0 0 0 0 0 0 0 0 0 0 0 1 0 0
593 TGC 0 0 0 0 0 0 0 0 0 10 0 0 0 0 0 0 0 0 0 0 0 0 0 0 0 66 0 0 0 0 0 0 0 0 0 0 0 0 0 0 0 4 0 0 0 0 0 0 0 178 0 0 0 3 0 0 9 408625 2 117 0 7 0 0
594 ACC 0 10 0 0 6 408899 2 38 0 4 0 0 0 47 0 0 0 0 0 0 0 1 0 0 0 0 0 0 0 0 0 0 0 0 0 0 0 6 0 0 0 0 0 0 0 0 0 0 0 0 0 0 0 4 0 0 0 0 0 0 0 0 0 0
595 ACT 0 0 0 9 4 49 1 407383 0 0 0 3 0 0 0 29 0 0 0 0 0 0 0 1 0 0 0 0 0 0 0 0 0 0 0 0 0 0 0 7 0 0 0 0 0 0 0 0 0 0 0 0 0 0 0 1 0 0 0 0 0 0 0 0
596 AAT 54 32 2 408468 0 0 0 3 0 0 0 20 0 0 0 10 0 0 0 0 0 0 0 0 0 0 0 0 0 0 0 0 1 0 0 31 0 0 0 0 0 0 0 0 0 0 0 0 0 0 0 2 0 0 0 0 0 0 0 0 0 0 0 0
597 GTG 0 0 0 0 0 0 0 0 0 0 0 0 0 0 113 0 0 0 0 0 0 0 0 0 0 0 0 0 0 0 3 0 0 0 4 0 0 0 12 0 0 0 1 0 104 0 408100 2 0 0 0 0 0 0 0 0 0 0 0 0 0 0 2 0
598 CCC 0 0 0 0 0 7 0 0 0 0 0 0 0 0 0 0 0 10 0 0 13 408230 0 23 0 0 0 0 0 27 0 0 0 0 0 0 0 3 0 0 0 0 0 0 0 0 0 0 0 0 0 0 0 121 0 0 0 0 0 0 0 0 0 0
599 TGG 0 0 0 0 0 0 0 0 0 0 16 0 0 0 0 0 0 0 0 0 0 0 0 0 0 0 251 0 0 0 0 0 0 0 0 0 0 0 0 0 0 0 17 0 0 0 0 0 0 0 66 0 0 0 0 0 58 1 408387 10 0 0 0 0
600 AAC 23 407279 2 77 0 1 0 0 0 11 0 0 0 1 0 0 0 0 0 0 0 0 0 0 0 0 0 0 0 0 0 0 0 12 0 0 0 0 0 0 0 0 0 0 0 0 0 0 0 0 0 0 0 0 0 0 0 0 0 0 0 0 0 0
601 TCT 0 0 0 1 0 0 0 13 0 0 0 0 0 0 0 0 0 0 0 0 0 0 0 16 0 0 0 0 0 0 0 0 0 0 0 0 0 0 0 4 0 0 0 0 0 0 0 0 0 0 0 39 24 24 1 408753 0 0 0 1 0 0 0 28
602 AGT 0 0 0 94 0 0 0 3 51 21 1 408309 0 0 0 19 0 0 0 0 0 0 0 0 0 0 0 2 0 0 0 0 0 0 0 0 0 0 0 0 0 0 0 87 0 0 0 0 0 0 0 0 0 0 0 0 0 0 0 10 0 0 0 2
603 TGG 0 0 0 0 0 0 0 0 0 0 15 0 0 0 1 0 0 0 1 0 0 0 0 0 0 0 26 0 0 0 0 0 0 0 0 0 0 0 0 0 0 0 1 0 0 0 0 0 0 0 61 0 0 0 2 0 60 1 408821 8 0 0 10 0
604 AGT 0 0 0 168 0 0 0 7 18 40 0 407100 0 0 0 7 0 0 0 0 0 0 0 0 0 0 0 1 0 0 0 0 0 0 0 0 0 0 0 0 0 0 0 62 0 0 0 0 0 0 0 0 0 0 0 0 0 0 0 7 0 0 0 0
605 AAT 17 27 4 408232 0 0 0 2 0 0 0 13 0 0 0 2 0 0 0 0 0 0 0 0 0 0 0 0 0 0 0 0 0 0 0 22 0 0 0 0 0 0 0 0 0 0 0 0 0 0 0 3 0 0 0 0 0 0 0 0 0 0 0 0
606 AAA 407265 2 13 14 1 0 0 0 12 0 0 0 2 0 0 0 1 0 0 0 0 0 0 0 0 0 0 0 0 0 0 0 76 0 0 0 0 0 0 0 0 0 0 0 0 0 0 0 1 0 0 0 0 0 0 0 0 0 0 0 0 0 0 0
607 TCC 0 0 0 0 0 7 0 0 0 0 0 0 0 0 0 0 0 0 0 0 2 25 0 0 0 0 0 0 0 0 0 0 0 0 0 0 0 6 0 0 0 0 0 0 0 0 0 0 1 8 0 0 11 406304 0 28 0 0 0 0 0 23 0 0
608 CAG 0 0 13 0 0 0 0 0 0 0 0 0 0 0 0 0 74 1 407532 15 0 0 4 0 0 0 137 0 0 0 3 0 0 0 1 0 0 0 0 0 0 0 0 0 0 0 0 0 0 0 27 0 0 0 0 0 0 0 0 0 0 0 0 0
609 GAT 0 0 0 85 0 0 0 0 0 0 0 0 0 0 0 1 0 0 0 2 0 0 0 0 0 0 0 0 0 0 0 0 24 19 1 405348 0 0 0 0 0 0 0 10 0 0 0 3 0 0 0 4 0 0 0 0 0 0 0 0 0 0 0 0
610 GAG 3 0 143 0 0 0 0 0 0 0 0 0 0 0 0 0 0 0 2 0 0 0 0 0 0 0 0 0 0 0 0 0 157 1 402114 17 0 1 3 0 0 0 116 0 0 0 21 0 0 0 10 0 0 0 0 0 0 0 0 0 0 0 0 0
611 ATA 12 0 0 1 20 0 0 0 0 0 0 0 406990 1 21 13 0 0 0 0 0 0 0 0 0 0 0 0 3 0 0 0 0 0 0 0 0 0 0 0 0 0 0 0 14 0 0 0 0 0 0 0 0 0 0 0 0 0 0 0 3 0 0 0
612 TGG 0 0 2 0 0 0 0 0 0 0 35 0 0 0 0 0 0 0 1 0 0 0 0 0 0 0 14 0 0 0 0 0 0 0 0 0 0 0 0 0 0 0 1 0 0 0 0 0 2 0 86 0 0 0 0 0 58 0 407813 27 0 0 32 0
613 GGA 2 0 0 0 0 0 0 0 126 0 0 0 0 0 0 0 0 0 0 0 0 0 0 0 3 0 0 0 0 0 0 0 121 0 0 0 2 0 0 0 406040 1 16 4 9 0 0 0 0 0 0 0 0 0 0 0 5 0 0 0 0 0 0 0
614 AAC 21 407209 2 75 0 2 0 0 0 46 0 0 0 6 0 0 0 4 0 0 0 0 0 0 0 0 0 0 0 0 0 0 0 11 0 0 0 0 0 0 0 0 0 0 0 0 0 0 0 1 0 0 0 0 0 0 0 0 0 0 0 0 0 0
615 ATG 0 0 25 0 2 0 26 0 0 0 1 0 66 2 405979 9 0 0 0 0 0 0 0 0 0 0 0 0 0 0 0 0 0 0 0 0 0 0 0 0 0 0 0 0 0 0 66 0 0 0 0 0 0 0 0 0 0 0 0 0 0 0 1 0
616 ACC 0 8 0 0 35 407195 2 47 0 3 0 0 0 51 0 0 0 0 0 0 0 2 0 0 0 0 0 0 0 0 0 0 0 0 0 0 0 68 0 0 0 0 0 0 0 0 0 0 0 0 0 0 0 0 0 0 0 0 0 0 0 0 0 0
617 TGG 0 0 0 0 0 0 0 0 0 0 3 0 0 0 0 0 0 0 0 0 0 0 0 0 0 0 25 0 0 0 0 0 0 0 0 0 0 0 0 0 0 0 8 0 0 0 0 0 0 0 81 0 0 0 4 0 137 4 398205 15 0 0 7 0
618 CTG 0 0 0 0 0 0 0 0 0 0 0 0 1 0 39 0 1 1 7 0 3 0 52 0 0 1 2 0 399 5 398230 6 0 0 0 0 0 0 0 0 0 0 0 0 0 0 2 0 0 0 0 0 0 0 0 0 0 0 0 0 0 0 103 0
619 CAA 104 0 0 0 0 0 0 0 0 0 0 0 0 0 0 0 405082 5 21 8 1 0 0 0 26 0 0 0 12 0 0 0 2 0 0 0 0 0 0 0 0 0 0 0 0 0 0 0 146 0 0 0 0 0 0 0 0 0 0 0 0 0 0 0
620 TGG 0 0 1 0 0 0 0 0 0 0 20 0 0 0 1 0 0 0 1 0 0 0 0 0 0 0 12 0 0 0 0 0 0 0 0 0 0 0 0 0 0 0 6 0 0 0 0 0 0 0 89 0 0 0 0 0 91 4 402449 20 0 0 16 0
621 GAT 0 0 0 94 0 0 0 0 0 0 0 0 0 0 0 0 0 0 0 2 0 0 0 0 0 0 0 0 0 0 0 0 12 13 0 404761 0 0 0 0 0 0 0 14 0 0 0 2 0 0 0 4 0 0 0 0 0 0 0 0 0 0 0 0
622 AAA 406144 14 28 5 2 0 0 0 42 0 0 0 4 0 0 0 0 0 0 0 0 0 0 0 0 0 0 0 0 0 0 0 37 0 0 0 0 0 0 0 0 0 0 0 0 0 0 0 0 0 0 0 0 0 0 0 0 0 0 0 0 0 0 0
623 GAA 56 0 0 0 0 0 0 0 0 0 0 0 0 0 0 0 0 0 0 0 0 0 0 0 0 0 0 0 0 0 0 0 399542 1 18 1 2 0 0 0 5 0 0 0 7 0 0 0 7 0 0 0 0 0 0 0 0 0 0 0 0 0 0 0
624 GTT 0 0 0 0 0 0 0 0 0 0 0 0 0 0 0 118 0 0 0 0 0 0 0 0 0 0 0 0 0 0 0 1 0 0 0 19 0 0 0 23 0 0 0 1 29 16 2 397979 0 0 0 0 0 0 0 0 0 0 0 0 0 0 0 7
625 AGC 8 192 0 0 0 12 0 0 40 401792 3 194 0 15 0 0 0 0 0 0 0 0 0 0 0 1 0 0 0 0 0 0 0 0 0 0 0 0 0 0 0 38 0 0 0 0 0 0 0 0 0 0 0 0 0 0 0 4 0 0 0 0 0 0
626 AAT 90 30 7 405758 2 0 0 5 1 0 0 6 0 0 0 14 0 0 0 2 0 0 0 0 0 0 0 0 0 0 0 0 1 0 0 8 0 0 0 0 0 0 0 0 0 0 0 0 0 0 0 15 0 0 0 0 0 0 0 0 0 0 0 0
627 TAC 0 39 1 0 0 0 0 0 0 1 0 0 0 0 0 0 0 24 0 0 0 0 0 0 0 0 0 0 0 0 0 0 0 7 0 0 0 0 0 0 0 0 0 0 0 0 0 0 22 397284 3 104 0 2 0 0 0 23 0 0 0 14 0 0
628 ACA 36 0 0 0 401711 6 21 7 1 0 0 0 42 0 0 0 0 0 0 0 4 0 0 0 0 0 0 0 0 0 0 0 0 0 0 0 14 0 0 0 0 0 0 0 0 0 0 0 0 0 0 0 8 0 0 0 0 0 0 0 0 0 0 0
629 CAG 0 0 24 0 0 0 0 0 0 0 0 0 0 0 0 0 74 0 400435 13 1 0 2 0 0 0 42 0 0 0 19 0 0 0 2 0 0 0 0 0 0 0 0 0 0 0 0 0 0 0 57 0 0 0 0 0 0 0 0 0 0 0 0 0
630 ATA 61 0 3 0 19 1 0 0 1 0 0 0 392188 3 27 5 0 0 0 0 0 0 0 0 0 0 0 0 0 0 0 0 0 0 0 0 0 0 0 0 0 0 0 0 6 0 0 0 0 0 0 0 0 0 0 0 0 0 0 0 9 0 0 0
631 ATA 37 0 0 1 17 1 0 1 6 0 0 0 394094 3 13 5 0 0 0 0 0 0 0 0 0 0 0 0 4 0 0 0 1 0 0 0 0 0 0 0 0 0 0 0 25 0 0 0 0 0 0 0 0 0 0 0 0 0 0 0 15 0 0 0
632 TAT 1 0 0 11 0 0 0 0 0 0 0 0 0 0 0 0 0 0 0 11 0 0 0 0 0 0 0 0 0 0 0 0 0 0 0 0 0 0 0 0 0 0 0 0 0 0 0 0 102 29 7 394920 0 0 0 1 0 1 0 15 0 0 0 7
633 ACT 3 1 0 50 31 28 0 348895 0 0 0 4 0 0 0 89 0 0 0 5 2 0 0 2 0 0 0 0 0 0 0 2 0 0 0 0 0 0 0 29 0 0 0 0 0 0 0 0 0 0 0 0 0 0 0 16 0 0 0 0 0 0 0 0
634 CTA 0 0 0 0 0 0 0 0 0 0 0 0 52 0 0 0 19 0 0 0 25 0 0 0 0 0 0 0 373461 1 19 1 0 0 0 0 0 0 0 1 0 0 0 0 1 0 0 0 0 0 0 0 0 0 0 1 0 0 0 0 55 0 0 0
635 ATT 0 0 0 3 0 0 0 9 0 0 0 3 29 16 5 364793 0 0 0 0 0 0 0 0 0 0 0 0 1 0 0 2 0 0 0 0 0 0 0 0 0 0 0 0 0 0 0 3 0 0 0 0 0 0 0 0 0 0 0 0 0 0 0 2
636 GAA 90 1 0 0 0 0 0 0 0 0 0 0 0 1 0 1 1 0 0 0 0 0 0 0 0 0 0 0 0 0 0 0 358084 13 67 15 0 0 0 0 48 0 0 0 3 0 0 0 5 0 0 0 0 0 0 0 2 0 0 0 0 0 0 0
637 GAA 66 0 0 0 0 0 0 0 3 0 0 0 0 0 0 0 2 0 0 0 0 0 0 0 0 0 0 0 0 0 0 0 350140 1 8 0 0 0 0 0 9 0 0 0 0 0 0 0 3 0 0 0 0 0 0 0 0 0 0 0 0 0 0 0
638 TCG 2 0 0 0 0 0 6 0 0 0 0 0 0 2 0 0 0 0 0 0 1 0 10 0 0 0 0 0 0 0 0 0 2 0 0 0 0 0 0 0 0 0 0 0 0 0 0 0 0 0 6 0 200 2 256683 4 0 0 0 0 0 0 62 0
639 CAG 0 0 2 0 0 0 0 0 1 0 0 0 0 0 0 0 84 2 326230 4 2 0 4 0 0 0 83 0 0 0 5 0 1 0 1 0 1 0 0 0 0 0 0 0 0 0 0 0 0 0 51 0 0 0 0 0 0 0 0 0 0 0 0 0
640 AAC 13 371272 3 41 0 2 0 0 1 15 0 0 0 1 0 0 0 0 1 0 0 0 0 0 0 0 0 0 0 0 0 0 1 10 0 0 2 0 0 0 0 0 0 0 0 0 0 0 0 0 0 0 0 0 0 0 0 0 0 0 0 0 0 0
641 CAG 0 0 4 0 0 0 0 0 0 0 0 0 0 0 0 0 85 0 123007 5 0 0 0 0 0 0 1 0 0 0 1 0 0 0 0 0 0 0 0 0 0 0 0 0 0 0 0 0 0 0 8 0 0 0 0 0 0 0 0 0 0 0 0 0
642 CAA 5 0 0 0 0 0 0 0 0 0 0 0 0 0 0 0 197196 0 2 0 0 0 0 0 3 0 0 0 1 0 0 0 0 0 0 0 0 0 0 0 0 0 0 0 0 0 0 0 61 0 0 0 0 0 0 0 0 0 0 0 0 0 0 0
643 GAA 364 0 0 0 0 0 0 0 0 0 0 0 0 0 0 0 0 0 0 0 0 0 0 0 0 0 0 0 0 0 0 0 266893 0 7 2 0 0 0 0 6 0 0 0 0 0 0 0 3 0 0 0 0 0 0 0 0 0 0 0 0 0 0 0
644 AAA 334697 0 5 1 0 0 0 0 2 0 0 0 4 0 0 0 0 0 0 0 0 0 0 0 0 0 0 0 0 0 0 0 3 0 0 0 0 0 0 0 0 0 0 0 0 0 0 0 4 0 0 0 0 0 0 0 0 0 0 0 0 0 0 0
645 AAT 30 12 4 335137 0 0 0 0 0 0 0 6 0 0 0 55 0 0 0 2 0 0 0 0 0 0 0 0 0 0 0 0 0 0 0 8 0 0 0 0 0 0 0 0 0 0 0 0 0 0 0 3 0 0 0 0 0 0 0 0 0 0 0 0
646 GAA 118 3 2 1 0 0 0 0 4 0 0 0 1 0 0 0 2 0 2 0 0 0 0 0 0 0 0 0 0 0 0 0 356653 0 11 1 0 0 0 0 11 0 0 0 0 0 0 0 11 0 0 0 0 0 0 0 4 0 0 0 0 0 0 0
647 CAA 36 0 1 3 4 0 0 0 3 0 0 0 0 0 1 0 248230 1 24 10 2 0 0 0 15 0 0 0 6 0 0 0 9 0 0 0 1 0 0 0 0 0 0 0 0 0 0 0 32 0 0 0 0 0 0 0 2 0 0 0 0 0 0 0
648 GAC 17 67 0 18 1 0 0 1 0 1 0 0 0 0 0 0 0 8 2 0 0 0 0 0 0 0 0 0 0 0 0 0 42 283236 1 29 0 1 0 0 0 7 0 0 0 2 0 0 0 7 0 0 0 0 0 0 3 0 0 0 0 0 0 0
649 TTA 10 0 0 7 1 0 0 0 0 0 0 0 43 0 0 0 3 0 1 0 0 0 0 0 0 0 0 0 16 0 0 3 15 0 0 0 0 0 0 0 0 0 0 0 5 0 0 0 6 0 0 3 12 0 0 0 6 0 0 0 347904 0 17 3
650 TTA 1 1 0 5 0 0 0 0 1 0 0 0 45 0 0 1 11 0 0 0 0 0 0 0 0 0 0 0 19 0 0 0 2 0 0 0 1 0 0 0 0 0 0 0 10 0 0 0 9 0 2 0 9 0 1 0 4 0 2 0 357468 1 40 2
651 GCA 3 0 0 0 124 0 0 0 0 1 0 0 0 0 0 0 1 0 1 1 3 0 0 0 0 0 0 0 0 0 0 0 19 0 0 2 360817 2 5 14 1 0 0 0 78 0 0 0 0 0 0 0 21 0 0 0 0 0 0 0 0 0 0 0
652 TTG 0 0 0 2 0 0 0 1 0 0 0 1 0 0 17 1 3 0 0 0 0 0 0 0 0 0 0 0 0 0 15 0 0 0 0 0 0 0 0 0 0 0 0 0 0 0 5 0 4 0 9 0 0 0 27 0 0 0 4 0 115 4 301570 17
653 GAC 0 107 0 0 2 0 0 0 0 0 0 0 0 0 0 0 0 3 0 0 0 0 0 0 0 0 0 0 0 0 0 0 104 379769 1 67 0 0 0 0 0 52 0 0 0 3 0 0 0 11 0 0 0 0 0 0 0 0 0 0 0 0 0 0
654 AAG 121 7 396716 12 0 0 5 0 0 0 66 1 0 0 17 0 0 0 0 0 0 0 0 0 0 0 0 0 0 0 0 0 0 0 44 0 0 0 0 0 0 0 0 0 0 0 0 0 0 0 7 0 0 0 0 0 0 0 0 0 0 0 0 0
655 TGG 0 0 0 0 0 0 0 0 0 0 10 0 0 0 0 0 0 0 0 0 0 0 0 0 0 0 8 0 0 0 0 0 0 0 0 0 0 0 0 0 0 0 4 0 0 0 0 0 0 0 84 0 0 0 0 0 30 0 362340 2 0 0 15 0
656 GCA 0 0 0 0 175 0 0 0 0 0 0 0 1 0 0 0 0 0 0 0 1 0 0 0 0 0 0 0 0 0 0 0 12 0 0 0 273640 1 27 3 0 0 0 0 224 0 0 0 0 0 0 0 3 0 0 0 0 0 0 0 0 0 0 0
657 AGT 0 1 0 91 0 0 0 0 1 17 2 343004 0 0 0 8 0 0 0 0 0 0 0 0 0 0 0 1 0 0 0 0 0 0 0 0 0 0 0 0 0 0 0 16 0 0 0 0 0 0 0 0 0 0 0 0 0 0 0 3 0 0 0 0
658 CTG 0 0 0 0 0 0 0 0 0 0 1 0 0 0 23 0 0 0 13 0 0 0 79 0 0 0 7 0 123 0 324689 2 0 0 0 0 0 0 0 0 0 0 0 0 0 0 1 0 0 0 0 0 0 0 0 0 0 0 0 0 0 0 47 0
659 TGG 0 0 0 0 0 0 0 0 0 0 3 0 0 0 0 0 0 0 0 0 0 0 0 0 0 0 58 0 0 0 0 0 0 0 0 0 0 0 0 0 0 0 2 0 0 0 0 0 0 0 34 0 0 0 1 0 54 3 386676 7 0 0 10 0
660 AAT 13 17 1 404370 0 0 0 2 0 0 0 7 0 0 0 2 0 0 0 1 0 0 0 0 0 0 0 0 0 0 0 0 0 0 0 10 0 0 0 0 0 0 0 0 0 0 0 0 0 0 0 0 0 0 0 0 0 0 0 0 0 0 0 0
661 TGG 0 0 1 0 0 0 0 0 0 0 7 0 0 0 0 0 0 0 0 0 0 0 0 0 0 0 9 0 0 0 0 0 0 0 0 0 0 0 0 0 0 0 2 0 0 0 0 0 0 0 38 0 0 0 0 0 66 10 387789 5 0 0 8 0
662 TTT 0 0 0 0 0 0 0 0 0 0 0 0 0 0 0 8 0 0 0 0 0 0 0 0 0 0 0 0 0 0 0 31 0 0 0 0 0 0 0 0 0 0 0 0 0 0 0 0 1 0 0 33 0 0 0 24 0 0 0 5 4 27 4 399046
663 AAC 31 401223 3 70 0 2 0 0 0 44 0 0 0 5 0 0 0 1 0 0 0 0 0 0 0 0 0 0 0 0 0 0 0 35 0 0 0 0 0 0 0 0 0 0 0 0 0 0 0 6 0 0 0 0 0 0 0 0 0 0 0 0 0 0
664 ATC 0 6 0 0 0 27 0 0 0 1 0 0 8 396830 2 47 0 0 0 0 0 0 0 0 0 0 0 0 0 4 0 0 0 0 0 0 0 0 0 0 0 0 0 0 0 11 0 0 0 0 0 0 0 0 0 0 0 0 0 0 0 11 0 0
665 TCA 0 0 0 0 26 0 0 0 0 0 0 0 0 0 0 0 0 0 0 0 48 0 0 0 0 0 0 0 0 0 0 0 0 0 0 0 4 0 0 0 0 0 0 0 0 0 0 0 5 0 0 0 398687 1 27 3 0 0 0 0 55 0 0 1
666 CAA 34 0 0 0 0 0 0 0 0 0 0 0 0 0 0 0 405020 0 48 5 1 0 0 0 27 0 0 0 0 0 0 0 6 0 0 0 0 0 0 0 0 0 0 0 0 0 0 0 67 0 0 0 0 0 0 0 0 0 0 0 0 0 0 0
667 TGG 0 0 0 0 0 0 0 0 0 0 0 0 0 0 0 0 0 0 0 0 0 0 0 0 0 0 13 0 0 0 0 0 0 0 0 0 0 0 0 0 0 0 4 0 0 0 0 0 0 0 47 0 0 0 1 0 132 1 400010 9 0 0 10 0
668 CTG 0 0 0 0 0 0 0 0 0 0 0 0 0 0 15 0 0 0 2 0 0 0 12 0 0 0 8 0 107 1 363540 4 0 0 0 0 0 0 0 0 0 0 0 0 0 0 1 0 0 0 0 0 0 0 0 0 0 0 0 0 0 0 43 0
669 TGG 0 0 0 0 0 0 0 0 0 0 5 0 0 0 0 0 0 0 0 0 0 0 0 0 0 0 13 0 0 0 0 0 0 0 0 0 0 0 0 0 0 0 1 0 0 0 0 0 0 0 60 0 0 0 1 0 144 1 378445 6 0 0 14 0
670 TAT 0 0 0 11 0 0 0 0 0 0 0 0 0 0 0 0 0 0 0 35 0 0 0 0 0 0 0 0 0 0 0 0 0 0 0 0 0 0 0 0 0 0 0 0 0 0 0 0 8 37 3 407928 0 0 0 2 0 0 0 19 0 0 0 6
671 ATA 6 0 0 0 23 0 0 0 1 0 0 0 408525 0 21 0 0 0 0 0 0 0 0 0 0 0 0 0 0 0 0 0 0 0 0 0 0 0 0 0 0 0 0 0 11 0 0 0 0 0 0 0 0 0 0 0 0 0 0 0 4 0 0 0
672 AAG 89 2 408511 4 0 0 0 0 0 0 35 0 0 0 5 0 0 0 2 0 0 0 0 0 0 0 0 0 0 0 0 0 0 0 17 0 0 0 0 0 0 0 0 0 0 0 0 0 1 0 0 0 0 0 0 0 0 0 0 0 0 0 0 0
673 ATA 8 0 0 0 29 0 0 0 3 0 0 0 407708 1 22 9 0 0 0 0 0 0 0 0 0 0 0 0 7 0 0 0 0 0 0 0 1 0 0 0 0 0 0 0 7 0 0 0 0 0 0 0 0 0 0 0 1 0 0 0 1 0 0 0
674 TTT 0 0 0 0 0 0 0 0 0 0 0 0 0 0 0 3 0 0 0 0 0 0 0 0 0 0 0 0 0 0 0 23 0 0 0 0 0 0 0 0 0 0 0 0 0 0 0 7 0 0 0 22 0 0 0 20 0 0 0 2 31 26 0 406916
675 ATA 35 0 0 0 14 0 0 0 5 0 0 0 407956 1 34 0 0 0 0 0 0 0 0 0 0 0 0 0 2 0 0 0 0 0 0 0 0 0 0 0 0 0 0 0 22 0 0 0 0 0 0 0 0 0 0 0 0 0 0 0 5 0 0 0
676 ATA 22 0 0 0 19 0 0 0 4 0 0 0 408653 0 37 2 0 0 0 0 0 0 0 0 0 0 0 0 1 0 0 0 0 0 0 0 0 0 0 0 0 0 0 0 10 0 0 0 0 0 0 0 0 0 0 0 0 0 0 0 13 0 0 0
677 ATA 19 0 0 0 18 0 0 0 0 0 0 0 408418 1 75 5 0 0 0 0 0 0 0 0 0 0 0 0 2 0 0 0 0 0 0 0 0 0 0 0 0 0 0 0 12 0 0 0 0 0 0 0 0 0 0 0 0 0 0 0 12 0 0 0
678 GTA 0 0 0 0 0 0 0 0 0 0 0 0 152 0 0 0 0 0 0 0 0 0 0 0 0 0 0 0 2 0 0 0 11 0 0 0 21 0 0 0 2 0 0 0 408529 2 66 3 0 0 0 0 0 0 0 0 0 0 0 0 10 0 0 0
679 GGA 2 0 0 0 0 0 0 0 47 0 0 0 0 0 0 0 0 0 0 0 1 0 0 0 1 0 0 0 0 0 0 0 103 0 0 0 1 0 0 0 407355 0 54 10 18 0 0 0 0 0 0 0 0 0 0 0 3 0 0 0 0 0 0 0
680 GGC 0 0 0 0 0 0 0 0 0 102 0 1 0 0 0 0 0 0 0 0 0 0 0 0 0 2 0 0 0 0 0 0 1 100 0 0 0 9 0 0 38 405709 5 75 0 16 0 0 0 0 0 0 0 0 0 0 0 13 0 0 0 1 0 0
681 TTA 2 0 0 0 0 0 0 0 0 0 0 0 46 0 0 0 3 0 0 0 0 0 0 0 0 0 0 0 29 0 0 0 0 0 0 0 0 0 0 0 0 0 0 0 6 0 0 0 32 0 0 0 76 0 0 0 1 0 0 0 407518 2 21 16
682 ATA 11 0 0 0 20 0 0 0 3 0 0 0 408661 3 125 16 0 0 0 0 0 0 0 0 0 0 0 0 1 0 0 0 0 0 0 0 0 0 0 0 0 0 0 0 6 0 0 0 0 0 0 0 0 0 0 0 0 0 0 0 2 0 0 0
683 GGA 1 0 0 0 0 0 0 0 67 0 0 0 0 0 0 0 1 0 0 0 0 0 0 0 0 0 0 0 0 0 0 0 66 0 0 0 0 0 0 0 407440 3 12 2 4 0 0 0 0 0 0 0 0 0 0 0 49 0 0 0 0 0 0 0
684 TTA 0 0 0 0 0 0 0 0 0 0 0 0 12 0 0 0 0 0 0 0 0 0 0 0 0 0 0 0 15 0 0 0 0 0 0 0 0 0 0 0 0 0 0 0 4 0 0 0 17 0 0 0 32 0 0 0 2 0 0 0 408192 1 57 3
685 AGA 82 0 0 1 4 0 0 0 408108 1 16 2 5 0 0 0 0 0 0 0 0 0 0 0 0 0 0 0 0 0 0 0 0 0 0 0 0 0 0 0 11 0 0 0 0 0 0 0 0 0 0 0 0 0 0 0 8 0 0 0 0 0 0 0
686 ATA 1 0 0 0 8 0 0 0 0 0 0 0 408573 1 49 4 0 0 0 0 0 0 0 0 0 0 0 0 2 0 0 0 0 0 0 0 0 0 0 0 0 0 0 0 8 0 0 0 0 0 0 0 0 0 0 0 0 0 0 0 4 0 0 0
687 GTT 0 0 0 0 0 0 0 0 0 0 0 0 0 0 0 76 0 0 0 0 0 0 0 0 0 0 0 0 0 0 0 1 0 0 0 2 0 0 0 35 0 0 0 3 8 31 0 408612 0 0 0 0 0 0 0 0 0 0 0 0 0 0 0 9
688 TTT 0 0 0 0 0 0 0 0 0 0 0 0 0 0 0 37 0 0 0 0 0 0 0 0 0 0 0 0 0 0 0 17 0 0 0 0 0 0 0 0 0 0 0 0 0 0 0 2 0 0 0 29 0 0 0 15 0 0 0 4 15 12 2 408477
689 GCA 0 0 0 0 147 0 0 0 0 0 0 0 0 0 0 0 0 0 0 0 0 0 0 0 0 0 0 0 0 0 0 0 14 0 0 0 407914 6 108 15 3 0 0 0 351 0 0 0 0 0 0 0 11 0 0 0 0 0 0 0 0 0 0 0
690 GTG 0 0 1 0 0 0 0 0 0 0 0 0 2 0 181 0 0 0 0 0 0 0 0 0 0 0 0 0 0 0 8 0 0 0 18 0 0 0 23 0 0 0 0 0 355 2 408160 13 0 0 0 0 0 0 0 0 0 0 0 0 0 0 5 0
691 CTT 0 0 0 0 0 0 0 0 0 0 0 0 0 0 0 19 0 0 0 11 0 0 0 49 0 0 0 6 28 30 0 409123 0 0 0 0 0 0 0 0 0 0 0 0 0 0 0 6 0 0 0 0 0 0 0 0 0 0 0 0 0 0 0 63
