# POSITION WT AAA AAC AAG AAT ACA ACC ACG ACT AGA AGC AGG AGT ATA ATC ATG ATT CAA CAC CAG CAT CCA CCC CCG CCT CGA CGC CGG CGT CTA CTC CTG CTT GAA GAC GAG GAT GCA GCC GCG GCT GGA GGC GGG GGT GTA GTC GTG GTT TAA TAC TAG TAT TCA TCC TCG TCT TGA TGC TGG TGT TTA TTC TTG TTT
31 GGA 0 2 0 0 0 1 1 0 71 4 0 0 1 1 3 0 3 0 3 0 0 0 1 4 1 0 0 0 2 0 0 0 69 1 2 1 0 3 2 3 149212 3 7 4 2 0 0 1 1 0 1 3 0 4 4 3 5 6 1 0 1 0 0 1
32 AAC 19 149284 11 28 4 0 4 1 1 4 1 1 0 1 2 0 6 7 1 0 1 0 0 1 4 1 3 2 0 4 0 0 1 6 0 0 5 1 2 1 0 1 1 0 0 1 0 2 1 1 2 0 2 2 6 2 0 2 0 4 1 2 0 1
33 TTG 0 0 1 2 4 2 1 2 0 0 1 2 0 1 9 4 1 0 0 0 0 0 0 0 0 2 0 1 2 0 19 1 3 1 1 0 1 1 0 2 0 0 1 1 0 1 3 0 1 1 1 2 0 2 32 0 0 0 3 2 35 3 149314 4
34 TGG 0 0 0 0 0 0 3 1 0 0 2 0 1 0 2 2 0 0 0 0 0 0 0 0 1 1 8 0 1 0 0 2 0 0 0 0 0 0 0 0 0 0 2 0 1 0 0 0 0 5 19 7 0 0 0 1 14 0 149343 4 0 3 11 1
35 GTT 2 0 1 0 0 1 1 0 0 0 0 3 0 0 0 57 0 0 1 1 1 1 1 0 0 0 1 0 1 2 0 0 0 0 0 3 1 0 1 15 0 0 0 1 10 20 7 149267 1 0 0 0 0 3 0 0 1 0 0 2 1 0 0 3
36 ACT 0 0 0 26 11 26 5 149312 0 7 1 5 1 0 0 31 0 0 0 1 0 2 0 0 0 0 1 1 2 1 0 0 1 0 0 2 0 0 1 6 0 0 0 0 0 0 1 0 1 2 0 0 1 0 0 1 1 0 0 0 1 2 1 0
37 GTC 1 1 0 3 0 0 0 0 2 1 0 1 0 107 0 8 2 4 1 0 1 1 0 2 0 3 1 0 1 6 0 0 0 0 0 1 0 14 1 1 2 3 2 0 15 149222 2 23 2 1 0 0 1 1 0 0 3 1 1 0 0 5 0 1
38 TAC 0 3 1 0 2 0 0 0 0 0 0 0 0 1 1 0 2 12 0 1 0 1 3 2 1 0 0 0 1 0 1 0 0 1 0 1 0 0 2 0 2 3 0 0 0 1 1 0 20 149313 4 33 0 1 0 0 1 3 1 0 0 12 1 2
39 TAT 0 0 1 8 0 0 0 0 0 0 0 0 0 0 0 0 0 0 0 25 0 0 2 0 0 0 0 0 2 0 2 0 0 0 0 1 3 1 0 3 0 0 2 0 2 3 0 0 1 19 1 149366 0 0 1 0 2 0 0 6 1 0 0 2
40 GGG 0 0 1 0 0 0 0 0 0 0 25 2 0 1 1 0 0 3 1 1 0 0 1 0 0 2 1 0 0 0 1 0 0 0 23 0 1 4 0 0 49 0 149238 2 0 1 14 0 0 2 1 3 0 1 0 1 0 2 7 1 1 2 0 0
41 GTG 0 0 0 2 0 0 0 1 0 0 0 1 0 0 32 0 0 0 0 0 0 0 2 0 0 1 2 0 0 0 2 1 1 0 9 1 0 1 10 0 1 0 1 1 141 6 149147 6 0 0 0 0 0 0 0 1 0 0 1 0 0 0 7 0
42 CCT 0 0 1 1 0 1 1 4 3 0 0 0 0 0 0 0 0 0 0 15 15 119 31 149050 2 0 2 2 1 0 1 16 0 1 0 1 0 0 0 3 0 3 0 0 1 1 1 0 2 0 0 1 3 2 1 96 0 2 0 1 0 1 1 0
43 GTG 10 0 10 1 0 0 1 0 2 0 0 5 2 0 53 2 0 0 0 0 1 0 1 1 3 0 2 0 1 1 6 0 0 1 3 0 3 2 17 3 1 1 2 0 52 6 149181 7 3 0 3 1 0 0 0 2 3 4 1 1 0 1 3 0
44 TGG 3 2 0 0 0 0 0 1 0 1 0 1 1 0 1 1 1 0 3 0 0 0 0 0 0 0 8 2 1 0 0 0 0 0 1 0 0 0 1 0 0 1 6 0 1 0 1 3 0 4 35 7 0 0 0 0 23 2 149285 7 0 5 7 5
45 AAG 85 2 148940 49 3 2 18 1 2 3 66 3 2 1 18 1 1 0 4 5 1 1 0 2 3 1 2 0 0 0 1 3 4 2 53 0 0 5 5 6 0 0 2 2 1 0 4 1 0 2 4 2 0 0 1 0 0 0 0 1 0 0 1 0
46 GAC 1 41 0 0 0 1 1 0 0 2 0 0 0 0 0 0 0 3 0 0 1 6 2 2 1 0 0 0 0 0 1 0 8 149251 5 44 5 3 1 1 2 17 0 0 0 3 2 0 2 6 0 1 0 3 0 0 1 0 0 0 1 0 0 1
47 GCA 0 0 0 2 264 4 1 4 0 1 1 5 1 4 0 2 1 2 0 1 0 1 1 0 1 0 0 0 0 1 0 0 6 0 0 2 148872 19 83 11 4 1 4 2 52 0 0 1 1 0 0 0 9 4 0 0 0 3 1 0 0 3 0 0
48 GAG 0 2 31 4 1 7 8 0 4 2 0 4 3 2 7 0 1 4 3 3 1 0 0 0 1 0 1 0 2 1 2 0 58 6 149172 11 5 4 3 0 0 1 14 2 0 3 14 1 0 2 1 0 4 0 5 1 1 0 3 0 2 0 0 0
49 ACC 0 1 0 0 14 149209 1 29 1 5 0 2 3 24 0 0 1 1 0 1 5 7 4 5 1 0 0 0 2 1 1 1 0 0 0 0 3 4 2 3 1 2 1 1 1 3 5 2 1 0 0 0 1 2 1 0 2 0 0 6 3 2 1 1
50 ACT 1 3 0 10 7 16 8 149174 1 3 1 2 1 0 1 37 2 6 1 4 2 3 4 3 3 0 0 0 0 2 2 0 1 1 1 0 3 0 4 4 5 2 3 2 1 2 5 5 1 1 1 0 1 2 3 1 2 0 1 2 3 1 2 1
51 CTA 0 0 0 1 0 1 0 0 0 1 0 0 22 0 1 0 2 3 0 0 9 1 0 0 0 0 0 0 149323 0 5 3 0 0 2 0 0 0 0 0 0 0 0 0 1 0 0 1 1 0 1 2 0 0 0 0 0 0 0 2 27 0 1 2
52 TTC 1 1 0 1 1 2 0 0 0 0 1 0 0 6 2 2 0 1 0 0 1 0 2 0 0 0 0 0 0 9 0 1 0 0 0 0 0 1 0 0 0 0 0 0 2 3 1 0 0 8 1 0 1 3 0 0 0 0 1 0 10 149346 1 30
53 TGT 0 2 0 1 0 1 1 0 0 0 1 4 0 0 0 1 0 0 0 0 0 0 0 0 0 0 1 35 2 0 0 0 1 1 0 0 2 0 0 0 0 0 2 0 0 0 1 0 0 1 0 39 1 0 0 3 1 18 2 149260 0 2 0 8
54 GCA 0 0 0 0 126 1 1 3 1 0 0 1 0 0 1 0 0 0 0 0 0 0 1 0 0 0 0 0 0 0 0 0 2 0 0 0 149133 3 2 7 0 0 0 4 96 2 0 0 0 0 1 0 2 0 0 0 0 0 0 0 0 0 0 0
55 TCA 0 3 0 1 1 4 3 1 0 1 0 3 0 0 0 0 0 0 0 1 8 0 1 0 0 1 0 1 0 0 1 0 0 0 0 0 1 4 1 5 0 0 0 0 1 3 0 2 2 0 0 0 149224 15 87 6 0 0 0 0 21 0 0 0
56 GAT 0 0 0 35 1 0 0 1 0 0 0 0 0 0 0 0 0 1 0 3 0 0 2 0 0 0 0 0 0 0 0 0 4 12 1 149170 0 0 0 0 0 0 0 6 0 0 0 0 0 0 0 140 0 0 1 0 0 0 0 0 0 0 0 0
57 GCT 0 0 0 0 0 0 0 102 0 2 0 0 2 0 0 0 0 0 2 0 0 0 0 1 0 0 0 0 1 0 0 0 0 0 0 3 1 25 1 149131 1 0 0 1 0 0 0 21 0 0 0 0 0 0 0 3 0 0 0 0 0 0 0 0
58 AAA 149252 1 12 2 1 0 0 0 9 0 0 0 0 0 0 0 0 0 0 0 0 0 0 0 0 0 0 0 0 0 0 0 5 0 0 0 0 0 0 0 0 0 0 0 0 0 0 0 0 0 0 0 0 0 0 0 0 0 0 0 133 0 0 0
59 GCA 0 0 0 0 64 0 0 0 0 0 0 0 0 0 0 0 0 0 0 0 0 0 0 0 0 0 0 0 0 0 0 0 4 0 0 0 149222 1 4 5 1 0 0 0 55 0 0 0 0 1 0 0 4 1 0 0 0 0 0 0 0 0 0 0
60 TAT 0 0 1 0 0 0 0 0 0 1 0 0 3 0 0 0 0 0 3 17 0 0 0 0 0 0 0 0 0 0 3 0 0 0 0 3 0 0 1 0 0 4 2 0 0 0 0 0 3 6 5 149149 2 0 0 135 0 0 0 22 1 0 2 1
61 GAT 0 0 2 24 0 1 1 1 1 0 0 3 1 0 3 1 2 1 1 1 0 1 0 0 2 0 1 0 0 1 1 0 0 6 3 149269 1 1 2 3 0 3 0 16 0 0 0 1 0 1 0 2 0 0 0 0 0 1 3 3 2 1 2 0
62 GCA 5 0 1 3 72 0 0 1 0 0 2 0 0 1 0 0 3 3 4 2 6 1 2 2 1 0 0 0 3 1 0 2 5 0 3 0 149007 3 50 7 1 3 0 1 134 4 0 1 0 0 0 3 2 1 3 0 0 0 2 0 4 4 0 0
63 GAA 44 8 0 1 0 4 0 6 1 4 0 2 2 1 0 0 2 0 3 1 0 0 0 0 0 0 0 1 0 1 0 1 149121 2 6 2 5 1 1 4 7 1 0 0 0 2 2 1 1 6 0 4 5 2 3 1 0 0 1 0 0 0 0 1
64 GTG 7 2 1 6 5 1 0 0 2 2 3 3 0 3 64 0 2 4 1 1 1 2 0 1 3 1 1 3 6 4 4 3 0 2 9 1 2 1 9 1 2 2 8 10 111 8 148404 12 3 1 1 2 4 0 1 2 2 1 1 2 1 1 5 0
65 CAT 0 3 0 8 4 2 1 4 0 0 1 2 1 1 3 5 4 9 5 148872 7 5 5 0 1 0 2 4 7 3 0 6 0 0 1 0 4 3 0 3 1 1 1 0 0 2 0 1 0 1 0 63 1 5 2 3 0 0 0 0 0 1 0 0
66 AAT 5 10 2 149260 2 3 2 3 0 0 0 10 2 1 0 1 0 0 2 0 2 0 1 1 0 0 0 1 0 0 1 0 0 2 0 12 0 0 1 0 0 1 0 1 2 0 0 1 0 3 0 0 6 0 0 0 0 0 0 1 0 1 0 5
67 ATC 0 1 0 0 0 5 0 0 0 2 0 0 24 148888 2 16 0 0 1 1 0 0 0 0 0 0 0 0 0 4 1 0 0 1 0 0 0 0 0 0 0 1 0 0 0 10 3 0 1 0 0 0 1 0 0 0 2 0 1 0 0 2 1 0
68 TGG 2 0 0 0 0 1 0 0 0 0 11 0 1 0 6 0 0 4 0 0 2 0 0 1 0 0 28 0 1 1 5 0 0 0 0 0 0 0 1 0 0 0 3 0 0 0 1 0 0 2 20 4 0 0 1 0 25 1 148439 6 1 0 15 2
69 GCT 0 0 0 0 0 4 2 78 3 1 0 0 2 1 0 0 4 4 3 2 1 1 1 2 0 2 0 0 3 1 2 0 2 0 2 19 6 18 5 137570 4 3 8 1 2 0 5 28 0 0 0 0 6 0 2 1 0 1 2 0 0 2 1 3
70 ACA 5 1 0 0 149180 2 17 10 1 0 0 0 48 0 1 1 2 0 0 1 1 1 1 2 0 1 0 0 0 1 0 1 2 0 0 0 5 1 1 0 1 1 1 1 0 0 0 0 2 1 0 0 3 0 0 0 0 0 0 0 0 3 1 0
71 CAT 0 0 0 7 3 2 1 0 0 2 0 4 0 0 2 0 6 13 2 149187 3 2 0 2 3 0 1 17 2 0 0 3 0 1 1 0 0 0 1 0 0 0 0 0 0 0 0 0 1 1 1 26 1 0 0 1 0 0 1 1 0 1 0 0
72 GCC 0 3 0 1 0 58 1 0 0 0 0 1 3 0 1 0 1 0 0 2 0 0 0 0 0 0 0 0 1 4 1 3 0 4 1 0 46 140619 5 21 2 0 0 1 0 48 1 0 0 1 0 0 0 6 6 2 0 0 0 2 1 4 2 0
73 TGT 2 2 4 2 1 1 1 0 2 0 0 6 3 1 0 1 0 2 1 0 1 0 0 0 0 2 0 43 1 0 0 0 0 1 0 0 0 1 2 2 0 1 1 9 0 2 1 0 2 0 1 51 1 1 0 3 1 20 3 147503 1 1 0 5
74 GTA 1 2 0 2 5 3 2 6 1 0 0 2 76 1 2 7 2 5 0 0 0 1 5 3 0 0 1 0 3 0 0 1 3 3 2 0 16 3 2 2 0 1 0 0 148867 3 29 9 0 1 1 3 4 1 0 2 3 1 0 1 2 1 2 2
75 CCT 1 0 1 1 1 1 0 13 0 0 1 1 1 0 0 0 5 0 4 26 12 83 15 148351 0 0 0 2 4 0 3 13 0 1 1 0 2 1 3 7 1 0 1 4 0 0 0 0 2 0 2 0 3 0 0 51 2 0 0 1 2 0 0 2
76 ACA 5 3 1 3 148426 24 109 8 3 2 1 2 52 3 3 4 2 1 2 4 0 0 3 1 0 0 0 3 9 2 2 2 4 0 0 1 18 1 7 2 2 1 0 1 3 7 7 7 0 7 0 4 7 5 4 4 0 2 4 5 5 0 0 2
77 GAC 0 33 2 0 0 0 1 0 1 0 8 0 0 2 1 0 1 2 0 0 2 1 0 1 0 0 4 0 0 0 0 0 11 146580 5 33 4 2 1 0 2 14 4 2 5 3 3 1 1 5 2 0 0 1 1 0 0 3 4 1 0 1 3 0
78 CCC 2 0 0 0 0 9 0 1 0 1 0 0 1 1 1 0 4 22 2 0 35 133708 2 18 0 0 1 0 0 12 0 1 0 0 0 0 0 2 0 0 2 0 0 0 2 0 0 0 0 1 0 0 0 21 1 0 0 0 0 0 2 0 0 1
79 AAC 10 148255 2 45 2 17 1 1 1 25 2 1 3 3 12 1 8 6 1 3 1 0 0 1 1 3 3 3 2 0 2 4 3 27 0 1 6 1 3 6 4 1 1 1 2 1 1 2 1 9 2 0 4 0 1 5 0 0 2 1 1 4 4 5
80 CCA 0 4 1 6 13 1 6 7 4 3 0 0 1 0 1 7 18 17 5 1 148609 8 8 4 5 0 1 1 19 5 4 7 9 7 4 0 7 4 6 1 1 1 0 3 2 0 3 1 0 3 1 1 12 2 3 3 0 0 0 1 0 2 0 3
81 CAA 11 7 17 2 6 6 3 4 0 1 2 2 2 5 4 4 142319 6 11 6 1 2 3 1 31 2 8 7 8 4 8 5 1 2 3 2 1 3 0 9 2 0 2 2 4 5 0 3 8 2 1 3 4 1 1 7 0 3 0 0 4 7 7 7
82 GAA 16 1 0 1 0 1 0 0 0 0 0 1 0 0 2 1 2 0 7 1 1 0 1 0 1 0 0 0 0 0 0 1 135769 9 5 3 2 1 0 1 1 1 3 2 2 0 4 2 3 0 1 0 2 0 1 1 1 0 0 1 0 0 0 1
83 ATA 10 5 2 0 10 2 0 1 5 3 1 1 127732 6 22 6 0 2 5 4 0 0 1 0 1 2 0 2 1 0 1 8 2 1 0 1 0 1 1 2 2 0 0 1 12 2 2 2 1 2 1 5 2 2 3 6 0 3 3 4 3 5 1 2
84 AAT 7 14 1 140868 1 3 1 2 0 0 0 5 1 0 0 3 0 1 0 4 3 1 2 0 0 0 0 0 0 1 0 0 0 0 0 0 0 0 0 0 0 0 0 0 2 0 0 1 0 1 0 1 1 0 0 0 1 0 0 1 7 1 1 3
85 TTG 0 0 0 4 0 0 1 3 1 0 1 0 2 7 14 2 6 1 0 1 0 0 0 0 3 0 0 0 2 3 13 0 0 0 0 1 2 0 0 0 1 0 1 0 0 2 1 1 1 0 3 0 0 1 6 0 0 0 4 0 16 0 69404 46
86 GAA 35 4 0 1 0 0 0 0 3 2 3 4 1 0 2 1 1 2 1 0 0 3 1 0 0 1 1 0 0 2 0 0 147255 2 16 7 4 3 2 3 136 2 1 0 3 1 2 1 2 1 1 1 2 3 3 4 0 0 1 3 4 6 12 1
87 AAT 17 5 3 142518 2 0 0 0 1 0 0 9 0 1 0 4 2 2 1 3 1 2 0 1 1 1 0 2 0 0 0 0 0 0 5 8 2 1 1 1 2 0 0 0 0 0 0 0 2 0 0 2 2 0 1 1 0 0 0 0 1 0 0 0
88 GTG 0 1 0 0 2 1 1 0 0 0 0 0 3 2 24 2 0 1 0 0 1 0 0 0 2 1 0 1 2 3 5 2 0 0 1 0 0 1 11 0 0 0 2 0 26 0 148172 4 0 0 1 0 0 0 2 0 0 1 1 2 0 0 9 2
89 ACA 10 4 3 0 148026 4 15 1 1 1 2 1 29 4 0 0 2 2 1 3 0 1 0 1 0 3 0 0 0 0 3 0 3 4 0 0 47 1 0 0 0 1 0 0 0 0 0 1 2 2 0 2 0 4 1 1 0 0 0 1 2 1 0 0
90 GAA 28 1 1 0 3 4 0 1 3 2 0 1 0 2 0 0 1 0 3 0 3 0 0 0 0 0 0 0 0 0 0 3 147836 5 15 1 1 4 1 2 8 0 1 0 5 4 0 0 5 0 0 0 1 0 0 2 0 1 1 0 1 0 0 0
91 GAG 2 6 38 1 2 1 1 0 0 0 0 3 1 2 1 1 2 5 3 3 0 2 1 0 2 0 0 1 1 2 5 0 60 3 147595 9 0 2 0 7 0 2 4 0 2 0 3 1 0 0 13 1 2 2 0 0 0 1 1 2 3 2 3 3
92 TTT 0 0 2 0 1 0 0 0 0 0 0 0 0 3 0 5 0 0 1 0 1 0 0 1 0 0 1 1 0 1 1 11 0 0 0 0 0 0 0 0 1 0 0 0 0 0 0 1 1 0 1 16 0 0 1 8 0 0 0 1 2 10 1 145759
93 AAC 15 148423 2 24 0 2 4 3 0 46 0 0 0 1 1 2 5 5 5 2 0 1 1 1 0 1 1 1 1 0 0 1 3 13 4 1 1 0 2 0 0 0 1 0 0 1 0 0 2 2 1 4 3 1 4 0 0 1 0 0 0 2 3 0
94 ATG 0 0 4 0 0 0 13 1 0 3 0 0 56 5 148706 4 0 2 0 2 1 0 0 0 1 0 2 0 0 2 6 5 0 0 0 1 0 1 0 1 2 0 0 3 0 0 19 3 1 0 0 2 0 1 3 0 1 0 0 6 3 0 3 1
95 TGG 1 0 1 2 0 1 0 0 0 1 1 0 0 1 1 2 0 0 0 0 0 1 1 1 0 0 22 1 0 1 0 0 0 0 0 1 0 2 0 1 0 0 1 3 1 1 1 0 0 1 31 2 0 0 0 0 33 0 147081 2 0 5 7 0
96 AAA 149267 1 3 1 1 1 0 0 19 0 2 0 2 1 0 3 0 0 0 3 0 0 0 1 1 1 0 0 1 0 1 0 9 0 0 2 2 0 0 2 1 1 0 0 0 1 1 2 2 0 0 0 1 2 0 2 1 1 0 0 0 0 0 2
97 AAT 2 14 0 149130 2 0 0 4 0 1 0 6 1 1 1 41 0 1 1 4 2 5 0 2 0 0 0 0 2 0 0 2 0 0 0 10 1 0 2 2 2 0 0 2 0 0 0 1 0 2 0 5 0 0 0 3 3 2 0 0 0 0 1 1
98 AAC 11 149032 5 38 1 3 1 1 2 27 3 0 2 2 1 1 3 1 0 2 3 2 4 3 4 2 3 0 0 1 4 0 0 34 1 1 1 3 3 0 1 3 2 0 0 2 2 1 0 6 1 1 1 0 0 0 0 5 2 0 4 4 0 0
99 ATG 1 1 1 1 2 1 6 1 0 1 3 0 16 1 148364 8 1 0 1 0 1 0 0 0 1 0 1 0 3 2 5 1 3 0 1 0 1 0 0 0 0 1 1 0 1 0 26 2 0 1 1 1 0 2 1 0 1 0 0 0 1 2 5 1
100 GTA 1 1 0 1 0 0 0 0 0 0 2 0 46 2 0 1 0 0 0 0 3 1 0 2 0 2 0 0 2 0 2 0 2 0 0 1 11 1 1 2 1 0 0 3 148809 2 16 4 0 0 0 0 0 0 0 0 0 0 0 2 1 0 0 0
101 GAA 48 1 0 0 0 1 0 0 1 0 0 4 0 0 1 0 1 6 3 0 0 1 1 0 0 0 4 0 0 2 0 0 149041 1 10 1 1 2 0 1 3 0 1 2 1 0 0 1 8 0 1 2 2 0 0 0 1 0 2 2 1 0 0 0
102 CAG 0 4 9 1 5 4 3 0 0 3 0 1 1 2 0 1 62 4 149116 8 0 0 3 0 0 0 24 0 3 2 3 0 3 3 0 3 4 2 2 2 0 0 0 2 2 0 1 0 0 0 22 0 0 1 0 0 1 2 1 0 0 0 3 2
103 ATG 1 0 4 0 1 0 2 2 0 0 4 0 58 0 148987 6 0 1 1 0 0 0 0 0 0 0 0 0 0 1 6 1 1 0 0 0 0 0 0 1 0 2 0 0 1 1 6 0 4 0 1 0 0 0 0 1 0 0 0 0 1 2 4 0
104 CAT 0 8 2 12 1 2 1 0 0 2 0 0 2 1 1 0 7 12 11 148896 0 1 0 0 3 1 2 9 1 4 3 6 2 1 3 1 2 5 4 2 0 0 0 0 0 0 0 0 1 0 1 53 0 0 0 2 0 0 0 0 0 0 3 1
105 ACA 16 14 0 1 149085 12 33 10 3 2 3 0 67 4 1 0 4 5 1 2 0 1 0 0 1 3 2 1 1 5 1 1 4 0 2 3 22 0 2 0 2 4 4 2 4 5 1 4 2 5 2 3 2 2 3 2 0 1 3 1 2 2 2 0
106 GAT 1 0 0 19 0 1 1 0 1 0 1 0 0 2 0 0 3 2 1 0 1 0 0 1 3 0 2 0 1 3 1 1 2 6 2 149174 0 0 1 1 0 0 1 5 0 1 2 2 1 1 2 2 0 1 0 2 3 0 1 1 2 0 0 1
107 ATA 1 0 0 1 17 3 3 1 1 0 3 5 149171 1 26 11 1 2 0 1 1 2 2 1 0 1 0 1 3 1 4 4 0 1 0 0 3 2 0 1 0 0 0 0 17 0 2 1 0 1 2 3 1 1 0 1 0 1 1 0 3 1 2 4
108 ATC 1 11 1 2 1 15 2 2 1 1 1 2 11 148775 5 50 7 3 3 0 1 0 3 0 2 4 0 2 3 8 1 5 1 4 2 1 0 0 0 0 0 1 0 1 0 9 2 5 0 2 1 0 0 2 1 1 0 0 1 0 4 1 1 0
109 AGC 0 39 2 0 5 1 2 0 4 148929 1 53 1 6 4 1 1 1 1 2 0 0 0 1 1 2 5 3 2 1 1 1 4 3 5 1 8 2 11 3 4 27 5 3 0 0 0 3 4 1 3 0 6 3 2 0 3 4 1 1 1 4 1 0
110 CTA 2 0 1 0 2 4 1 2 0 0 1 2 11 0 2 0 11 3 0 1 39 1 0 0 5 1 1 0 148948 5 13 4 1 0 0 0 1 1 0 2 0 1 0 2 3 2 1 3 0 1 0 0 0 0 0 1 0 4 1 3 12 1 1 0
111 TGG 0 0 0 1 0 1 0 0 1 1 3 0 0 0 0 2 0 2 0 1 0 0 0 0 0 1 8 1 0 1 0 1 0 0 0 1 1 0 0 0 0 0 0 1 0 0 0 2 0 0 26 0 0 1 3 0 45 2 148999 9 1 1 19 3
112 GAC 3 39 0 2 1 1 1 2 2 4 2 1 2 0 0 0 1 9 1 5 0 0 0 0 2 0 0 1 2 0 0 0 22 149065 7 38 1 1 4 1 0 6 0 0 4 1 0 1 0 7 3 2 0 6 0 1 4 0 0 1 0 5 0 1
113 CAA 3 4 1 1 0 1 0 1 0 1 0 1 0 0 2 0 149049 7 63 12 3 1 0 2 34 1 0 2 3 3 1 3 1 6 8 0 0 5 4 1 0 1 1 1 0 4 0 0 11 2 0 0 0 4 2 3 1 3 0 0 1 2 1 0
114 GGC 1 1 2 1 0 2 2 0 0 49 1 0 0 1 4 1 3 1 1 1 0 0 0 0 1 3 3 5 1 0 1 0 4 42 1 3 0 5 1 0 7 148810 9 20 0 4 2 0 0 3 0 0 5 5 3 4 0 35 1 2 0 0 0 2
115 CTA 0 0 0 1 0 1 0 0 0 1 1 0 11 0 1 0 1 0 0 0 32 0 1 0 3 1 0 2 149219 6 32 4 0 0 0 1 1 2 0 0 0 0 0 0 1 1 0 0 1 0 1 0 2 0 0 0 0 0 0 0 14 0 1 1
116 AAG 59 7 149119 15 6 6 7 2 6 3 9 2 1 2 10 1 1 6 2 3 0 0 1 2 0 4 0 1 1 0 0 4 2 0 11 1 1 0 2 1 1 0 3 0 1 0 2 6 2 8 8 0 2 2 2 4 1 0 0 0 6 1 1 1
117 CCA 1 0 1 1 8 0 3 1 2 5 0 6 0 0 0 1 9 0 0 8 149027 9 13 1 1 1 0 0 6 0 1 0 1 1 0 0 2 0 1 5 5 0 2 2 0 0 2 0 0 0 2 0 53 1 4 2 5 0 0 1 0 0 2 1
118 TGT 0 2 0 2 1 0 1 0 0 0 2 7 0 0 2 1 1 0 0 0 0 2 0 1 0 0 0 21 0 0 0 1 2 0 0 1 1 1 1 2 0 1 0 2 2 0 2 0 5 0 0 35 1 1 1 8 0 15 4 149265 0 1 2 1
119 GTA 3 1 0 0 1 3 2 1 2 0 0 1 56 2 1 2 0 0 1 0 3 0 0 0 1 4 1 0 1 3 0 2 1 1 0 0 8 3 4 1 2 0 0 0 149267 3 31 3 2 0 1 1 0 0 0 1 1 1 1 0 4 0 2 5
120 AAG 32 2 149193 5 6 1 2 3 1 1 19 2 1 1 5 1 0 4 4 2 3 3 0 0 0 0 5 1 1 1 3 0 1 0 7 0 2 5 2 1 1 0 0 2 0 2 3 3 0 1 4 2 3 2 0 1 3 0 1 0 0 1 0 1
121 TTA 0 0 1 0 1 1 1 0 0 0 0 0 1 0 1 2 0 1 0 0 2 1 1 0 0 1 0 0 18 0 1 1 2 1 0 0 0 0 2 1 0 0 0 1 3 0 1 0 8 0 0 0 3 1 0 0 3 0 0 0 149283 0 20 5
122 ACC 0 3 1 0 6 149095 0 19 0 3 0 0 0 28 0 0 2 0 0 1 0 1 0 1 0 1 1 0 0 0 1 0 0 0 1 0 2 10 2 0 1 1 1 0 2 3 0 0 1 2 0 1 1 1 2 0 0 0 0 0 0 1 0 0
123 CCT 0 1 0 0 1 0 0 5 0 2 0 0 0 0 1 1 3 1 2 12 5 49 11 149178 0 0 3 0 0 0 0 16 5 1 0 0 1 2 0 0 2 0 0 0 0 0 1 0 0 0 1 1 0 1 0 13 0 0 0 0 0 0 0 0
124 CTC 1 1 1 0 0 0 0 0 0 0 1 0 1 4 2 3 0 2 0 0 0 14 0 2 1 1 1 2 11 149156 4 22 0 1 2 0 0 0 0 0 3 2 0 0 0 1 0 0 0 1 0 1 0 1 0 0 1 0 0 2 2 15 2 0
125 TGT 0 1 0 1 0 1 0 1 0 0 0 13 0 0 0 2 0 0 0 0 1 2 1 0 0 2 0 48 0 1 0 0 0 0 0 0 0 0 0 0 0 0 0 6 1 0 1 0 0 0 0 41 1 0 0 1 4 59 1 149193 1 1 0 4
126 GTT 2 0 0 3 0 1 0 0 0 0 1 0 2 1 0 33 0 0 0 0 0 0 0 0 0 0 0 0 0 0 0 3 3 0 2 3 0 2 0 13 2 0 1 2 3 11 2 149313 1 0 0 2 1 0 0 1 1 0 0 0 0 0 0 2
127 ACT 3 1 1 2 9 30 4 149194 0 0 2 5 1 0 0 31 0 1 1 0 4 4 2 2 0 0 0 1 0 1 0 0 0 0 3 0 0 1 1 6 0 0 0 1 0 2 1 1 0 2 1 1 2 0 0 1 0 0 1 0 0 0 0 0
128 TTA 0 3 2 0 0 0 0 0 0 0 0 1 9 0 4 1 0 0 0 0 0 6 0 1 1 1 1 0 12 2 4 1 1 0 0 0 1 1 0 0 0 0 0 1 0 1 0 2 2 2 0 0 4 1 0 0 0 0 2 0 149237 0 47 2
129 GAT 1 3 0 32 2 5 0 3 0 1 0 2 1 0 1 1 1 0 2 1 0 0 0 0 0 1 0 3 0 0 0 0 7 18 3 149286 0 0 0 0 0 1 0 4 0 3 0 0 1 1 2 8 1 2 0 0 0 0 0 0 0 0 0 1
130 TGC 1 2 1 0 0 0 0 0 0 12 0 0 0 0 1 0 0 2 0 0 1 0 0 0 0 8 0 0 0 0 0 0 0 0 0 1 0 0 0 0 2 3 0 0 0 0 0 0 3 93 1 0 0 6 0 0 3 149083 2 104 0 6 0 0
131 CAT 3 0 3 17 2 6 2 0 6 0 3 0 0 2 1 3 3 21 3 149283 1 0 0 0 1 1 1 3 3 1 0 2 5 3 5 6 0 1 3 2 0 0 4 1 3 0 1 3 0 0 0 10 3 0 0 2 1 0 1 0 0 0 2 5
132 AAT 7 9 3 149261 1 5 3 2 3 1 0 10 2 0 1 5 10 2 0 2 7 7 9 5 2 0 0 1 0 1 1 1 1 4 1 16 6 1 4 1 1 3 3 2 0 1 2 4 0 3 3 5 0 3 0 2 0 0 0 0 0 1 3 1
133 GTC 0 2 0 1 2 4 2 1 0 0 0 0 1 46 0 0 0 0 0 0 2 7 4 1 0 1 0 0 3 4 1 5 0 2 0 0 0 11 0 0 0 0 0 0 3 149288 3 23 0 1 3 0 1 0 0 0 2 0 1 0 3 5 0 0
134 ACC 5 13 2 1 40 149175 1 28 4 2 1 0 1 16 0 2 7 11 0 1 0 17 2 1 1 2 2 10 6 2 0 2 1 3 6 0 0 13 1 2 0 0 0 3 1 3 5 2 0 6 1 0 1 6 5 0 2 0 0 0 0 1 10 1
135 TAT 0 1 0 10 0 0 0 0 0 0 0 0 0 0 1 1 0 3 0 67 1 3 0 1 0 0 0 0 0 0 0 0 0 0 0 5 0 0 0 0 0 0 0 1 1 0 1 0 3 10 0 149326 0 0 0 1 0 0 0 0 2 0 0 1
136 AAT 19 6 2 149278 1 3 0 4 0 0 0 9 3 0 2 2 2 0 0 2 0 1 0 3 0 3 0 0 2 0 0 1 2 0 0 18 0 0 2 0 0 0 0 0 0 0 0 0 1 2 0 2 0 1 1 0 0 0 0 0 0 0 0 1
137 ATC 0 10 0 0 0 12 0 0 0 2 0 2 14 149224 1 28 0 0 0 0 0 2 0 0 0 0 0 0 0 0 0 1 1 0 0 0 1 2 0 0 0 0 0 1 0 14 0 0 0 0 0 0 0 0 0 0 0 0 0 1 0 1 0 0
138 ACC 2 9 0 1 27 149263 3 38 0 3 2 0 0 23 0 1 1 0 0 0 0 0 0 1 0 0 0 0 0 0 0 0 0 0 1 1 1 17 0 0 4 1 0 0 0 1 0 0 0 0 0 0 0 5 0 0 0 0 0 0 0 0 0 0
139 AGT 4 2 4 48 1 3 2 1 10 6 5 149276 3 0 0 9 4 1 2 0 1 0 4 0 0 0 0 1 0 0 2 0 1 0 2 0 2 0 1 0 0 0 1 23 0 1 5 0 0 1 4 0 1 0 1 0 0 1 1 3 2 2 1 0
140 GAC 4 63 1 0 1 6 0 3 2 2 2 1 0 1 1 1 5 8 1 2 3 8 1 0 0 3 1 6 1 3 0 1 11 167361 4 30 3 3 2 4 0 40 2 0 1 4 2 0 0 8 1 1 1 2 0 3 0 1 0 1 2 0 0 1
141 ATG 1 4 5 1 4 0 14 4 0 1 3 3 40 4 167414 5 7 1 2 2 1 8 0 1 0 1 5 0 3 2 2 1 1 1 2 4 7 2 0 0 0 1 1 3 0 2 42 2 0 4 0 1 0 6 4 0 1 0 0 2 3 0 1 6
142 AAG 48 6 167335 28 6 2 14 1 2 0 44 4 0 2 18 1 4 7 3 6 1 2 1 0 2 4 3 2 1 3 2 0 1 0 19 1 0 2 1 3 2 0 4 3 3 0 2 0 0 1 0 3 1 2 1 0 1 0 1 2 1 3 2 3
143 GAA 52 3 0 2 4 3 0 0 1 0 5 2 0 3 1 1 11 6 1 0 1 14 3 0 2 3 0 1 1 1 0 0 167374 10 20 6 0 4 0 0 23 6 7 2 5 2 0 2 6 4 0 1 0 0 3 1 0 0 1 0 6 0 2 1
144 GAA 48 0 0 0 1 0 3 1 0 2 0 0 1 0 0 0 2 0 0 0 1 1 0 3 1 0 0 1 0 2 2 0 167526 1 1 4 1 1 6 2 7 1 1 0 0 0 0 1 4 1 0 0 1 2 0 0 0 0 2 1 0 0 1 3
145 ATA 5 0 0 0 1 1 0 0 1 0 0 0 167596 4 13 3 0 0 1 0 0 0 0 0 0 0 0 0 0 2 0 0 0 0 0 0 0 1 0 0 1 0 0 3 6 0 0 3 0 1 0 0 0 0 0 0 0 0 3 0 2 0 2 0
146 ACA 19 0 2 0 167516 4 12 4 0 0 4 4 19 3 3 1 2 1 0 1 0 1 0 0 2 0 0 2 3 2 1 3 0 0 0 1 17 1 0 0 0 0 2 2 1 3 0 3 0 2 0 3 2 0 0 0 0 1 0 1 4 2 3 0
147 AAC 1 167577 1 25 0 1 0 0 2 4 0 0 0 0 0 3 1 1 0 0 0 2 0 0 0 0 0 0 0 0 0 0 0 5 0 0 0 0 0 1 0 0 2 2 1 0 0 0 1 3 0 0 0 1 0 0 0 0 1 0 0 0 0 1
148 TGC 0 1 4 0 0 0 0 0 2 3 1 0 2 0 0 0 4 2 1 0 0 2 1 0 0 3 1 1 1 0 0 0 0 0 0 0 0 0 0 0 0 4 0 0 0 2 1 0 3 50 0 0 0 1 0 0 6 167473 2 46 0 3 1 0
149 TCT 3 0 0 0 1 4 1 5 0 3 0 0 1 1 0 0 0 0 2 0 0 3 0 5 0 0 0 0 0 0 0 0 1 0 3 0 0 0 0 2 0 0 0 0 0 0 2 1 2 0 0 8 5 8 0 167544 3 0 0 1 0 0 0 19
150 TAC 0 2 0 0 2 1 0 1 1 1 0 0 0 0 1 1 0 20 0 0 0 2 2 0 0 0 0 0 0 1 0 0 1 3 0 0 0 1 0 0 0 0 0 0 0 1 4 0 11 167531 2 30 0 3 0 0 2 10 1 0 0 1 1 0
151 AAT 8 12 3 167518 0 1 0 0 1 2 1 25 1 4 2 7 0 2 0 2 0 1 0 2 0 0 0 1 0 2 0 0 3 0 1 21 0 2 0 0 1 2 2 0 0 0 0 1 1 0 0 4 0 2 0 2 0 0 0 0 2 0 0 0
152 GTG 0 0 1 0 3 2 2 1 2 0 1 0 0 1 39 3 0 1 0 1 3 1 3 0 0 0 0 0 1 3 1 1 2 0 5 0 0 1 6 1 1 2 0 1 47 1 167489 6 2 0 0 0 0 0 0 0 0 4 1 0 1 0 3 0
153 ACC 1 15 0 2 13 167464 4 25 0 2 1 0 0 18 0 1 0 0 1 0 3 5 2 2 0 1 0 0 1 1 2 0 0 2 0 0 3 32 4 0 0 1 7 0 0 0 0 0 0 0 0 0 2 2 1 0 0 0 1 0 0 0 4 0
154 ACA 11 0 0 0 167401 14 109 15 1 1 0 1 17 0 0 0 3 3 0 2 2 8 0 0 1 1 0 0 0 0 0 0 0 0 0 0 8 3 0 0 3 1 0 1 0 0 1 0 0 0 0 1 6 3 1 0 0 0 0 0 0 0 0 0
155 GTA 0 0 1 0 1 3 1 1 1 1 0 1 77 2 0 0 1 0 0 1 5 8 0 3 1 1 0 0 5 0 1 1 11 0 0 0 19 0 0 2 1 0 7 0 167385 1 8 5 0 0 0 3 0 1 0 3 1 0 1 0 7 1 0 0
156 ATA 7 0 1 0 3 0 0 0 1 0 0 0 167401 0 88 3 3 0 1 0 2 6 2 4 1 3 1 0 6 0 0 3 2 2 0 0 0 3 0 0 0 1 2 0 3 0 1 2 0 4 2 2 3 1 0 0 1 1 4 0 9 0 0 0
157 AGG 4 2 39 6 1 2 2 4 56 4 167280 7 2 3 22 0 5 5 1 0 3 2 1 1 4 2 11 7 1 3 0 1 3 1 0 0 2 3 0 1 1 0 73 0 5 4 6 2 0 2 0 3 3 3 0 5 0 0 22 0 0 0 0 0
158 GAT 1 0 0 50 1 0 0 0 0 0 0 0 1 0 3 0 2 0 0 2 1 6 1 1 0 0 0 0 1 0 0 0 10 10 4 167475 0 0 0 1 0 1 3 4 2 1 0 0 0 0 0 2 0 0 1 1 0 0 0 2 0 0 0 0
159 AAG 23 4 167300 8 1 2 15 1 0 1 69 0 3 0 11 1 3 4 6 1 2 1 0 2 4 8 4 0 3 4 1 2 2 0 91 0 1 1 1 0 1 1 1 3 1 1 2 4 0 2 0 2 1 4 2 2 0 0 0 0 3 3 3 0
160 AAA 167492 6 17 2 3 5 4 4 4 1 0 2 4 4 0 0 2 5 0 4 6 14 4 3 1 1 0 0 4 3 2 1 3 1 0 0 1 4 1 2 0 2 0 0 3 1 0 2 0 2 3 0 2 2 1 0 0 3 0 1 2 1 0 0
161 CAG 0 1 7 1 2 2 2 0 0 3 1 0 2 1 0 2 31 4 167484 2 1 0 2 1 2 3 23 1 3 1 3 0 0 0 6 0 2 1 0 0 0 0 0 0 0 1 0 2 0 2 17 0 0 1 3 3 0 2 0 0 1 3 2 0
162 AAA 167509 1 14 1 5 1 0 1 8 2 1 2 2 1 1 0 3 9 1 0 4 2 1 2 4 0 1 1 2 2 3 5 16 0 1 1 1 2 2 3 1 1 0 0 0 3 0 2 3 0 1 0 1 1 0 0 0 1 1 0 3 3 3 0
163 GTA 3 0 2 0 4 2 0 0 0 1 0 0 59 0 2 1 0 1 1 0 0 0 0 0 0 0 0 0 4 1 1 0 7 0 0 0 8 0 0 0 1 0 0 0 167526 0 5 4 0 1 0 0 0 0 0 0 0 0 2 0 5 1 0 0
164 TCC 0 2 0 1 4 7 3 0 0 3 1 1 0 2 0 0 1 6 1 0 0 10 0 0 0 1 4 0 0 0 0 0 0 1 0 1 0 2 0 0 0 0 0 0 4 0 0 4 0 10 0 0 23 167419 4 29 1 1 0 0 0 25 0 1
165 TCA 0 2 0 0 8 2 2 0 0 3 1 0 0 0 0 0 0 0 0 1 27 0 0 0 1 0 0 0 0 0 0 1 0 1 0 1 1 1 1 0 2 0 2 0 0 0 2 5 6 2 1 1 167478 1 3 5 0 0 2 1 8 0 0 0
166 CTT 0 0 0 0 1 0 0 0 0 0 2 0 0 5 0 5 0 0 0 2 0 2 1 562 0 0 0 0 17 21 4 166912 0 0 1 0 0 3 1 0 0 0 3 0 2 0 0 1 1 0 0 0 0 0 1 1 2 0 0 0 0 0 0 40
167 TTT 0 0 0 0 0 1 0 0 0 0 1 1 0 0 0 5 0 0 0 0 0 0 1 0 4 0 1 0 1 2 0 7 0 0 2 0 0 0 0 0 0 0 0 0 0 0 0 3 0 1 0 1 0 0 0 8 0 0 0 1 6 10 5 167523
168 TAT 1 0 0 4 0 2 0 1 0 0 0 1 1 0 0 1 0 1 0 18 2 0 0 0 0 0 0 0 0 0 0 0 0 0 1 1 0 0 0 0 0 0 0 0 0 0 0 0 7 6 1 167554 0 1 0 0 1 0 1 7 2 0 0 14
169 AAA 167487 2 8 5 10 8 0 5 11 0 2 0 3 3 0 0 0 7 0 0 0 2 0 1 1 4 4 0 1 1 0 0 13 0 0 0 3 0 3 1 1 0 0 0 2 0 0 1 6 0 0 2 2 3 0 1 0 0 0 0 0 0 2 0
170 CTT 0 0 0 3 2 2 5 0 0 1 0 0 1 2 2 14 1 4 0 6 1 0 0 8 0 1 1 1 25 31 5 167412 0 1 0 0 0 0 1 0 1 1 0 0 0 1 4 1 3 2 0 0 0 0 0 1 0 0 0 0 2 0 4 15
171 GAT 1 1 0 31 0 0 1 0 0 1 0 0 0 0 2 0 1 0 1 2 0 0 0 0 1 0 0 0 0 0 1 0 2 1 3 167536 0 0 0 0 2 0 2 9 0 0 0 1 0 0 0 5 0 0 0 0 0 0 0 1 0 0 2 0
172 GTA 1 1 0 0 0 1 2 0 1 0 0 0 68 6 1 1 1 0 0 0 0 0 2 0 0 1 0 0 6 5 2 0 8 0 0 2 7 0 0 0 0 2 0 1 167431 2 35 8 0 1 0 0 1 0 0 0 0 0 0 0 7 1 2 0
173 GTA 0 1 0 0 4 1 1 6 0 0 1 0 89 0 0 1 5 2 1 0 1 3 0 0 0 0 1 0 0 1 0 1 6 0 0 1 27 0 0 0 3 0 0 1 167252 1 42 1 0 0 0 0 0 1 0 1 1 0 0 0 8 0 0 0
174 CAA 17 1 2 4 0 1 1 0 2 2 1 0 0 3 0 0 167408 2 16 6 5 7 0 2 13 2 0 2 5 3 0 1 1 1 0 0 3 1 0 0 0 1 0 1 1 0 3 0 20 1 0 0 1 0 0 1 0 0 0 3 3 2 1 0
175 ATT 0 0 0 2 1 2 2 6 0 0 0 2 9 7 4 167313 0 0 1 0 0 1 0 0 0 0 0 0 1 2 0 1 0 0 0 0 0 0 0 0 0 0 0 0 0 0 0 5 0 1 0 1 0 0 0 0 0 0 0 0 0 0 1 7
176 GGA 1 7 0 6 0 1 1 1 40 1 2 0 1 5 2 1 2 0 0 2 8 5 0 0 5 1 0 0 0 1 0 1 36 2 0 1 6 1 1 1 166119 6 75 15 10 0 0 0 1 4 0 0 2 5 0 0 5 0 0 0 0 1 0 3
177 GGT 1 2 2 3 2 6 4 2 3 1 0 65 7 0 0 0 3 2 2 5 8 11 0 2 0 0 2 2 0 1 0 0 5 6 1 85 0 9 4 3 13 24 6 166393 1 3 2 5 2 2 1 1 3 0 1 2 0 0 0 8 2 2 4 5
178 AAT 18 13 6 167384 2 6 0 2 1 0 0 6 0 0 0 0 1 2 4 2 3 4 2 0 1 1 2 0 1 1 1 0 0 0 2 11 2 1 0 1 2 2 3 0 3 0 1 0 0 2 3 1 2 1 1 0 0 0 0 0 1 0 0 0
179 AAT 16 11 4 167370 0 9 2 1 0 1 2 17 3 0 0 1 2 2 2 1 0 1 2 5 0 1 1 1 0 4 0 0 0 1 2 22 5 2 0 1 2 3 1 4 0 0 1 0 2 0 2 3 4 3 2 5 3 1 2 2 1 0 1 0
180 AGG 9 2 29 1 3 4 4 1 52 6 166784 9 0 1 42 1 4 2 1 4 6 1 0 1 1 0 2 0 0 1 2 0 0 0 0 2 5 2 0 1 0 2 81 2 0 0 3 2 3 2 0 3 0 1 0 2 3 1 8 0 4 1 0 1
181 ACT 5 0 0 16 7 39 2 167147 0 2 0 4 0 2 0 22 1 0 0 2 2 10 6 3 1 3 0 2 0 3 2 0 0 0 1 3 2 0 2 21 0 1 0 1 1 0 0 1 0 1 0 3 0 0 0 1 1 0 1 0 0 0 2 0
182 AAT 17 7 2 167412 3 6 2 1 0 0 4 7 0 0 0 9 5 6 3 1 3 11 1 0 0 0 0 0 2 3 0 0 0 2 0 17 3 6 0 0 0 4 1 1 1 1 0 2 0 0 2 1 2 1 1 0 0 0 0 0 0 0 4 3
183 AGT 8 6 0 43 8 2 1 0 51 17 5 166854 1 0 0 7 2 7 2 0 1 1 2 3 1 1 5 0 0 2 1 0 2 1 1 2 0 2 2 0 1 1 0 17 0 0 2 0 0 1 0 0 1 4 1 2 1 0 2 0 0 1 1 1
184 CAG 7 0 15 3 2 5 3 1 3 0 1 0 1 1 0 3 68 13 166855 10 1 3 6 0 3 6 13 2 5 6 2 2 0 2 1 1 1 1 3 3 1 2 2 0 2 1 2 2 2 4 17 6 3 1 1 1 0 0 5 0 3 1 5 1
185 TAT 1 0 0 2 0 1 0 1 0 1 0 0 0 1 0 0 1 0 0 11 0 1 0 0 0 0 0 0 0 0 0 1 0 1 0 1 0 0 0 0 1 2 0 0 0 0 0 0 8 11 0 166271 0 0 2 0 2 1 1 9 0 3 0 5
186 AGA 21 1 0 0 3 1 0 1 165112 1 2 0 14 2 0 2 1 2 1 1 0 0 4 0 0 3 1 1 1 3 0 0 0 0 0 0 1 1 4 0 31 0 0 0 1 0 2 0 0 0 0 0 1 2 0 0 2 0 1 0 2 1 2 1
187 TTA 1 1 0 1 1 1 0 0 2 0 1 0 19 2 1 4 1 1 0 0 1 2 2 0 0 1 1 0 11 4 3 0 0 1 0 0 1 0 0 0 0 0 1 0 3 4 0 0 8 0 0 0 8 1 0 0 0 1 1 0 166237 2 16 5
188 ATA 13 1 2 2 9 5 0 1 4 3 0 4 167203 3 14 6 2 4 0 3 5 1 0 0 0 0 0 4 3 1 1 0 1 0 0 0 1 0 4 1 0 0 1 2 7 0 6 4 1 3 0 0 0 1 0 3 0 0 0 0 10 1 1 4
189 AAC 17 166788 6 31 0 1 2 8 0 9 0 0 2 4 0 1 1 5 0 1 0 0 0 0 0 1 1 1 2 0 1 1 0 10 2 3 1 0 2 0 0 0 1 10 0 0 0 1 2 0 1 1 2 2 1 3 0 0 1 1 0 1 0 0
190 TGT 1 0 0 0 0 1 0 1 0 1 1 2 0 0 0 0 0 0 0 0 0 0 1 0 0 0 0 8 0 0 0 0 0 2 2 0 0 0 1 0 0 0 1 4 8 2 3 0 2 0 1 50 1 3 0 1 4 27 0 166424 1 0 0 6
191 AAC 7 166279 3 60 13 0 0 2 1 28 0 1 0 2 0 0 2 1 0 0 1 2 0 1 0 0 0 0 0 2 0 0 1 73 1 0 0 1 1 0 1 1 0 1 0 0 0 0 1 3 0 0 0 0 0 1 2 0 0 1 0 0 0 0
192 ACC 1 6 0 0 22 143948 1 21 1 3 0 1 0 5 0 1 1 2 0 1 2 2 0 0 0 0 0 1 0 1 0 1 0 1 0 1 0 5 2 0 1 0 0 1 0 0 1 0 0 0 0 0 1 2 0 3 0 1 1 1 1 0 0 0
193 TCA 2 1 0 1 12 4 3 2 1 0 0 0 0 0 0 0 0 2 0 0 41 0 3 0 3 2 0 0 0 0 3 0 1 0 1 1 3 1 1 0 0 0 0 0 0 1 1 0 2 0 1 0 157050 5 35 5 0 0 0 0 8 0 1 1
194 GCC 11 0 0 0 7 82 0 1 1 0 0 0 2 1 0 1 13 4 1 1 1 4 0 1 0 0 2 0 0 2 4 2 1 1 0 3 18 143655 5 9 0 0 1 0 3 95 0 3 2 2 0 2 0 11 0 3 0 0 0 0 6 0 0 1
195 ATT 0 0 1 4 0 0 0 21 1 0 0 1 5 34 1 162935 0 0 0 0 0 1 0 0 0 0 0 0 1 1 0 0 1 0 0 1 0 0 0 0 0 0 0 0 0 1 0 2 1 0 0 0 0 0 1 0 0 0 0 0 3 0 0 1
196 ACA 9 0 1 0 161723 5 5 5 3 1 3 0 39 0 0 3 0 1 2 3 2 2 3 0 3 1 1 2 1 1 0 3 0 0 0 0 16 0 0 1 0 0 0 1 3 1 0 5 1 3 0 0 4 0 3 0 0 1 0 0 2 1 0 0
197 CAG 2 3 20 0 2 0 0 0 2 1 3 2 0 0 1 0 40 5 164847 13 0 0 5 1 0 0 57 1 0 0 10 1 2 0 1 0 0 2 3 0 0 0 1 1 1 1 0 0 0 2 27 0 1 0 1 1 0 0 0 0 1 1 0 0
198 GCT 0 2 1 0 1 7 1 86 2 0 3 0 5 4 2 2 1 1 1 0 0 1 0 3 2 2 0 0 1 2 1 3 0 0 0 7 4 15 6 163260 0 1 0 0 4 0 4 46 0 2 0 0 2 3 2 3 0 3 0 3 0 0 4 2
199 TGT 0 0 0 0 0 0 0 0 2 0 1 4 0 0 0 1 0 0 0 2 1 1 1 0 0 0 0 19 0 1 1 0 0 0 0 0 0 0 1 0 0 0 3 3 0 0 0 1 1 3 2 39 0 0 0 0 1 57 0 166430 0 1 0 3
200 CCA 2 11 0 0 7 9 2 3 1 1 0 2 2 0 2 2 5 2 0 8 165768 24 12 7 4 0 1 0 17 2 2 2 0 1 2 4 0 0 1 0 0 2 1 0 0 0 1 0 0 0 2 0 16 1 2 0 0 3 0 1 0 0 2 0
201 AAG 72 3 166196 6 2 1 7 2 5 0 41 0 2 4 5 2 0 8 4 3 8 1 3 0 4 8 2 4 1 1 0 1 1 0 20 1 5 3 0 0 0 1 1 0 1 1 0 1 3 0 2 0 0 1 0 0 1 1 2 1 1 1 0 0
202 GTA 3 0 0 2 0 5 8 0 0 0 2 1 65 2 4 1 4 0 4 4 1 1 0 0 1 0 0 0 1 6 2 2 1 0 0 0 26 0 0 0 5 0 2 2 167110 4 22 1 1 1 0 2 1 3 0 2 1 0 0 1 10 7 4 2
203 ACC 8 7 0 2 21 166096 2 25 0 5 2 2 5 40 1 0 7 6 4 1 1 2 0 1 2 0 2 1 3 1 1 2 1 2 4 0 2 17 2 0 4 1 1 2 2 1 0 0 6 1 0 0 2 5 1 1 1 3 0 0 0 0 3 0
204 TTT 2 0 0 1 4 3 0 1 2 4 2 1 3 8 4 10 1 0 1 5 1 2 1 4 1 1 2 1 1 0 2 46 2 0 1 0 0 1 3 1 5 1 5 8 3 2 4 8 0 0 0 8 1 0 3 17 1 0 8 3 12 23 7 166244
205 GAG 2 1 23 1 7 10 1 2 0 1 2 0 0 1 0 1 0 6 0 1 1 2 0 0 0 2 0 0 1 3 3 2 70 5 166414 6 0 2 2 1 0 0 41 1 0 2 4 3 0 3 3 0 1 3 4 1 0 0 2 0 0 2 4 5
206 CCA 0 1 0 1 10 1 4 0 0 0 0 0 1 0 0 0 7 1 0 0 165165 9 17 3 0 0 0 0 12 0 0 1 0 0 0 0 2 0 0 1 0 0 0 1 2 2 3 1 1 0 2 0 161 2 3 2 0 0 0 0 3 1 0 0
207 ATT 5 4 4 8 4 7 3 7 4 1 0 7 11 14 5 166333 5 6 2 2 2 4 1 6 4 0 2 0 1 4 1 3 1 0 1 0 0 1 1 2 1 0 0 0 2 4 0 8 0 11 0 1 0 1 1 0 1 0 0 0 5 1 2 12
208 CCC 1 0 1 2 2 14 1 1 0 0 2 0 1 0 0 3 1 15 0 0 22 166185 6 23 3 1 4 3 2 16 1 2 1 0 2 4 1 11 4 3 5 0 1 3 3 2 0 0 1 3 2 0 2 28 3 4 0 2 0 0 0 2 2 2
209 ATA 10 0 1 1 13 3 0 0 10 1 0 0 166985 3 11 5 2 0 0 0 2 1 1 1 1 3 1 0 3 3 0 3 2 2 1 1 0 0 1 0 0 0 1 2 11 4 7 1 1 0 0 2 4 3 1 0 2 0 0 0 2 2 1 5
210 CAT 10 3 4 17 5 4 3 2 1 2 3 0 1 1 2 0 13 22 3 167036 1 0 1 0 1 0 1 11 1 0 2 3 2 0 1 1 2 3 0 1 0 0 1 0 4 0 2 0 1 0 0 32 4 2 2 1 0 1 2 2 5 3 3 10
211 TAT 0 2 0 9 1 0 0 1 1 1 0 4 2 1 1 5 2 1 0 9 1 1 0 0 0 1 0 0 2 1 2 4 0 1 0 4 0 0 1 2 0 0 1 1 2 0 0 0 7 16 3 166809 0 0 0 6 3 0 1 8 1 1 0 3
212 TGT 2 0 2 2 0 0 0 1 0 0 1 11 0 0 0 0 1 1 0 1 1 1 0 0 0 0 0 5 1 4 0 1 0 1 1 0 0 2 1 1 0 0 1 3 0 0 0 0 0 2 0 52 0 1 0 5 6 18 1 167018 0 1 1 8
213 GCC 0 1 0 0 3 136 4 3 0 2 2 2 1 3 0 1 0 2 0 1 1 7 3 0 1 0 0 0 5 0 0 0 0 1 1 0 14 166808 6 33 3 3 4 0 3 81 5 5 0 2 0 0 4 15 1 2 0 3 1 2 0 0 0 0
214 CCA 0 1 2 0 6 3 0 1 0 1 0 0 0 1 1 0 7 4 0 0 166867 20 17 16 1 0 0 1 18 1 0 0 0 0 1 0 2 0 5 1 1 0 4 0 0 0 2 1 0 0 0 0 15 0 0 0 0 1 1 0 0 2 0 0
215 GCT 0 11 0 4 11 3 1 111 0 1 0 1 0 1 5 2 14 3 3 2 4 37 7 6 0 2 2 2 3 0 1 1 1 3 0 6 8 44 21 166932 2 7 0 6 0 2 0 36 0 0 0 0 3 2 1 13 3 3 0 0 2 0 1 2
216 GGT 5 1 1 2 3 5 2 3 1 1 3 25 0 0 1 1 2 4 1 4 3 6 1 1 1 2 5 2 0 0 0 1 0 1 0 30 1 4 5 2 9 18 9 167201 2 0 0 3 2 6 3 1 2 10 5 1 2 0 1 8 1 0 0 1
217 TTT 2 3 0 2 0 0 0 0 0 1 0 2 0 0 0 2 0 4 1 0 1 0 0 0 3 2 0 1 0 1 0 7 1 0 1 1 0 1 0 0 0 0 0 1 0 1 0 1 0 2 2 7 0 0 1 13 2 0 4 2 0 50 2 167037
218 GCG 2 0 0 3 2 5 55 4 0 2 0 0 5 1 0 0 1 0 0 1 0 1 0 0 2 2 0 0 0 2 0 0 0 2 2 0 50 6 166774 4 2 4 4 2 4 3 223 1 1 0 0 0 1 4 11 1 1 0 3 1 0 0 0 0
219 ATT 2 0 0 1 1 0 1 5 0 0 0 0 3 15 0 167324 0 1 0 1 0 1 0 0 1 0 0 1 3 0 0 4 1 0 0 1 0 0 0 0 0 1 1 0 0 1 5 3 1 0 1 1 0 0 1 0 0 0 0 0 3 0 0 0
220 CTA 0 3 2 0 0 1 0 0 1 1 0 0 14 2 2 3 1 0 1 0 23 0 0 0 0 2 0 1 167243 1 50 3 0 0 0 0 0 0 0 0 0 0 1 0 3 0 1 2 3 0 1 1 0 0 0 2 1 1 0 3 17 1 1 1
221 AAG 63 5 167342 8 2 2 4 1 0 2 34 1 2 0 5 0 3 6 0 1 0 3 0 1 3 1 7 2 0 2 0 0 1 0 10 0 0 2 1 0 0 0 0 0 2 1 3 0 0 0 5 0 3 3 3 2 1 0 0 0 6 0 0 1
222 TGT 0 0 0 4 0 0 0 0 0 0 0 10 0 1 0 0 0 0 0 0 0 4 0 0 0 0 0 4 0 0 0 0 0 0 0 3 3 0 0 0 0 0 0 1 0 0 0 0 0 0 0 53 0 0 0 2 8 23 1 167277 0 1 0 7
223 AAG 54 5 167173 11 3 3 25 7 1 6 131 4 2 0 18 0 6 3 2 0 2 1 1 1 4 2 3 1 2 3 1 0 0 1 36 0 0 2 1 1 0 0 0 0 0 0 1 0 1 5 2 0 3 4 4 0 2 1 4 3 2 2 0 3
224 GAT 0 1 0 31 2 5 1 2 0 1 0 1 1 2 2 1 3 3 1 5 0 4 0 0 1 0 1 1 2 1 0 0 1 10 4 167414 0 2 1 4 1 0 4 1 0 0 3 2 2 1 0 1 1 5 2 0 0 2 1 0 3 1 1 0
225 GAG 7 6 31 2 7 1 3 7 1 1 0 7 4 8 0 3 6 6 2 3 4 10 4 3 8 2 0 1 1 1 0 1 55 9 167233 13 1 3 3 0 5 2 64 1 1 1 0 2 0 5 4 4 4 4 9 0 0 0 1 1 3 0 0 2
226 AAG 63 9 167299 3 5 6 6 1 5 5 12 3 3 2 5 1 6 7 7 1 6 5 0 1 1 2 2 7 1 1 4 0 5 3 20 0 4 1 3 8 0 4 6 2 3 0 0 6 1 6 3 1 5 2 8 8 0 4 4 1 3 3 3 2
227 TTC 0 1 1 3 0 4 0 0 0 1 0 0 0 3 2 0 2 2 1 1 1 0 1 0 0 0 0 0 1 4 0 1 2 0 0 0 1 0 0 2 0 1 0 0 0 0 0 0 0 17 0 1 0 8 0 0 1 1 3 0 10 167339 3 29
228 AAT 15 25 7 167193 6 1 6 11 4 0 0 79 10 6 2 3 1 1 3 6 2 5 2 6 1 0 3 1 2 1 0 4 1 1 2 78 3 1 2 0 0 6 0 0 3 4 5 1 0 3 2 3 2 7 1 3 1 4 2 0 0 1 1 1
229 GGA 0 0 0 1 2 3 0 0 37 0 2 1 0 0 0 0 0 3 0 1 0 0 1 0 0 2 0 0 0 0 0 2 37 0 1 0 3 0 0 1 167294 5 10 6 4 0 2 0 2 0 0 0 0 0 0 0 10 0 0 2 0 0 0 0
230 ACA 8 2 3 2 167165 17 155 10 4 5 4 3 29 3 2 2 7 4 5 0 2 1 0 2 3 4 4 0 6 1 1 0 2 7 3 3 9 4 1 3 3 3 3 0 2 1 3 1 0 3 1 0 3 4 0 4 0 2 3 4 0 4 1 5
231 GGG 0 0 0 1 0 1 1 0 0 1 30 2 1 0 1 0 0 4 1 2 0 4 2 1 1 1 0 1 0 3 0 0 2 0 34 0 0 1 2 0 93 1 167285 6 0 3 16 0 0 0 0 0 1 2 0 0 0 1 15 0 0 1 0 1
232 CTA 6 2 1 3 6 10 1 6 2 0 5 0 13 2 1 3 12 6 6 2 47 10 3 5 3 3 4 2 167230 5 8 9 4 4 6 2 3 7 5 3 3 9 3 1 3 3 2 5 1 1 1 3 1 3 0 2 0 0 9 0 33 1 3 2
233 TGT 0 0 0 0 1 2 0 2 1 0 2 7 0 0 0 2 0 0 1 4 0 6 1 0 0 2 0 25 1 0 0 0 0 0 0 0 1 0 0 4 0 2 0 7 1 1 1 0 0 1 1 62 0 0 0 0 1 36 3 167421 2 0 0 10
234 AAA 167344 2 7 5 6 6 8 1 14 0 1 1 2 1 1 5 3 10 2 6 5 17 10 9 8 3 4 2 7 5 5 1 28 1 4 2 1 2 2 2 10 3 8 5 1 0 0 3 3 5 2 1 2 1 4 1 0 1 6 0 1 0 1 4
235 AAT 5 11 3 167310 7 3 2 0 10 2 0 4 2 3 1 25 1 5 4 6 10 5 4 2 5 6 2 1 2 0 2 1 10 3 3 13 2 1 1 2 3 0 3 6 0 1 6 2 3 1 2 1 2 0 4 1 0 1 3 1 1 2 2 1
236 GTC 0 1 1 0 0 1 5 2 1 0 0 0 4 51 2 3 0 0 0 0 0 6 1 1 1 1 0 0 6 4 5 4 0 8 0 0 0 16 0 1 3 1 0 3 8 167264 13 83 1 1 0 1 0 4 0 0 0 4 0 2 3 4 3 0
237 AGC 0 77 1 0 7 11 4 5 3 167185 5 97 2 7 0 0 0 0 0 2 3 1 0 0 0 0 1 2 0 1 0 0 0 1 0 0 8 3 0 3 0 32 2 2 0 5 5 1 0 0 0 2 2 9 6 7 1 1 0 0 1 0 0 0
238 ACA 3 2 0 0 167355 15 52 10 3 1 0 0 29 0 1 0 2 2 0 0 7 2 0 0 0 0 0 0 0 0 0 0 1 2 0 1 11 5 3 4 0 2 2 0 2 1 4 9 2 2 0 11 3 0 3 4 0 4 2 2 0 0 0 0
239 GTA 0 0 2 0 1 4 3 0 4 0 0 2 103 2 1 2 4 0 2 0 1 3 1 0 0 4 1 1 17 1 0 3 4 1 1 0 33 1 2 0 0 1 0 0 167376 3 35 3 3 0 0 0 2 0 0 0 0 0 1 1 3 0 0 1
240 CAA 12 1 2 0 3 3 0 0 3 1 1 1 1 2 2 2 167338 8 43 5 1 8 2 1 6 0 1 2 13 4 0 4 1 0 0 0 0 1 1 2 2 0 3 3 4 3 3 1 30 2 1 2 2 0 0 0 0 0 1 4 3 0 0 2
241 TGC 0 1 1 0 0 1 0 0 1 11 0 0 0 3 0 0 1 2 2 1 0 4 2 1 1 5 0 0 0 1 0 1 0 0 0 0 0 0 0 0 1 2 0 1 0 1 0 0 1 133 2 0 0 3 0 0 3 167252 0 93 0 8 0 0
242 ACA 9 1 1 3 167473 10 28 6 4 2 1 0 38 3 1 0 2 0 0 1 1 3 1 1 1 0 0 2 1 2 1 0 2 0 0 2 6 2 0 0 0 0 0 1 1 1 0 0 1 1 1 0 3 0 1 1 0 3 2 1 0 1 0 0
243 CAT 1 2 2 9 2 2 1 0 0 1 1 3 1 0 0 0 4 43 9 167263 4 1 0 3 0 0 2 9 2 1 0 1 2 0 1 2 1 1 1 0 1 2 6 0 0 1 0 0 2 0 0 28 0 4 3 2 0 0 0 0 2 0 1 0
244 GGA 1 2 1 0 0 0 1 0 31 4 0 2 1 1 1 0 0 0 0 0 14 3 1 1 2 1 0 0 2 1 1 0 37 0 0 0 8 3 1 4 167430 8 19 7 2 1 1 0 0 0 0 4 3 1 2 0 14 0 0 0 0 1 0 0
245 ATC 1 7 1 0 3 6 0 0 0 1 0 0 24 167492 2 29 4 0 0 1 2 3 0 0 0 1 0 0 3 3 0 1 0 0 0 0 0 1 0 0 0 0 0 0 0 7 4 3 0 0 2 0 0 0 1 0 0 0 0 2 2 1 0 3
246 AAG 72 7 167244 12 1 3 6 0 12 2 38 1 0 0 13 0 2 3 4 1 6 1 2 2 2 7 7 3 3 1 2 0 3 0 52 1 1 2 10 0 1 3 5 2 1 2 7 3 2 3 0 0 2 4 4 1 0 2 1 0 2 4 2 1
247 CCA 0 1 0 0 9 4 0 2 0 0 0 0 1 1 0 0 4 7 0 0 167429 15 7 5 1 0 0 0 8 0 0 0 1 0 0 0 3 4 1 1 4 0 0 0 2 1 3 2 0 1 3 0 53 1 0 0 2 0 0 0 0 0 0 1
248 GTA 0 1 1 0 10 6 5 2 0 0 0 1 73 2 1 1 4 5 3 2 0 0 0 1 2 1 1 0 3 3 5 2 8 3 1 1 13 3 1 2 1 1 4 3 167356 3 45 6 4 3 0 0 0 4 3 5 0 2 0 2 10 1 5 0
249 GTA 0 1 3 0 3 5 7 2 1 3 1 2 83 10 3 0 3 3 0 2 18 15 2 2 1 0 1 1 6 0 0 2 3 4 0 0 20 1 5 1 2 0 1 8 167299 8 13 8 0 11 1 4 2 4 1 0 1 3 0 3 18 7 0 10
250 TCA 1 1 1 2 7 0 4 1 1 2 0 0 1 0 0 0 2 0 0 1 3 1 2 3 3 3 0 0 0 0 0 0 0 0 0 0 2 0 2 4 0 2 2 0 1 0 1 2 5 1 1 1 167404 2 42 5 4 0 0 5 22 0 0 0
251 ACT 0 0 0 4 15 27 4 167211 1 4 0 1 0 0 0 23 1 1 0 0 0 2 1 3 0 0 1 0 0 0 0 0 0 0 0 1 2 1 0 6 0 0 0 0 2 9 2 0 0 2 0 1 0 3 0 12 0 1 0 1 0 0 0 1
252 CAA 8 1 0 0 0 0 2 0 0 0 0 1 1 0 0 0 174273 3 7 13 0 5 0 3 15 0 2 1 0 1 0 2 2 0 0 0 0 0 1 0 0 0 1 0 1 1 0 1 15 0 2 0 0 0 0 2 4 1 0 0 0 1 2 1
253 CTG 0 0 0 0 1 1 0 0 0 0 0 0 1 3 3 4 0 1 0 0 0 6 10 0 2 0 0 0 126 4 174134 6 1 0 2 0 3 0 2 0 0 5 0 0 4 2 7 1 0 0 0 1 1 0 0 0 0 0 3 0 2 1 26 3
254 CTG 1 0 3 0 0 0 0 0 2 0 0 1 2 3 9 1 1 1 3 0 0 0 30 0 0 1 4 0 49 2 174155 6 0 0 0 0 0 1 1 0 2 0 1 0 0 0 5 4 1 0 0 0 0 0 0 0 0 0 2 0 2 5 57 2
255 TTA 0 0 0 0 1 0 0 0 0 0 1 0 7 8 1 2 0 0 0 0 0 0 0 0 3 1 3 1 19 4 1 3 2 0 0 2 0 0 2 0 0 0 0 0 0 2 0 1 3 0 0 0 6 0 0 0 3 0 0 0 174249 1 14 2
256 AAT 9 6 1 174309 0 1 0 4 0 0 1 5 0 1 0 7 1 0 0 0 0 0 0 0 0 0 0 0 0 0 0 1 0 1 0 4 0 0 0 2 0 0 0 1 1 0 1 0 1 1 1 4 0 0 0 0 0 0 1 0 0 0 0 0
257 GGC 0 3 0 1 1 0 0 0 1 33 0 0 4 0 0 0 1 0 0 3 0 0 1 0 0 0 0 0 0 2 2 3 0 144 1 0 0 2 1 2 9 173822 9 222 0 8 2 3 2 0 0 0 2 0 1 3 1 8 1 0 1 0 1 0
258 AGT 0 3 1 58 4 1 0 3 4 14 4 174211 0 0 0 3 0 0 0 0 0 1 0 0 0 4 0 0 0 0 0 0 2 0 0 0 0 0 0 2 1 0 0 20 0 0 3 0 1 0 1 0 0 2 2 1 2 0 2 1 0 0 0 0
259 CTA 9 4 2 2 5 3 3 1 0 0 5 1 28 3 3 2 8 5 2 0 8 1 0 1 1 2 4 2 174121 2 36 4 2 0 1 2 0 1 0 1 3 1 3 2 5 0 4 1 2 4 0 2 0 6 1 1 2 1 1 3 33 2 3 2
260 GCA 0 0 2 1 73 2 1 0 0 0 2 2 1 2 1 0 5 1 0 0 3 1 0 2 1 0 2 1 0 5 1 2 10 2 3 1 174027 6 42 12 3 3 2 5 74 3 2 3 0 0 2 3 10 1 3 0 0 0 0 3 1 0 5 0
261 GAA 52 0 5 1 4 3 2 3 3 1 4 2 2 3 5 2 4 5 5 5 2 11 0 0 0 1 0 0 1 1 1 1 174060 9 26 12 3 2 4 3 14 0 3 2 4 0 1 1 6 2 0 0 7 3 1 4 0 0 4 1 1 1 0 0
262 GGA 3 7 9 5 5 1 9 0 53 2 0 2 1 1 0 1 3 5 0 5 2 2 2 5 5 7 1 2 4 3 1 3 27 2 0 1 4 6 5 2 173970 6 70 8 4 5 2 0 1 2 0 0 1 2 0 0 4 1 2 0 1 3 0 0
263 GAG 9 2 35 1 4 5 7 1 3 0 2 2 1 0 1 2 14 0 4 0 2 8 0 5 1 1 3 4 3 1 7 2 71 5 173920 20 6 1 3 7 5 1 65 6 0 3 11 2 0 0 3 2 6 8 2 1 1 0 4 4 2 3 2 5
264 GTA 0 1 0 3 4 7 0 2 1 3 0 1 60 2 0 0 1 5 0 1 2 12 2 1 1 0 0 0 1 0 1 4 8 7 3 3 22 5 0 0 0 2 4 2 174111 4 52 6 0 3 0 0 0 2 0 1 0 3 1 4 6 0 1 0
265 AGA 63 0 3 4 4 3 3 1 174112 2 9 6 12 3 3 3 7 7 2 3 2 2 0 0 1 2 0 1 4 7 2 3 3 1 2 0 4 0 3 0 13 2 4 1 0 0 3 6 1 2 1 1 2 7 4 1 0 0 3 4 2 4 4 2
266 ATT 0 1 0 6 2 0 1 7 0 1 0 3 14 13 4 174239 0 1 0 0 3 1 1 0 0 0 0 0 1 2 4 10 0 0 0 1 1 3 7 1 0 1 1 0 3 10 2 6 0 0 1 1 1 0 0 0 3 4 3 1 1 0 2 4
267 AGA 31 0 7 1 10 0 2 0 174135 5 10 4 9 2 1 0 5 8 2 0 0 1 0 0 0 5 2 2 2 1 0 0 0 1 0 0 2 0 0 2 60 1 1 2 1 4 1 0 1 2 0 3 0 2 2 9 1 0 3 2 1 0 5 0
268 TCT 2 2 0 2 12 6 3 7 0 2 0 1 6 0 1 1 2 1 1 2 7 16 4 15 1 2 0 0 5 2 2 10 2 0 2 0 5 3 0 7 4 1 7 1 1 2 3 1 0 5 1 9 28 89 12 174006 0 3 8 2 0 9 1 20
269 GAA 51 1 1 3 2 0 1 1 3 3 3 0 0 2 2 4 8 3 0 3 9 7 1 2 1 1 6 1 2 3 1 3 174057 7 6 7 11 9 7 6 10 1 8 1 4 2 2 4 5 1 2 1 1 2 3 2 2 0 7 2 2 1 1 4
270 AAT 16 17 1 174203 4 2 0 1 2 7 2 8 0 0 1 3 3 2 3 5 0 0 1 0 0 2 2 2 3 0 0 0 1 6 1 11 0 2 1 1 0 3 2 0 1 0 0 2 1 2 0 2 1 1 1 5 1 0 0 5 0 0 1 1
271 ATC 2 5 0 1 1 13 0 2 4 1 1 0 12 174133 7 53 0 0 0 1 1 3 1 0 0 3 1 0 2 6 3 1 0 0 0 0 0 0 0 1 2 1 0 0 3 20 1 3 1 5 0 0 0 0 0 1 0 0 12 1 3 9 2 4
272 ACA 20 2 5 0 174120 3 13 12 5 0 0 3 31 2 1 2 1 6 0 0 0 5 3 2 0 5 1 0 3 2 0 1 3 1 0 1 51 1 2 0 4 1 0 4 0 3 1 2 0 2 1 2 5 2 1 4 1 2 0 1 6 2 2 3
273 AAC 16 174271 0 35 0 0 0 1 0 6 1 0 0 0 0 0 2 6 1 1 1 0 0 0 0 2 0 0 1 1 0 0 2 5 0 0 2 0 0 0 0 1 0 0 0 0 2 0 1 2 2 0 1 0 0 1 0 0 0 0 1 0 1 0
274 AAT 4 12 0 174255 1 1 0 2 0 0 0 9 0 0 0 2 1 2 0 0 2 1 0 1 0 0 0 0 0 0 0 1 0 0 0 15 0 1 0 0 0 0 2 0 1 0 1 0 1 0 0 4 0 1 1 1 0 2 1 1 0 0 0 0
275 GCC 0 0 1 2 0 108 0 0 0 8 0 6 7 0 2 1 3 4 0 1 1 5 0 0 3 0 2 0 2 9 0 2 0 12 0 2 20 173860 4 16 0 3 3 5 3 110 3 4 0 0 1 2 3 8 2 8 0 0 7 0 1 3 2 4
276 AAA 174168 8 5 6 0 1 2 2 17 0 2 0 6 0 3 1 20 8 1 2 0 1 0 1 2 13 2 7 0 3 5 1 5 3 0 2 4 3 8 1 3 0 0 1 2 3 0 3 3 7 1 1 1 2 2 1 3 0 1 1 3 0 5 4
277 AAC 15 174229 1 34 1 6 3 0 0 3 0 0 2 3 0 0 0 2 3 0 0 1 0 0 0 1 0 3 5 1 0 1 1 8 2 0 2 1 1 0 1 3 0 4 0 1 0 0 0 0 1 0 0 1 0 0 0 0 0 2 0 0 1 3
278 ATA 4 0 0 0 18 1 1 1 2 0 1 0 174234 1 27 7 0 2 0 0 1 1 0 0 1 0 0 0 9 3 3 2 0 0 1 0 0 0 0 0 0 0 0 0 8 0 2 5 4 3 0 2 1 2 0 2 3 0 0 1 7 1 9 0
279 ATA 8 4 0 0 9 1 1 0 0 0 1 0 174184 9 21 5 2 11 3 5 0 11 1 2 0 0 0 2 5 2 6 8 1 1 0 0 1 0 0 1 0 0 3 4 9 4 6 1 0 1 1 4 0 0 0 1 1 1 4 0 14 5 5 2
280 GTA 4 1 1 2 1 3 0 1 2 4 1 1 83 10 0 4 3 9 0 1 4 4 0 0 2 1 1 0 5 1 3 6 4 1 0 0 59 8 5 5 1 2 0 0 173951 6 65 11 2 0 4 1 0 1 0 0 0 0 1 0 4 1 5 3
281 CAA 13 1 2 8 3 1 0 7 2 4 2 4 5 4 3 1 174126 6 28 4 1 2 0 0 6 0 2 1 8 1 1 0 1 0 0 2 1 2 3 1 2 5 8 4 2 0 0 1 26 1 2 0 1 6 2 4 2 2 4 0 6 3 1 5
282 CTT 0 5 0 1 0 2 0 0 0 0 1 2 2 1 2 4 0 0 0 10 1 1 0 5 0 1 1 0 15 19 10 174169 0 0 2 1 0 2 1 2 2 0 3 0 1 0 1 7 0 1 1 0 2 1 0 0 1 0 0 2 1 2 2 27
283 GCC 1 6 1 0 1 149 1 0 0 1 3 0 3 0 2 1 4 4 0 3 2 19 4 0 1 5 1 3 3 1 3 2 3 28 2 4 32 173471 1 94 2 8 7 6 1 178 12 5 0 0 2 0 2 7 5 6 0 6 6 2 2 3 4 2
284 AGC 0 46 5 1 3 5 3 0 10 173877 9 51 0 6 0 3 4 6 1 2 0 0 2 0 4 2 5 1 0 6 5 0 3 5 2 0 1 9 0 0 1 28 0 0 0 0 1 0 0 2 0 5 1 0 0 0 0 1 2 0 4 0 2 5
285 CCT 0 1 0 0 4 4 2 4 0 1 0 2 0 0 0 1 3 3 1 26 28 133 25 173933 3 3 1 3 2 1 1 12 0 1 1 1 1 0 2 0 1 2 2 2 1 1 3 0 0 2 1 1 0 1 0 19 0 0 1 0 1 1 1 1
286 GTA 0 1 0 0 6 1 1 0 0 0 0 0 116 1 2 0 1 0 0 1 2 0 0 0 0 3 0 1 1 3 1 3 1 0 0 0 21 1 0 0 1 0 0 0 173938 4 21 2 0 0 1 0 0 0 0 0 0 2 1 0 11 5 1 0
287 ACA 12 4 4 5 173916 12 15 4 6 5 4 6 45 6 6 2 6 8 1 5 14 20 2 6 2 5 4 4 5 7 2 3 1 9 2 2 11 11 5 3 3 1 3 6 4 2 3 6 4 5 2 0 6 8 3 0 2 0 4 3 4 11 6 10
288 ATT 4 1 2 9 0 2 6 11 0 0 2 2 24 12 18 174036 1 3 0 0 2 0 0 0 0 0 0 3 9 10 9 7 0 1 0 1 3 5 3 4 1 1 2 3 3 1 9 15 1 3 0 0 0 2 3 0 2 3 3 1 3 3 3 5
289 AAT 12 20 7 174049 1 7 2 6 0 0 2 31 4 4 3 11 5 0 1 8 1 6 2 1 2 4 4 5 1 0 4 3 7 2 5 10 7 2 3 1 1 2 4 9 4 2 10 4 5 0 1 9 3 8 3 8 3 3 9 2 2 3 6 13
290 TGT 0 3 0 1 1 1 3 1 1 0 2 4 2 1 1 1 1 0 0 1 1 1 0 2 1 2 0 8 1 2 1 0 2 1 0 2 1 2 0 2 1 1 3 5 0 0 1 1 2 1 1 53 1 0 1 2 8 44 1 172863 1 0 0 6
291 ATC 2 4 1 1 1 10 2 0 2 2 0 1 10 173986 2 80 4 1 2 1 1 0 1 0 3 0 3 0 4 4 0 2 3 0 0 4 0 1 3 1 0 1 3 1 3 10 4 0 0 0 0 0 0 0 0 0 0 0 3 0 0 5 3 1
292 AGA 38 0 2 1 2 1 1 0 173627 0 22 1 5 1 0 0 0 5 0 0 0 0 1 0 12 3 3 0 1 0 0 3 0 0 2 1 0 0 0 0 81 0 1 0 0 0 2 1 0 1 1 0 0 1 0 0 0 0 1 1 0 1 0 1
293 CCT 0 0 0 0 0 1 0 11 0 0 0 1 0 0 1 0 0 1 0 12 13 57 2 173715 0 0 0 0 0 0 0 22 0 0 1 0 0 0 0 3 3 0 0 0 0 0 1 1 0 0 0 0 0 0 0 16 0 0 1 0 0 0 0 0
294 AAC 15 174067 2 30 3 7 4 0 3 9 4 2 2 4 0 2 1 4 0 1 1 0 1 0 0 0 1 2 0 0 1 0 0 6 0 0 6 2 1 0 0 2 0 0 1 0 0 0 0 0 0 0 0 3 2 0 3 2 1 3 0 6 0 0
295 AAC 14 174161 5 30 0 1 0 1 1 9 0 0 0 4 0 0 3 8 0 1 1 5 0 0 2 1 0 0 0 0 0 0 0 3 0 0 1 0 0 0 2 1 1 3 0 0 1 0 2 3 3 3 1 2 1 0 2 0 0 0 0 2 0 1
296 AAT 4 8 0 173777 1 2 2 0 0 2 0 5 1 0 0 2 6 2 0 5 0 3 3 2 1 0 1 1 1 1 2 1 1 3 0 5 5 0 7 4 1 1 2 0 0 0 1 1 0 0 1 10 3 3 2 6 0 4 4 1 0 2 0 0
297 ACA 7 0 1 2 173863 11 53 7 4 6 2 2 28 0 0 1 1 2 2 0 2 4 0 0 0 2 1 3 0 0 0 1 0 0 0 0 14 3 0 0 0 2 1 1 1 0 0 1 1 0 0 1 4 2 2 1 0 1 1 2 2 0 0 0
298 AGA 49 0 1 2 0 1 0 0 173793 4 10 2 8 6 2 7 3 3 3 3 0 3 1 0 17 10 3 8 6 4 4 7 1 4 1 0 0 3 4 1 22 1 2 4 8 9 11 10 0 3 0 4 1 3 0 1 13 5 7 0 1 0 4 4
299 AAA 174046 6 5 0 7 10 3 3 6 3 3 1 4 5 2 6 9 7 1 3 0 2 3 0 0 3 2 1 7 11 1 2 5 0 2 2 7 3 3 0 1 1 4 7 1 5 6 2 0 2 0 3 7 1 1 2 3 2 1 5 6 8 7 4
300 AGT 2 4 1 34 6 7 2 9 12 17 11 165374 1 0 4 4 2 2 1 1 6 3 2 1 9 1 1 3 2 3 0 1 4 5 0 1 5 5 1 0 2 2 6 824 3 3 5 5 2 2 0 1 1 4 2 1 0 2 1 2 0 4 1 0
301 GTA 0 0 2 1 1 1 2 1 0 0 0 0 116 4 0 2 2 0 0 1 0 0 2 0 3 0 1 0 4 1 2 0 2 2 0 1 12 0 2 0 0 0 2 1 169626 0 36 7 0 14 6 1 0 0 0 0 0 3 0 0 4 0 2 0
302 CAC 5 23 1 1 18 18 2 0 1 1 1 1 5 3 3 0 19 172840 2 30 8 16 3 0 0 6 0 2 5 12 0 3 1 9 3 1 1 1 2 1 1 0 3 2 1 1 1 0 1 78 1 3 2 3 1 1 1 0 6 1 1 0 3 0
303 CTA 1 0 1 0 2 1 1 0 0 2 0 0 25 1 2 2 12 4 1 0 47 4 0 11 0 0 0 0 172128 9 43 2 1 0 0 2 3 1 0 2 0 0 0 0 3 1 0 0 2 1 22 0 4 1 0 1 0 0 1 0 21 3 2 2
304 GGA 5 3 5 0 1 2 1 0 39 3 4 1 0 0 2 3 5 5 1 8 0 1 0 0 4 6 1 1 1 1 7 2 40 10 3 2 4 2 2 2 153467 10 15 10 7 1 1 1 0 2 2 2 0 6 2 2 4 1 1 0 0 2 4 2
305 CCA 0 0 0 0 12 11 1 0 1 0 0 2 0 1 0 4 22 0 11 0 171863 26 100 2 2 2 1 1 33 0 1 1 0 1 0 0 1 3 3 0 0 0 1 2 3 1 2 1 2 0 1 4 29 0 3 2 0 1 3 0 1 2 3 1
306 GGA 1 4 2 1 1 1 5 0 41 1 3 0 1 0 2 0 3 3 1 5 1 2 1 0 3 2 2 3 5 2 0 0 16 16 0 0 14 3 3 2 167707 15 9 10 3 1 5 0 0 6 0 0 1 2 3 0 6 0 0 1 2 0 0 0
307 CAA 11 2 0 0 1 3 2 0 2 0 1 0 0 0 0 0 169593 2 7 2 0 0 0 0 4 3 2 1 1 0 0 0 3 1 1 0 2 4 1 3 0 0 3 1 0 0 2 0 19 0 0 0 2 0 0 0 0 0 0 0 5 0 1 0
308 GCA 0 1 0 0 128 4 5 1 2 1 0 0 3 9 1 2 3 1 3 6 9 5 0 2 0 0 0 4 0 2 0 4 6 1 2 0 163845 6 9 3 2 0 1 1 115 4 12 1 0 4 3 0 9 2 1 1 3 1 0 3 0 4 10 2
309 TTC 0 1 0 1 2 0 0 0 0 1 2 0 1 5 0 4 3 2 5 1 2 0 0 1 1 1 1 0 1 8 0 2 0 3 0 0 0 2 0 0 9 3 0 0 2 0 4 0 1 5 1 2 0 3 0 0 0 1 1 0 22 126551 3 27
310 TAT 0 0 0 6 0 3 1 0 0 0 7 0 4 0 2 5 9 3 7 31 0 2 0 1 1 1 2 0 5 3 5 1 1 2 3 2 3 3 2 0 0 1 0 1 5 1 5 2 6 17 3 169994 1 0 0 5 0 2 3 7 5 1 2 6
311 GCA 2 0 0 0 162 7 4 1 1 8 0 5 7 4 6 3 0 16 0 3 0 0 0 0 0 1 0 1 0 1 0 0 3 0 3 0 108015 1 8 0 1 1 1 0 111 1 4 3 2 1 0 0 8 2 3 5 2 0 3 0 0 2 0 0
312 ACA 17 2 0 0 170807 11 35 14 6 1 0 1 53 4 2 5 4 2 1 6 2 1 0 0 2 6 1 0 2 2 3 2 3 0 0 1 11 0 0 0 1 0 0 0 0 0 0 1 0 4 0 5 3 0 1 7 2 0 0 0 3 2 6 0
313 GAT 2 6 2 46 5 0 2 0 5 6 0 0 0 1 0 0 0 0 0 4 0 0 0 0 1 0 2 3 3 0 0 0 21 9 7 162460 6 1 11 5 2 3 7 9 0 2 7 5 0 0 0 11 1 2 2 0 0 0 3 1 0 1 2 2
314 GGC 6 3 2 4 8 0 3 0 1 52 6 2 0 0 1 0 3 6 2 1 0 1 0 0 0 5 1 2 2 1 0 1 5 119 0 2 3 4 2 0 5 132414 5 107 4 3 1 0 0 0 0 4 0 0 0 1 2 8 2 2 2 0 1 0
315 ATA 1 0 0 0 14 0 0 0 2 0 0 0 173722 0 12 7 2 0 1 0 1 0 0 0 0 0 0 0 1 0 0 1 0 0 1 0 0 0 0 1 0 0 1 0 8 1 2 4 2 0 1 5 2 0 0 0 0 0 1 3 4 1 5 3
316 ATA 11 6 1 4 9 1 5 3 3 2 0 0 173237 11 64 4 1 6 1 1 1 1 0 0 2 0 3 1 9 2 2 1 0 0 1 0 3 2 0 1 0 0 0 1 16 3 2 0 2 5 4 4 0 0 2 3 2 3 8 1 3 4 3 6
317 GGG 0 0 0 2 0 0 1 1 1 0 35 1 0 0 0 2 2 0 1 0 2 0 2 2 1 0 3 0 2 2 1 0 0 0 17 0 0 0 0 1 55 5 172763 17 0 1 6 4 0 0 0 1 0 1 2 1 3 1 16 1 1 1 0 0
318 GAG 3 9 44 0 1 4 4 0 6 2 0 1 0 5 5 2 9 9 5 1 3 6 3 0 5 3 1 0 2 6 1 1 97 2 173341 14 0 1 5 1 3 2 50 4 4 7 8 2 2 5 3 2 2 4 3 1 2 0 3 1 0 2 6 1
319 ATA 6 1 0 0 11 1 0 0 3 1 0 0 173980 8 41 5 0 4 0 0 1 0 2 3 0 1 0 0 7 1 1 0 0 1 3 3 0 7 0 0 2 0 2 0 6 9 3 3 2 3 0 0 2 0 0 1 0 0 0 1 4 1 0 0
320 AGA 51 1 2 2 1 2 0 2 174052 6 9 2 5 0 1 2 1 4 2 6 1 1 5 1 10 6 4 0 2 0 2 0 0 0 1 0 1 1 0 0 12 0 2 1 1 1 0 1 3 2 1 0 0 1 1 0 7 0 0 1 0 0 0 1
321 CAA 38 5 1 3 5 6 3 4 2 8 8 4 3 4 2 1 173736 11 21 10 3 3 1 0 25 5 2 3 10 7 0 1 6 4 1 4 1 10 1 4 3 2 2 4 4 3 0 6 26 4 0 1 1 7 4 4 1 1 0 0 0 4 1 2
322 GCA 0 0 3 0 100 7 5 1 0 2 0 6 0 2 0 0 0 3 0 1 3 2 0 0 1 0 1 0 0 0 1 0 9 0 0 1 172512 0 10 5 1 1 0 0 78 0 0 1 1 0 2 4 8 1 0 0 2 0 1 1 0 0 0 1
323 CAT 1 2 4 23 4 1 3 0 1 2 0 0 8 2 1 0 13 32 2 172926 1 0 0 0 0 1 1 7 1 0 0 12 6 2 2 2 0 2 0 0 3 2 1 0 1 3 3 0 0 0 2 41 0 6 0 0 3 0 0 0 2 1 1 4
324 TGT 4 1 1 1 1 1 2 0 0 0 2 2 1 0 1 0 1 0 1 2 1 0 1 1 0 1 0 13 1 0 1 0 2 2 2 0 0 1 0 0 0 0 2 2 1 0 2 3 2 1 3 56 1 2 0 0 21 32 1 173445 2 0 0 3
325 AAT 10 10 5 173925 1 5 0 4 0 4 0 13 4 3 1 2 3 4 0 1 0 1 0 0 4 0 1 0 2 3 0 0 0 1 0 22 1 4 0 1 0 1 2 0 2 5 1 0 1 0 0 8 1 0 0 1 0 0 4 2 2 1 4 2
326 GTT 0 3 1 3 2 0 3 0 1 0 2 2 1 0 1 52 0 0 0 2 2 5 1 1 0 2 0 0 2 3 1 12 1 0 0 12 0 1 2 9 1 0 0 1 9 20 8 173439 3 1 0 0 2 1 0 1 6 0 0 2 4 1 1 3
327 AGT 2 6 1 49 2 0 6 2 6 20 0 173903 0 0 0 4 7 2 0 0 3 4 1 0 0 1 3 1 1 0 1 1 1 5 1 1 1 0 0 0 1 2 2 26 0 0 0 0 1 0 1 1 5 0 0 2 0 0 0 3 0 2 2 1
328 AAA 174109 6 6 11 4 1 1 1 11 0 2 0 10 2 3 4 10 1 5 6 1 6 0 1 1 6 2 3 5 0 2 5 13 1 0 0 13 1 5 2 1 5 3 5 0 1 5 3 4 5 1 6 0 4 1 4 0 0 4 1 1 0 7 3
329 AAA 173895 6 259 5 8 13 4 5 8 1 0 5 6 3 1 3 3 3 1 2 3 0 2 0 0 2 2 4 4 3 1 3 8 2 3 3 4 6 4 1 0 4 2 0 2 2 0 5 4 3 1 3 4 4 2 7 0 1 1 0 0 1 0 0
330 GAA 28 1 1 0 0 4 1 0 0 0 0 0 0 0 1 0 3 4 0 0 0 0 0 0 1 2 2 1 5 1 0 3 174144 5 25 12 4 1 0 1 9 1 2 2 7 1 0 1 3 0 0 2 2 0 1 3 1 0 2 0 6 0 0 0
331 TGG 0 1 2 0 1 0 1 1 0 0 4 0 0 2 0 0 2 0 0 0 1 0 1 1 0 0 9 0 0 0 2 0 0 2 0 1 1 0 0 1 0 0 4 0 0 2 0 0 0 0 31 0 0 0 0 1 30 0 174029 5 1 0 6 0
332 AAT 23 13 10 174067 10 5 4 1 0 0 1 15 0 0 3 5 2 8 3 0 0 3 0 0 3 3 2 0 5 1 0 2 2 1 1 15 1 1 3 2 0 0 1 0 3 1 0 3 0 3 0 2 1 5 0 0 0 0 0 1 1 1 0 0
333 AGC 6 105 7 4 5 17 5 1 18 173685 7 107 0 9 5 3 9 6 3 6 7 22 5 3 2 14 8 1 2 5 4 12 0 2 1 1 8 0 3 2 1 62 3 2 6 1 1 3 1 4 4 9 7 7 3 0 1 5 2 0 0 3 4 4
334 ACT 3 4 0 30 17 21 10 173541 3 2 4 2 0 2 10 40 6 5 1 5 0 3 1 0 3 8 3 2 1 5 5 4 1 0 2 0 2 8 8 15 1 2 3 4 4 3 10 6 0 0 1 0 1 7 10 3 0 2 0 3 2 0 5 1
335 TTG 2 3 3 0 1 2 2 2 4 2 1 0 4 3 9 0 0 1 5 2 1 0 2 1 2 0 0 2 10 2 26 3 0 1 2 0 0 1 1 0 1 0 1 0 1 2 8 2 2 0 1 0 0 1 34 2 2 1 2 1 162 2 173292 8
336 CAA 20 8 4 1 7 17 3 2 3 0 2 3 6 2 2 3 173828 7 27 8 3 9 2 0 35 5 9 9 12 4 0 3 1 1 3 1 2 3 2 0 4 3 6 1 9 0 0 1 130 5 0 4 1 3 3 2 3 0 4 1 5 0 2 5
337 AAG 56 5 173828 12 3 5 15 7 2 2 139 3 5 1 5 1 3 3 7 2 1 6 2 0 3 2 8 2 4 3 0 3 1 5 22 1 0 6 5 2 4 1 1 4 1 4 1 3 1 1 1 4 1 7 2 1 0 4 1 6 0 0 1 2
338 GTA 0 1 3 0 5 3 0 0 0 0 0 0 83 3 2 5 0 0 0 0 2 4 2 0 1 0 0 0 6 6 1 3 4 1 1 0 12 0 0 1 0 0 0 1 174029 8 36 10 2 0 0 3 0 0 1 0 0 0 0 1 9 0 2 0
339 GCC 1 0 3 1 2 92 4 0 2 2 1 3 1 0 1 3 6 3 0 0 2 4 0 0 1 0 1 1 1 4 2 1 2 11 1 0 20 173596 7 27 1 5 4 2 2 100 3 8 2 3 0 2 1 18 3 5 0 2 0 3 0 3 0 0
340 AAC 16 173919 7 34 3 2 1 7 3 11 4 2 3 3 1 0 7 5 0 0 0 0 2 0 1 2 0 0 1 4 1 0 1 11 5 1 1 1 2 3 0 3 2 5 6 2 5 5 0 11 1 0 6 1 2 2 0 1 2 3 0 0 1 1
341 CAA 10 5 1 6 2 8 6 3 7 4 4 4 1 5 4 7 173967 2 7 7 2 0 0 0 9 2 4 1 18 4 3 0 7 1 4 0 6 5 4 1 3 5 1 1 10 1 5 2 20 2 2 3 2 2 3 1 1 1 2 3 4 0 0 1
342 TTA 1 0 1 1 0 3 0 0 0 1 0 0 9 2 1 2 0 0 0 0 1 1 2 0 2 3 1 2 6 2 2 5 1 1 1 1 0 1 0 0 0 0 0 1 0 0 1 3 2 1 3 1 10 0 0 0 2 0 0 1 174070 1 32 6
343 AGA 82 9 0 1 11 5 2 0 174047 5 15 6 16 6 2 0 1 6 4 3 1 2 1 0 11 2 2 6 1 4 0 3 1 0 0 0 2 1 4 1 27 3 8 2 1 5 7 1 0 4 2 1 0 2 0 3 3 1 2 0 5 3 3 4
344 CCA 4 4 2 4 20 5 4 4 1 5 6 7 2 2 5 1 18 2 7 6 173908 19 20 7 8 0 2 3 29 11 8 2 4 2 4 12 10 4 0 2 5 1 2 3 2 4 3 7 4 2 0 1 30 4 2 4 0 0 5 1 3 2 2 3
345 TAC 4 14 3 3 2 0 1 0 2 1 5 1 2 1 7 1 1 22 4 7 2 1 0 3 2 1 1 0 7 1 1 0 1 3 1 0 0 1 5 5 0 3 1 0 0 2 3 0 7 173742 6 41 2 4 0 1 0 11 2 4 4 5 2 11
346 TTT 2 0 0 0 2 1 1 1 0 0 0 0 1 0 2 8 1 1 1 3 1 0 5 0 1 0 1 0 4 4 0 16 0 0 0 1 1 4 1 0 2 1 0 3 2 0 4 2 0 4 1 12 0 1 0 6 1 1 10 1 33 19 5 173773
347 AAG 83 8 173939 20 3 6 4 0 1 10 41 4 2 1 10 8 2 4 9 2 4 12 11 2 4 0 1 1 3 4 2 1 0 7 29 2 4 3 2 1 4 4 3 5 2 5 7 1 0 0 3 0 13 4 5 1 1 3 4 1 2 2 0 8
348 AAC 22 174072 3 30 1 9 2 3 8 7 3 0 0 3 3 1 0 2 6 7 5 4 0 11 2 0 3 2 4 2 1 2 0 7 1 5 3 1 3 1 1 4 1 5 4 6 2 5 0 2 0 0 0 4 0 1 0 0 2 0 1 2 1 2
349 AAC 24 174044 1 41 4 10 3 1 5 21 3 5 1 6 0 0 0 5 1 2 12 4 0 0 3 0 4 0 1 5 6 1 3 6 7 0 1 1 0 0 1 2 5 3 3 3 0 3 0 11 1 3 1 1 3 0 0 1 2 3 3 2 2 2
350 ACA 24 2 1 0 174127 5 12 12 2 2 1 0 24 0 1 0 7 6 4 1 5 2 4 5 5 1 1 5 1 1 1 4 1 0 4 0 13 2 3 1 3 0 3 0 0 0 7 2 0 3 0 1 1 1 5 2 0 1 1 2 1 0 4 0
351 ATA 7 2 1 1 15 1 2 0 1 4 3 5 174161 2 13 3 5 3 9 1 2 1 3 2 2 2 0 2 0 1 1 0 2 2 3 5 1 1 2 2 1 0 1 2 7 5 1 1 1 2 1 1 0 2 3 1 0 3 2 1 10 2 1 0
352 ATA 25 0 0 0 10 2 0 0 3 0 1 0 174148 6 13 12 0 1 0 0 1 1 0 0 1 2 0 0 2 1 1 2 1 0 1 0 0 2 0 0 0 0 0 0 10 1 3 4 2 0 3 1 0 0 1 0 2 0 0 0 8 1 4 0
353 AAA 173849 12 6 8 5 11 9 5 19 3 1 1 5 4 8 3 9 7 2 4 0 3 3 1 9 4 4 1 7 5 4 3 15 6 1 1 2 1 2 4 2 0 0 1 6 2 6 6 4 6 1 1 3 8 3 3 2 2 0 1 1 0 4 3
354 TTT 2 1 1 2 3 0 0 0 1 1 2 1 0 0 2 12 6 0 1 1 1 0 0 0 0 3 0 2 1 3 1 7 2 1 0 0 2 0 0 2 2 0 1 0 1 1 1 0 1 3 8 7 2 2 0 8 0 1 1 1 0 6 1 174010
355 GCT 11 10 4 7 1 6 2 107 5 5 0 1 0 0 0 2 7 3 0 0 0 1 1 1 2 5 2 9 0 7 3 3 4 9 3 24 19 18 8 173757 1 5 1 8 11 1 5 126 1 6 0 3 3 1 0 13 0 5 3 4 2 1 5 3
356 AAC 7 174129 7 44 1 5 0 0 0 13 2 1 5 3 0 3 3 2 11 4 5 7 5 2 1 1 2 0 0 0 0 3 2 9 3 7 3 2 5 0 1 1 1 0 4 0 1 1 3 3 0 3 2 6 3 3 0 5 3 3 2 5 1 3
357 TCA 2 7 2 3 9 0 0 1 0 7 0 5 0 0 1 0 0 9 3 3 25 1 2 5 0 1 0 0 0 1 0 0 1 1 0 0 9 0 11 1 7 0 3 0 1 3 1 1 17 1 1 0 173882 2 15 4 2 0 0 0 16 0 1 0
358 TCA 0 2 0 0 15 2 0 2 0 5 0 0 0 0 0 2 0 1 2 0 16 2 2 2 1 0 0 0 0 1 0 0 0 0 0 2 7 2 1 5 1 0 1 1 0 0 1 0 10 1 1 1 173496 5 86 8 1 0 0 0 40 1 0 1
359 GGA 2 4 0 1 3 1 0 0 22 0 2 1 1 0 1 0 0 0 4 0 2 1 1 2 2 0 1 0 0 1 0 0 26 3 1 2 4 1 0 0 174192 3 39 3 4 1 0 0 1 5 3 0 2 0 1 1 5 2 0 0 5 0 0 0
360 GGG 0 1 0 0 0 3 0 5 1 1 158 0 0 0 0 0 0 2 2 0 0 1 2 0 0 0 1 1 0 0 2 0 0 1 18 0 0 2 0 0 60 1 173912 16 0 1 10 0 0 1 0 0 1 1 0 0 0 0 6 1 0 0 0 1
361 GAT 1 1 0 18 0 0 0 2 1 1 3 1 0 2 0 0 2 1 0 0 1 2 1 2 3 0 1 1 2 1 1 2 4 11 1 174209 1 1 0 0 3 0 0 7 0 0 0 2 4 0 3 1 2 0 0 0 1 1 0 0 0 1 0 2
362 CTA 1 3 0 2 1 2 0 2 3 0 1 4 13 6 1 1 6 3 1 6 50 3 0 0 1 0 0 2 174064 5 49 8 3 1 0 1 1 2 0 3 0 1 0 1 2 2 3 0 0 5 3 2 0 0 2 1 5 0 4 1 19 3 5 5
363 GAA 21 0 0 0 2 0 0 1 0 0 0 0 1 0 0 1 1 0 0 1 2 1 1 0 0 0 1 0 3 1 0 0 174235 0 7 2 1 2 1 2 10 3 4 1 3 0 1 1 6 0 3 2 6 1 1 0 0 0 0 1 1 0 0 0
364 ATT 0 0 2 12 0 2 1 6 1 0 1 3 15 40 1 174159 0 1 0 4 0 1 1 0 2 0 3 0 0 0 4 1 0 1 0 1 0 0 0 1 3 0 3 3 7 5 8 8 3 2 0 1 3 1 0 1 1 0 0 0 0 0 0 2
365 ACA 7 5 3 1 158696 11 44 5 3 5 1 0 85 11 1 5 5 5 1 1 2 0 1 0 1 2 0 1 0 4 3 0 0 0 1 1 11 6 3 1 3 1 5 4 2 0 1 3 2 0 0 0 5 1 0 5 1 3 1 1 2 1 3 2
366 ACA 7 1 0 2 158770 13 10 8 8 1 0 3 20 0 1 0 8 7 4 9 0 2 2 0 2 3 4 3 6 0 1 3 0 5 1 4 17 5 5 4 0 1 0 3 0 2 0 5 1 1 2 1 14 2 0 1 0 0 1 0 8 2 3 0
367 CAT 2 2 0 11 2 0 3 5 1 8 0 0 1 2 0 0 6 6 3 158783 2 2 0 4 0 0 1 3 5 3 2 4 0 1 0 1 4 8 7 0 2 1 3 2 0 1 1 1 3 2 0 28 6 4 2 6 1 4 2 7 3 9 2 2
368 AGT 1 6 2 30 2 14 2 12 0 25 1 158670 4 4 3 11 2 4 4 2 1 0 2 1 0 0 2 1 7 3 0 2 1 2 0 1 4 7 1 0 4 2 2 31 3 0 3 1 5 2 0 6 1 7 6 0 0 0 2 3 1 0 3 5
369 TTT 0 0 0 0 0 4 1 1 0 0 0 1 0 2 1 0 0 0 0 0 0 2 0 0 0 0 0 0 0 0 4 7 1 1 0 0 1 1 0 0 0 0 0 1 0 1 3 0 3 1 0 4 0 0 0 9 1 1 1 3 12 19 2 158879
370 AAT 12 8 3 158878 3 0 0 1 1 0 0 6 2 0 2 7 3 1 1 0 0 2 1 0 0 0 0 0 1 0 0 3 0 1 0 31 0 0 0 0 3 0 0 1 0 0 0 0 1 0 1 3 1 0 0 1 1 0 0 2 0 0 0 0
371 TGT 0 0 0 4 0 0 1 0 0 0 0 6 0 0 0 0 2 0 1 2 1 0 0 0 0 1 0 7 0 0 0 0 1 0 0 0 0 0 0 0 0 0 0 2 0 0 0 2 0 0 2 38 0 0 0 3 3 9 3 158865 0 0 0 4
372 GGA 1 0 0 4 0 0 0 0 35 0 2 0 0 0 0 0 1 0 0 0 3 0 0 0 5 1 0 1 0 0 0 2 21 0 3 0 0 0 1 1 158795 4 50 6 6 0 1 0 0 0 1 1 0 0 0 0 4 0 5 0 1 0 0 2
373 GGA 1 0 0 1 0 0 0 1 39 1 0 0 0 0 0 1 5 1 2 0 1 1 0 0 0 1 1 0 1 1 0 0 17 0 0 0 0 1 0 2 158867 2 14 6 0 0 1 0 0 1 0 2 0 2 1 1 1 3 1 0 3 0 0 0
374 GAA 26 1 0 1 3 3 2 2 0 0 0 0 1 0 2 0 2 0 2 1 0 0 1 0 0 1 0 0 0 1 0 0 158911 1 9 8 2 0 0 0 4 0 0 0 0 3 0 0 5 0 0 0 3 0 0 0 0 0 0 0 1 1 0 0
375 TTT 0 3 0 0 1 0 0 0 1 0 0 1 0 0 0 34 1 4 0 0 0 2 0 0 0 0 0 0 1 0 0 6 0 0 0 0 3 2 0 0 0 0 0 0 0 0 0 2 3 3 0 9 0 0 0 4 0 5 2 0 2 14 0 158831
376 TTC 1 4 0 0 1 0 1 2 0 1 1 0 2 7 1 0 1 1 2 1 0 0 4 1 0 2 0 0 4 4 6 0 0 5 1 0 0 0 0 2 0 0 1 0 0 0 1 1 4 3 2 5 1 8 0 1 3 0 3 0 19 158825 3 49
377 TAT 1 0 0 8 0 0 0 1 0 1 1 0 0 1 0 1 5 4 1 14 1 2 2 1 0 2 3 0 4 1 2 4 3 0 0 0 1 1 0 0 0 0 0 0 3 1 0 3 8 14 2 158836 0 2 0 1 0 0 0 15 3 3 3 11
378 TGT 1 1 1 0 0 0 2 0 1 3 1 5 0 0 0 0 1 1 1 1 2 1 0 1 2 2 1 11 0 0 0 2 2 1 5 1 0 1 1 0 0 3 2 1 0 0 3 3 1 0 3 37 1 0 1 3 5 28 0 158805 1 1 4 4
379 AAC 15 158640 4 53 5 6 9 1 6 16 4 0 1 5 3 4 8 7 2 6 4 11 4 3 1 0 1 2 2 5 1 3 0 28 6 2 5 3 1 1 7 5 5 5 9 7 4 4 1 7 0 3 0 3 4 3 2 3 5 1 4 2 3 0
380 ACA 12 0 0 0 158849 16 9 5 3 1 1 0 25 0 0 2 1 0 0 1 1 4 1 0 2 1 0 0 2 0 0 0 1 1 0 3 9 1 0 3 0 0 2 0 0 4 0 0 2 0 2 0 18 4 4 2 1 1 1 2 0 0 0 0
381 TCA 4 3 1 2 9 5 7 0 2 2 1 0 1 1 4 2 1 6 3 4 21 4 1 0 1 3 2 0 1 6 4 5 7 6 6 3 3 4 1 3 2 5 1 4 1 2 2 3 3 2 2 3 158551 17 99 13 1 0 5 1 37 6 2 5
382 GGC 9 3 7 1 5 8 2 4 1 45 0 1 4 1 0 0 8 4 3 1 4 6 5 7 5 9 2 2 4 5 1 0 1 74 0 6 5 8 6 5 14 158428 9 35 0 14 0 5 0 4 0 1 2 1 1 3 0 7 2 4 5 3 2 2
383 CTG 0 1 2 0 1 0 0 0 0 0 0 0 5 2 23 2 1 4 5 2 0 2 37 1 0 0 9 0 49 5 158747 1 0 0 3 0 0 0 0 1 2 0 0 0 0 1 0 1 0 0 0 0 2 0 0 0 2 2 2 1 5 1 21 0
384 TTT 0 2 1 3 1 3 1 0 1 2 0 0 0 2 0 0 2 0 2 0 1 0 4 0 1 0 2 0 0 1 1 18 1 0 0 1 2 0 1 0 1 0 1 1 1 0 1 3 1 5 2 2 2 0 0 8 1 1 2 2 1 10 0 158762
385 AAT 20 19 10 158576 9 14 6 17 12 5 10 11 6 4 7 9 7 4 3 16 6 8 3 9 5 3 11 3 3 2 6 2 7 4 4 13 9 3 4 5 10 0 1 5 5 0 3 9 0 5 1 14 11 4 9 1 1 5 6 3 8 2 0 2
386 AGC 0 80 3 0 9 10 3 9 13 158364 3 64 1 2 2 1 7 7 0 4 9 8 2 5 2 2 5 0 2 0 1 0 0 7 4 2 8 4 4 6 7 75 12 5 4 3 1 2 1 0 0 1 6 0 0 4 0 1 2 1 1 0 3 2
387 ACT 17 12 14 13 28 32 14 158408 5 3 11 18 6 11 5 34 11 8 18 5 2 1 13 2 11 6 5 5 8 10 1 3 6 10 12 8 6 3 12 21 5 5 12 9 9 1 9 2 3 7 2 1 2 5 3 9 1 2 2 10 5 7 3 7
388 TGG 1 2 0 7 4 9 0 4 2 1 4 0 6 4 2 4 6 16 3 8 6 5 6 1 0 2 38 0 10 6 5 2 4 8 1 2 1 14 0 6 2 6 8 0 3 6 4 1 5 8 19 4 9 5 7 4 21 2 158522 8 4 8 13 0
389 GAG 11 6 52 9 9 13 5 10 4 10 14 4 3 14 17 7 1 7 1 5 11 5 13 2 2 11 5 3 2 5 13 8 74 7 158293 19 8 6 7 10 8 9 28 5 9 7 12 14 1 8 6 5 8 2 12 6 1 2 10 3 8 7 5 8
390 TTT 6 4 0 4 6 8 1 3 3 2 2 1 3 0 3 5 7 5 0 6 8 11 6 3 0 2 3 0 1 7 2 17 3 1 3 0 0 6 0 2 0 1 5 4 6 1 4 7 0 6 1 9 1 2 3 10 0 1 7 1 10 21 10 158572
391 AAT 10 12 5 158701 3 3 2 4 2 3 3 27 7 0 0 6 1 4 4 8 7 4 4 2 1 2 2 2 1 2 5 0 6 2 5 30 7 4 1 2 1 2 4 1 8 5 3 4 1 5 0 8 1 1 5 1 1 3 2 1 1 1 0 6
392 AGC 5 77 1 2 4 5 6 1 15 158125 3 52 2 13 8 2 5 9 2 5 2 2 4 5 6 9 4 1 0 8 2 7 4 0 2 4 5 6 3 0 3 68 1 1 0 1 6 4 2 3 0 7 4 4 3 1 0 1 3 1 1 5 0 6
393 ACT 7 7 5 8 26 30 18 158178 3 2 9 6 3 10 5 16 12 3 7 2 12 15 5 5 4 5 10 5 8 7 3 1 7 3 1 3 2 2 6 12 5 4 7 5 8 2 11 4 2 7 0 0 4 14 3 16 0 1 5 4 2 3 2 2
394 TGG 3 3 3 6 6 2 4 2 0 2 14 4 0 3 8 3 1 8 5 3 6 0 4 2 2 4 75 4 3 1 5 4 0 7 3 4 2 4 5 8 7 3 16 10 3 5 3 4 0 4 20 0 1 1 4 4 29 12 158275 7 4 2 11 4
395 AAT 8 18 6 158544 3 12 2 5 6 3 6 5 4 4 3 11 0 5 5 6 7 5 10 0 2 14 6 7 7 10 7 3 7 4 4 12 2 0 6 0 3 6 10 7 7 1 9 3 1 2 1 8 4 2 6 5 0 1 2 6 9 1 5 1
396 AAT 7 18 5 158584 7 7 2 7 1 0 3 9 0 4 2 3 5 7 5 5 5 9 6 8 0 2 9 2 1 2 1 0 0 3 2 9 2 4 4 2 7 3 8 6 1 2 1 2 0 4 0 2 5 5 3 3 1 3 1 1 3 2 5 2
397 TCA 3 6 2 4 21 8 4 4 6 2 1 2 0 1 2 4 2 5 1 5 15 10 7 3 1 5 4 5 1 2 4 2 6 4 7 7 7 2 9 1 4 6 3 3 4 1 6 0 12 3 1 1 158509 6 53 7 4 3 2 2 21 3 4 7
398 AAT 13 16 6 158619 3 8 2 7 2 1 7 7 7 1 5 9 8 5 4 7 10 11 5 7 6 6 6 4 3 5 4 2 1 0 2 39 2 6 5 0 4 3 4 5 2 3 3 2 0 2 1 9 4 7 5 1 0 4 4 5 4 1 3 1
399 AGC 3 94 5 2 4 10 4 9 6 157237 2 60 1 11 5 7 2 11 6 5 7 11 0 1 2 4 0 0 3 3 1 1 5 0 7 1 0 2 7 1 1 18 5 1 0 0 2 4 0 2 3 2 4 1 1 0 0 2 5 3 2 1 6 1
400 ACA 22 3 2 3 158560 7 16 5 5 4 2 0 33 2 0 0 1 7 2 5 6 12 6 6 3 2 6 2 5 1 0 1 1 6 6 0 15 5 4 1 1 2 7 4 3 2 0 0 0 7 0 0 6 7 2 2 1 0 2 5 1 2 0 3
401 GAG 5 5 26 4 6 4 1 2 1 4 0 1 2 1 0 0 4 2 1 2 0 4 2 2 6 1 0 3 3 4 1 1 52 8 158167 10 0 4 4 4 2 7 11 2 3 1 2 2 0 8 4 0 0 1 3 4 4 0 0 0 1 0 2 0
402 AAT 19 12 4 158448 3 2 2 2 1 4 3 4 1 2 6 7 0 2 0 2 1 5 1 6 2 2 3 0 1 3 0 0 1 4 6 2 1 3 3 3 0 5 5 0 1 6 8 4 1 4 0 4 4 1 1 2 0 0 3 0 1 1 4 3
403 ATA 1 0 0 2 10 0 0 1 1 0 0 0 158776 5 20 2 3 5 0 0 0 0 3 0 3 0 1 1 2 0 1 2 0 1 0 0 1 2 4 0 0 3 1 0 9 2 1 3 0 0 0 0 0 0 0 0 1 0 0 0 5 4 4 0
404 ACT 11 3 0 12 7 4 3 156236 2 1 5 2 2 2 0 25 1 4 2 3 1 1 0 0 3 3 4 2 0 0 1 0 0 0 0 0 2 2 1 17 0 0 2 2 2 0 0 0 2 0 0 1 0 2 4 9 0 0 1 0 1 0 0 1
405 CTC 0 0 0 0 0 0 0 0 0 2 3 1 5 11 3 0 0 1 0 0 3 22 0 0 0 0 0 1 8 156918 8 13 0 0 0 0 4 1 0 0 0 1 1 0 2 0 0 0 3 2 0 0 3 0 1 0 0 0 0 2 3 18 4 4
406 CAA 18 0 4 4 3 3 0 2 8 0 2 1 0 2 0 5 158486 1 2 3 2 5 0 5 24 3 4 0 17 0 1 1 3 1 3 0 5 2 1 0 1 1 2 0 4 3 3 3 15 1 0 0 12 0 2 2 0 0 2 1 2 1 2 2
407 TGC 1 1 0 0 0 0 0 1 1 4 0 1 0 2 0 1 0 1 0 1 0 0 1 0 0 5 0 1 0 0 0 0 0 1 0 0 0 1 0 1 0 6 0 2 0 0 0 0 2 101 0 0 0 2 2 0 11 152865 0 135 2 9 0 0
408 AGA 29 4 1 3 2 1 0 3 156427 1 9 1 6 5 0 0 1 0 1 0 0 1 0 0 6 2 3 2 0 0 0 1 0 0 2 0 4 2 0 0 34 0 0 1 1 3 1 0 0 1 0 0 2 0 1 2 9 1 2 1 0 0 2 3
409 ATA 1 2 0 1 3 0 0 0 2 0 1 0 158315 1 15 0 0 3 0 1 0 1 0 0 0 2 2 0 4 1 2 0 0 0 0 0 3 1 0 1 1 0 0 2 7 2 0 0 0 0 1 0 0 1 1 0 1 0 0 2 1 0 0 0
410 AAG 88 2 157503 5 0 0 3 2 1 1 5 0 0 1 1 0 2 3 2 0 0 1 1 0 0 0 6 7 0 0 1 0 2 0 13 0 0 1 1 0 0 0 1 1 2 0 0 1 3 1 2 0 0 0 0 0 0 0 1 1 0 0 0 1
411 CAA 10 0 1 1 2 0 1 2 3 4 2 1 1 0 0 0 158317 0 9 6 1 0 2 0 4 2 4 9 2 0 0 0 0 0 0 1 0 0 0 0 1 0 1 1 1 2 1 2 36 0 2 0 5 0 0 2 1 2 0 0 0 0 0 0
412 ATT 0 3 0 4 0 0 1 6 1 1 1 1 5 16 1 116121 1 1 0 0 2 0 0 0 0 1 1 0 2 1 0 4 1 0 0 1 0 0 1 0 1 0 0 1 3 1 0 9 0 0 0 0 0 0 0 1 0 0 1 0 2 0 0 5
413 ATA 2 3 1 4 9 2 3 2 1 3 2 0 147403 5 19 3 0 2 0 1 0 0 1 1 2 0 1 1 2 2 2 2 1 0 1 1 1 1 0 0 0 2 1 0 9 4 4 3 3 1 1 2 0 1 1 1 0 0 1 0 3 0 2 1
414 AAT 22 12 9 155003 12 11 5 11 1 5 3 10 0 2 6 9 5 1 9 7 3 0 1 1 0 1 3 3 0 0 2 1 4 1 8 11 2 2 9 2 2 0 7 7 1 2 0 1 0 1 0 5 5 3 0 10 1 0 3 1 2 0 1 0
415 ATG 2 0 0 7 0 1 4 1 4 0 1 2 60 6 71402 10 1 1 0 3 5 2 0 0 0 1 0 0 0 2 2 3 0 0 0 0 0 1 1 0 0 0 0 0 0 0 9 0 1 2 1 3 4 1 0 2 0 0 0 1 3 5 1 3
416 TGG 1 0 1 0 0 0 0 0 3 0 4 2 0 0 0 0 0 0 1 0 0 0 0 0 0 1 5 0 0 0 0 0 1 0 0 0 0 0 1 0 1 0 0 1 1 0 0 0 0 0 29 0 2 0 0 0 111 3 141217 5 1 1 10 0
417 CAA 10 2 0 1 4 3 4 1 0 0 0 2 1 0 2 0 156493 8 9 2 0 2 0 1 11 0 0 2 1 3 0 2 1 1 1 0 1 0 1 2 0 0 0 1 3 0 1 0 58 5 3 2 3 4 2 0 1 0 0 0 0 0 0 5
418 AGA 46 1 6 0 3 4 0 1 154118 7 3 1 14 0 1 2 3 4 4 1 1 0 0 0 2 1 1 1 4 2 0 3 3 1 2 0 5 4 2 0 20 3 0 1 7 1 0 3 0 0 0 1 2 3 2 1 98 0 1 0 0 0 0 0
419 GCA 5 4 3 7 62 2 3 2 3 7 3 4 1 1 4 4 6 3 7 5 11 10 2 2 3 1 5 0 3 5 6 2 9 3 10 0 79265 7 36 8 2 5 0 0 81 1 1 0 0 1 0 0 8 1 1 1 0 1 4 0 4 4 3 3
420 GGA 8 1 3 0 4 1 1 2 23 1 5 2 5 0 1 1 3 7 2 4 0 1 1 0 4 0 3 2 0 3 1 0 20 2 0 0 1 0 0 1 83761 3 10 4 6 2 1 3 2 1 0 0 1 1 2 1 8 0 2 0 3 5 0 3
421 CAA 28 7 9 2 19 4 3 4 6 6 0 4 5 2 0 4 124794 15 23 2 2 1 0 2 13 3 0 2 12 5 1 1 4 0 0 0 0 3 2 3 1 0 0 0 2 2 0 2 12 3 2 1 0 0 1 1 1 1 0 1 4 1 1 1
422 GCA 5 6 4 0 88 4 0 0 0 9 4 0 2 1 3 5 6 2 3 6 2 4 0 0 2 5 0 1 4 4 2 4 5 1 1 3 103320 1 19 6 3 0 2 1 73 0 8 2 2 5 1 3 4 2 2 3 2 0 3 0 7 3 10 5
423 ATA 6 0 0 18 16 4 0 4 2 2 0 1 154483 4 24 20 2 0 1 2 1 1 1 0 0 0 0 1 9 8 7 7 0 0 0 0 0 1 0 4 0 1 1 0 9 2 5 7 0 0 0 7 0 0 0 3 0 0 0 0 12 5 3 7
424 TAT 1 1 0 3 2 3 1 2 0 0 0 3 14 0 2 2 0 0 3 11 0 0 0 0 0 0 0 0 1 0 0 0 1 0 1 2 0 0 1 3 1 2 2 0 0 1 2 1 4 21 5 149587 3 1 0 0 1 1 6 26 3 1 1 1
425 GCC 1 2 2 3 1 73 4 1 0 2 1 0 1 5 7 0 2 1 3 1 1 10 1 0 3 1 0 0 2 0 4 2 1 5 0 1 11 129088 6 19 1 0 0 0 0 143 3 0 3 9 1 0 2 8 5 1 0 9 3 0 2 3 4 2
426 CCT 0 0 0 1 3 2 2 5 0 0 0 0 5 2 1 3 2 0 3 20 12 15 3 65576 0 0 0 2 2 0 0 38 1 1 0 0 1 0 0 1 1 0 3 3 1 0 0 5 0 0 1 1 1 0 2 6 2 0 0 1 0 1 0 0
427 CCC 0 2 0 3 10 15 4 2 1 0 0 2 2 1 2 2 1 27 1 0 15 51751 5 7 1 0 0 0 1 9 0 0 1 0 0 0 3 1 2 0 0 3 2 0 4 0 4 2 0 0 2 0 2 9 5 1 1 0 0 0 0 0 1 0
428 ATA 9 3 8 1 12 2 0 1 4 0 1 0 157354 2 13 3 2 1 1 3 0 0 0 0 0 0 1 1 3 1 4 3 2 0 1 4 2 0 2 1 0 1 0 1 11 0 3 2 0 0 1 0 4 0 1 3 3 2 1 0 2 2 1 0
429 CCA 0 2 2 3 20 1 1 6 2 2 1 0 0 4 2 0 11 1 0 10 153854 3 52 15 1 3 0 1 25 1 4 2 1 2 0 0 5 0 1 3 3 3 4 2 1 1 0 1 2 1 0 0 28 1 0 3 1 2 0 3 3 0 0 0
430 GGA 8 2 0 2 0 5 0 1 20 1 1 0 4 1 0 0 3 2 0 0 0 0 0 0 5 1 1 6 0 0 0 2 27 4 1 0 1 0 2 2 144995 10 18 7 11 0 0 0 0 1 1 3 3 1 0 2 12 0 2 0 2 2 1 0
431 GTA 7 3 1 2 3 2 2 4 2 7 0 1 83 6 6 3 5 5 4 2 4 2 0 3 1 1 0 1 8 2 0 3 20 1 0 2 22 0 0 2 2 1 0 1 157266 5 6 16 3 3 1 5 9 1 0 2 2 2 3 1 8 4 1 2
432 ATA 7 3 1 0 8 2 0 2 0 1 2 2 157721 6 66 6 2 0 0 2 1 4 2 0 0 1 1 0 4 2 3 2 1 0 3 0 0 1 0 1 1 2 2 0 9 2 2 12 1 1 1 4 1 2 0 0 0 1 0 5 17 0 4 2
433 AGG 4 5 40 2 1 1 6 1 56 3 155953 7 4 0 11 0 3 3 7 0 1 0 1 0 1 1 7 0 3 0 2 2 2 0 1 1 1 1 1 4 4 1 20 2 0 0 5 0 0 3 2 1 1 0 3 2 0 0 4 1 1 0 0 0
434 TGT 0 0 1 0 4 1 2 0 1 0 0 2 0 0 1 0 1 1 0 0 1 0 1 0 0 1 2 6 2 0 0 0 0 1 1 0 1 0 0 0 2 0 1 3 1 0 0 0 0 1 3 55 0 0 0 2 2 39 2 157760 1 0 0 3
435 AAA 158771 4 14 6 10 2 0 0 7 2 2 4 2 0 2 1 0 2 0 0 0 0 1 0 5 3 3 0 0 1 0 0 14 0 0 1 0 3 0 0 0 1 1 1 0 1 0 0 3 1 0 0 0 3 0 1 0 0 0 2 1 1 1 0
436 TCA 1 0 0 3 4 2 1 0 1 1 0 4 0 0 0 0 0 1 2 2 8 0 0 0 1 0 0 1 0 0 0 0 0 0 1 0 7 3 4 0 0 2 1 1 0 0 0 0 4 0 1 1 156108 3 14 7 1 0 0 2 13 0 0 1
437 AAT 13 14 4 158556 2 5 5 3 2 1 7 5 3 0 3 8 3 1 1 2 0 0 0 0 0 3 5 1 2 0 1 0 2 4 0 13 1 6 0 0 1 5 2 1 2 1 1 4 1 3 1 11 3 0 0 1 0 3 3 1 1 1 8 3
438 ATT 0 1 0 7 3 0 0 7 0 0 2 0 5 10 0 156844 0 0 0 1 0 0 0 0 0 1 0 0 0 2 0 0 0 1 0 0 0 0 0 0 0 0 0 0 2 2 0 4 1 0 0 0 0 0 1 0 0 0 0 0 0 0 0 1
439 ACA 7 2 0 0 158418 24 115 21 1 0 0 0 53 1 0 0 0 1 1 0 1 1 0 0 0 0 0 0 0 0 0 0 0 1 0 1 23 0 0 0 3 0 0 0 0 3 1 2 0 2 1 1 3 2 0 2 0 1 0 1 0 0 0 0
440 GGA 3 2 1 0 0 0 0 0 20 3 0 4 0 0 0 0 2 0 0 1 0 0 0 0 0 0 1 0 0 0 0 0 21 0 1 1 5 1 3 1 158631 3 18 11 3 0 0 0 0 1 2 0 0 1 0 0 10 1 0 1 0 1 1 0
441 CTA 0 0 1 0 0 0 1 0 3 0 2 0 11 8 3 2 1 1 1 0 15 2 1 1 0 1 2 1 158406 3 32 5 0 0 0 0 0 0 0 2 1 0 0 0 3 2 2 3 0 0 0 0 3 2 0 0 0 1 0 0 21 3 4 1
442 ATA 9 0 2 5 10 2 2 0 0 5 0 0 158245 10 12 11 1 3 2 0 0 1 1 0 0 2 0 0 2 3 4 4 1 0 1 2 0 0 1 0 1 1 4 2 12 0 1 6 0 0 0 0 0 1 0 1 3 0 0 0 6 1 0 1
443 TTA 3 0 2 0 2 0 0 0 2 1 3 0 12 3 1 3 0 0 0 0 0 0 1 0 0 0 0 0 6 0 0 1 0 0 1 0 0 2 0 2 0 0 1 5 1 1 1 2 1 0 1 1 4 1 0 0 1 0 0 0 158282 3 17 5
444 ACA 8 0 0 4 158538 4 32 8 0 2 0 2 12 1 0 0 5 0 2 0 0 1 0 0 2 0 0 0 0 0 0 1 0 0 0 0 2 0 0 0 0 0 0 0 2 0 1 1 1 0 1 0 4 4 0 1 0 0 0 0 2 2 0 0
445 AGA 17 0 0 0 0 0 0 0 158422 1 19 0 3 1 1 1 0 0 0 0 0 0 1 0 0 4 0 1 0 0 0 0 0 0 0 0 0 0 1 0 10 0 0 0 1 0 0 0 0 0 0 0 0 0 0 0 0 0 0 0 0 0 0 0
446 GAT 3 0 0 31 2 2 1 1 0 0 0 1 2 0 1 0 0 1 1 1 0 0 1 0 2 1 2 0 4 0 0 1 3 12 4 158496 1 0 6 2 1 1 0 4 1 0 1 0 2 0 0 3 1 0 1 0 0 0 2 2 2 2 0 0
447 GGT 1 1 0 2 3 0 0 1 0 0 0 24 0 1 0 0 1 2 0 0 0 1 0 0 0 0 0 0 0 1 0 2 0 0 0 28 0 1 0 0 5 10 3 158645 0 1 0 4 1 0 0 2 1 2 2 1 2 0 0 8 0 2 0 0
448 GGG 0 0 3 0 3 0 0 1 3 0 23 0 1 0 1 1 1 0 1 0 0 0 0 0 0 0 0 0 1 0 0 0 1 1 48 2 1 0 0 0 34 3 158450 10 0 0 11 0 1 0 0 0 0 0 1 1 0 0 9 1 2 0 1 0
449 AGT 2 6 4 101 16 2 2 6 12 41 7 158455 5 7 3 7 4 4 2 3 4 5 2 4 5 5 2 2 6 5 7 1 6 2 0 2 4 3 1 2 3 1 8 37 3 4 7 9 2 2 0 3 5 3 2 4 1 4 0 9 5 2 5 1
450 AAT 13 18 8 158541 3 3 3 5 2 3 3 8 2 2 0 1 6 1 2 6 6 6 5 3 2 7 5 1 5 4 2 0 3 4 3 10 3 0 4 4 1 4 1 3 4 3 2 1 2 0 0 4 3 4 2 1 1 3 4 2 3 1 3 1
451 AAG 38 12 158404 18 11 5 7 6 1 9 25 4 1 7 7 15 1 4 4 2 5 7 9 0 3 5 11 2 1 8 3 3 4 4 117 7 4 4 4 4 0 6 3 8 6 3 8 3 0 3 4 6 2 3 3 3 0 2 3 3 4 7 4 9
452 AAT 11 21 3 158623 5 3 2 5 1 2 1 10 2 6 6 9 2 10 7 4 6 8 4 8 8 1 5 1 3 3 5 5 2 2 5 15 2 2 1 5 3 5 2 4 1 5 2 0 0 0 2 7 2 3 1 3 0 5 4 3 1 6 3 13
453 ACA 11 8 4 8 158236 11 47 2 6 3 1 5 34 3 7 5 6 8 4 7 23 11 2 1 6 6 5 2 5 6 1 6 5 6 2 4 28 14 4 1 4 0 6 5 2 5 3 6 4 11 2 9 14 6 6 2 0 3 5 11 8 6 7 7
454 AGT 10 4 4 43 8 6 2 6 11 19 11 158371 1 5 3 14 8 7 4 2 4 3 2 8 10 8 5 8 6 0 2 2 3 3 4 5 1 3 0 0 4 2 15 49 7 2 5 10 1 2 1 1 1 2 1 4 0 3 4 12 0 5 6 5
455 GAA 41 4 0 6 2 1 0 0 1 1 0 0 0 0 0 0 2 1 2 1 1 4 0 4 0 0 1 0 1 0 0 4 158584 0 7 0 1 2 0 1 10 0 0 0 1 0 0 0 0 4 1 3 4 0 0 0 2 0 0 1 1 1 0 0
456 ACC 3 6 1 3 29 158494 2 17 2 2 1 3 6 36 3 8 0 0 0 2 0 0 0 0 0 1 2 2 0 1 0 2 1 0 0 1 0 11 3 1 0 0 1 1 2 3 7 1 1 2 0 4 2 0 1 1 0 0 2 4 4 0 5 4
457 TTC 0 0 2 0 2 0 2 0 0 0 0 0 4 10 2 4 0 2 1 0 1 1 0 0 0 2 1 0 4 33 0 4 1 0 2 1 1 1 0 0 0 0 2 0 2 8 0 2 0 7 1 2 0 22 2 1 3 0 1 4 9 157970 0 35
458 AGA 15 0 2 1 2 0 0 0 158768 1 19 2 11 0 1 2 1 2 0 1 1 4 1 0 7 5 2 6 0 0 0 1 0 1 1 1 0 1 0 0 60 0 0 0 0 2 0 0 2 1 0 0 0 0 0 1 4 0 0 0 0 0 1 2
459 CCT 0 0 0 0 0 0 0 2 0 0 1 0 2 0 0 1 1 1 1 10 21 122 8 158217 0 1 0 1 0 0 0 8 1 0 1 1 4 0 0 4 0 0 3 0 0 1 0 1 1 0 0 0 1 0 1 16 0 0 0 0 0 0 0 1
460 GGA 2 7 0 3 10 11 3 7 18 10 0 2 5 5 2 5 1 5 0 0 1 1 0 1 0 0 0 1 5 6 0 6 32 1 2 0 3 2 2 4 158306 6 71 15 32 16 6 9 0 3 1 3 8 9 5 4 8 0 0 2 4 5 5 2
461 GGA 1 0 0 1 3 2 1 0 23 0 1 0 1 0 0 0 0 3 0 1 1 0 0 2 0 0 0 0 0 3 0 1 22 0 0 0 2 0 0 1 158791 6 57 4 5 1 1 1 1 0 1 0 1 1 0 0 7 1 0 0 5 0 0 1
462 GGA 2 0 2 0 1 0 0 0 23 0 1 0 1 1 1 0 2 0 2 1 1 1 0 0 0 5 0 0 2 0 0 0 23 0 1 1 3 0 3 1 158728 6 55 13 2 0 2 2 2 2 1 0 2 2 0 0 7 0 0 0 1 0 0 4
463 GAT 3 12 1 54 1 1 1 2 0 2 0 2 1 1 1 2 8 7 2 2 2 2 2 2 1 0 0 0 0 1 1 1 13 9 3 158761 2 2 2 0 0 0 1 9 1 2 0 2 1 2 2 9 2 3 1 0 0 0 0 1 2 3 0 2
464 ATG 0 0 5 3 2 0 8 2 3 0 5 3 26 3 158715 10 1 0 2 0 0 1 0 1 2 0 2 0 2 0 7 2 0 0 0 3 1 0 3 0 1 0 5 1 3 1 24 3 3 0 1 3 0 0 0 3 4 0 1 5 11 1 7 6
465 AGG 8 1 51 3 3 9 2 4 54 1 158411 8 2 1 39 2 4 7 5 6 0 3 3 1 5 3 8 4 1 3 0 1 1 0 2 0 3 1 1 1 0 0 37 1 0 1 1 0 1 0 1 0 3 3 3 1 0 4 4 1 1 0 9 0
466 GAC 0 25 1 0 1 2 5 2 0 0 1 0 0 0 0 0 1 1 3 1 1 5 0 1 1 2 1 1 0 3 1 1 14 158737 1 48 1 3 2 0 1 9 1 0 0 1 0 0 4 7 1 1 1 3 1 3 2 1 0 0 0 0 0 0
467 AAT 15 11 0 158569 2 3 6 0 1 4 1 9 3 4 0 17 0 1 0 1 0 2 1 2 0 0 2 1 1 2 4 7 0 0 0 14 0 0 0 2 0 0 0 0 6 2 1 0 1 0 0 1 0 2 2 0 1 0 1 2 7 0 5 1
468 TGG 1 2 2 5 0 1 3 0 2 1 6 0 4 2 0 4 0 0 1 0 1 4 2 2 0 2 15 0 5 2 0 1 0 1 0 0 0 0 0 0 1 3 0 2 0 2 4 5 1 1 23 0 1 1 0 1 19 3 158717 0 3 1 15 6
469 AGA 56 4 0 0 5 0 0 2 158780 2 14 1 4 0 0 0 2 5 3 1 0 1 2 2 1 4 3 3 1 1 4 0 0 2 0 1 1 3 0 0 29 2 0 2 0 1 3 0 0 0 0 1 0 1 3 1 10 1 0 1 0 2 2 1
470 AGT 1 3 0 103 1 10 0 14 7 38 2 370796 1 1 0 14 0 6 4 0 3 1 1 1 0 3 2 0 1 0 2 0 1 0 1 0 1 2 10 1 10 4 4 20 0 2 1 0 1 2 0 0 4 21 15 0 2 0 0 5 1 0 0 0
471 GAA 109 2 3 0 2 1 2 0 3 0 0 1 3 0 3 1 7 5 0 3 0 0 0 0 0 4 0 0 0 2 0 3 372005 7 18 18 1 2 0 3 7 2 0 0 4 0 0 4 14 0 3 3 0 5 1 0 1 0 3 0 1 2 0 0
472 TTA 4 1 0 6 1 0 0 0 2 0 1 0 63 0 4 5 2 0 0 0 1 0 0 0 0 0 1 0 21 2 0 8 1 0 2 2 0 0 0 1 1 0 1 5 5 1 2 1 11 0 7 1 22 0 3 0 0 1 1 0 371808 5 21 17
473 TAT 1 3 2 17 6 7 1 0 3 6 3 4 2 0 2 1 3 6 0 25 0 0 0 1 1 1 2 0 5 0 3 6 1 0 1 2 0 2 8 3 10 3 9 0 2 3 1 5 50 30 11 371892 2 0 3 5 5 10 16 21 3 0 9 15
474 AAG 135 20 371602 17 5 3 10 4 3 1 36 2 2 1 16 2 8 14 13 1 6 12 6 2 5 13 2 2 7 3 5 0 7 3 71 5 9 2 16 1 13 8 18 4 2 1 1 0 1 7 5 1 3 1 7 2 1 0 4 1 8 2 0 2
475 TAT 3 0 3 6 0 0 0 0 3 0 2 1 0 0 2 0 0 0 0 20 0 2 2 1 1 2 2 1 0 0 1 1 4 0 1 2 0 1 2 0 1 4 0 1 0 0 0 3 19 27 4 371924 0 2 2 2 3 0 0 24 0 4 0 0
476 AAA 371866 2 98 11 5 0 0 1 34 0 0 3 10 0 0 1 1 1 1 2 1 2 0 2 0 2 0 0 0 2 0 0 22 0 2 0 3 5 1 4 6 3 4 1 0 1 1 0 4 0 3 0 3 0 1 0 2 1 1 0 3 0 2 3
477 GTA 1 0 0 3 6 6 3 2 0 3 0 6 138 6 2 10 3 0 2 2 1 2 0 0 0 1 1 2 7 3 2 1 9 0 0 3 16 0 1 2 0 1 5 1 371616 4 36 6 8 5 0 0 1 1 0 5 0 2 2 1 26 2 0 2
478 GTA 0 3 1 1 1 2 0 6 0 1 0 0 98 6 0 2 0 4 3 1 0 5 0 0 1 0 0 2 3 0 0 0 82 0 0 1 30 1 0 3 5 3 1 1 371764 8 41 19 2 1 1 0 2 2 0 1 0 0 1 0 13 0 0 0
479 AAA 371619 7 23 13 10 12 2 14 20 10 1 14 18 5 8 17 14 3 5 4 2 4 0 2 6 4 4 6 4 13 9 4 20 2 0 0 3 5 2 2 3 0 6 10 4 2 6 9 6 4 0 1 4 14 8 19 2 0 1 1 10 2 3 1
480 ATT 4 2 8 23 5 3 6 19 1 0 0 1 18 29 2 371437 1 0 2 1 0 0 1 0 2 3 1 2 3 4 17 13 2 0 2 2 0 1 1 1 1 1 4 0 4 14 6 30 5 6 4 2 0 0 0 2 2 1 1 4 13 0 15 66
481 GAA 89 10 5 11 6 8 3 3 4 11 5 6 1 7 7 5 14 2 15 10 1 0 1 0 3 8 9 3 9 4 5 8 371409 5 99 15 12 5 0 4 65 4 3 1 22 12 17 16 16 6 2 5 5 9 4 5 1 4 6 8 12 16 8 8
482 CCA 2 3 0 0 13 1 3 1 0 2 0 1 4 0 2 0 8 3 3 2 371939 22 28 20 0 0 0 2 22 1 2 3 2 1 0 0 7 8 4 1 0 2 2 2 3 0 2 2 4 3 0 0 52 3 0 0 5 0 0 0 1 2 1 0
483 ATA 4 0 0 0 4 1 0 1 3 0 3 1 212929 3 72 12 2 1 0 0 0 0 1 0 2 0 1 0 4 0 4 1 1 1 0 1 0 2 0 3 1 3 1 0 9 2 2 1 0 3 2 0 1 2 1 0 0 0 2 2 4 2 6 2
484 GGA 0 0 0 1 0 1 3 2 48 2 0 0 1 0 0 0 0 1 2 1 2 1 1 1 2 1 0 0 4 0 2 3 20 1 1 1 1 1 0 1 212852 18 36 4 6 0 0 0 1 0 0 1 0 2 1 0 21 0 0 2 1 0 1 0
485 GTA 0 4 0 1 3 1 2 1 1 1 5 0 119 3 2 6 3 2 1 0 0 0 1 1 1 1 6 0 5 2 0 2 8 1 1 0 9 0 0 0 0 0 3 0 212818 7 99 8 3 2 3 0 3 2 1 3 3 2 1 1 21 5 5 12
486 GCA 1 0 0 1 84 4 1 3 0 0 0 0 1 0 0 1 0 0 1 0 3 0 0 0 0 0 1 1 0 1 0 0 7 0 1 1 212817 6 36 8 3 2 0 0 150 3 5 3 0 3 0 0 13 0 0 0 0 1 0 0 0 0 0 0
487 CCC 5 0 0 0 1 8 0 1 0 0 2 0 1 4 3 1 1 14 0 4 37 212839 12 54 3 6 0 2 0 22 0 1 1 0 0 0 0 1 0 0 0 1 0 0 1 0 0 0 2 2 0 1 0 27 0 1 4 2 1 0 0 0 1 3
488 ACC 0 5 0 1 23 212844 7 51 0 6 0 1 2 23 1 3 0 0 0 0 0 0 3 0 0 0 0 1 0 0 0 0 1 0 0 0 0 3 0 0 2 0 2 0 2 0 1 0 1 1 0 1 0 2 0 2 4 0 0 0 0 0 2 1
489 AGG 2 2 38 2 1 1 4 0 67 5 212597 6 0 1 22 1 0 3 1 1 0 1 3 0 2 2 12 2 2 1 2 3 2 0 2 1 0 1 1 0 1 3 93 1 3 3 3 0 2 0 1 0 2 3 3 0 1 4 5 2 4 1 1 0
490 GCA 0 1 1 1 158 1 0 0 0 10 0 3 0 0 1 1 2 2 0 0 0 1 0 0 4 2 0 0 2 0 0 0 10 2 2 2 212437 16 17 14 6 3 0 1 22 1 0 0 0 0 1 0 13 4 1 2 0 0 2 0 1 2 0 1
491 AAA 212981 11 29 2 2 0 0 2 13 1 3 0 0 0 5 0 5 1 3 2 1 1 1 1 3 2 10 0 0 1 0 1 7 1 1 0 1 3 0 0 1 1 3 0 0 1 0 2 4 1 0 1 2 2 1 0 1 0 0 2 1 0 2 3
492 AGA 25 0 0 3 0 2 1 1 212867 0 28 3 5 0 3 1 0 1 0 0 1 0 0 0 4 2 2 0 1 0 0 3 1 1 1 0 0 0 1 3 174 3 1 4 0 1 1 0 0 2 3 2 1 3 0 1 5 0 0 0 0 0 1 0
493 AGA 49 2 3 0 1 0 1 3 212914 5 27 4 25 1 9 12 7 1 3 1 2 0 2 1 5 4 4 0 7 1 0 5 0 0 0 2 3 2 3 2 28 0 3 1 7 2 1 2 4 5 2 5 4 1 2 0 4 5 3 5 5 4 5 14
494 GTG 0 1 2 2 1 1 7 0 0 2 0 0 0 0 34 0 0 0 1 1 0 1 0 0 0 0 0 0 0 0 6 1 0 2 1 0 0 1 4 0 0 1 2 0 33 2 211412 1 0 0 0 0 1 0 2 2 0 3 0 1 0 1 4 0
495 GTG 1 0 0 0 1 2 0 0 0 0 1 0 0 0 27 0 4 0 3 1 4 0 1 0 0 0 1 1 0 0 1 0 0 2 1 0 0 0 6 0 1 0 1 0 41 1 210985 15 0 0 0 0 0 0 4 1 0 1 0 0 1 0 2 0
496 GAG 2 0 44 5 0 0 1 1 0 2 1 5 1 0 3 1 1 0 21 0 0 1 2 0 0 0 3 0 3 3 0 2 30 4 212030 6 2 6 8 6 6 0 52 1 1 2 4 0 2 0 7 4 1 4 7 1 1 0 5 2 2 0 7 2
497 AGA 30 4 0 1 0 3 3 1 212667 1 47 1 12 2 4 1 1 2 2 1 0 2 0 1 6 2 2 3 1 0 1 2 1 0 0 0 1 1 0 1 18 0 1 0 1 1 2 2 1 0 0 4 1 1 0 0 2 0 1 1 0 1 2 1
498 GAA 76 7 1 2 5 6 3 2 1 7 0 0 1 0 1 2 3 4 1 0 4 5 6 3 3 4 3 1 0 0 0 4 212372 7 20 6 10 6 18 7 30 6 12 2 9 3 1 1 8 7 1 4 0 3 0 1 1 0 5 1 2 0 0 1
499 AAA 212819 4 23 3 13 13 2 6 14 2 2 1 1 3 1 1 6 6 1 0 2 14 3 1 8 4 4 2 0 1 1 0 13 0 7 0 6 2 7 3 2 0 1 0 1 3 4 2 2 3 0 1 3 8 2 3 4 0 0 1 7 1 0 0
500 AGA 22 0 0 0 0 0 0 0 211965 2 14 0 3 0 0 0 0 0 0 0 0 2 0 0 4 1 6 0 1 0 0 0 0 0 0 0 0 0 0 0 533 0 3 0 0 0 1 0 1 0 0 1 0 0 0 0 2 0 2 0 0 0 0 0
501 GCA 1 1 0 0 45 1 0 0 0 0 0 0 1 0 0 0 2 1 0 0 0 0 0 1 0 0 0 0 1 0 0 0 6 0 0 0 212160 7 36 4 1 0 2 2 131 2 3 0 0 1 0 0 4 3 1 0 0 0 0 0 0 1 1 0
502 GTT 0 0 0 0 5 16 4 1 1 2 0 0 1 3 0 38 0 0 2 0 6 13 2 8 0 1 0 4 1 10 1 6 0 1 0 10 7 6 0 19 2 3 6 2 14 28 10 197944 0 2 0 1 0 3 2 6 0 0 5 0 1 4 2 1
503 GGA 0 1 0 2 4 5 0 8 31 3 0 0 0 1 0 1 2 8 0 1 3 13 1 0 3 0 0 0 0 2 0 1 50 0 1 0 12 0 0 1 212507 3 43 2 8 0 2 2 0 0 1 1 1 5 2 3 7 0 1 2 2 2 3 4
504 ATA 3 0 1 0 9 3 2 1 2 1 0 2 212073 4 109 12 1 0 0 0 1 2 1 6 0 0 0 0 8 1 2 5 1 0 0 2 1 4 4 3 0 2 0 0 24 2 7 10 4 5 0 2 0 2 0 1 4 0 1 0 7 3 4 21
505 GGA 0 0 0 0 0 0 0 0 30 0 1 0 0 2 2 0 1 2 0 4 0 1 1 0 0 0 0 0 1 0 0 0 20 0 0 0 0 1 0 0 211618 0 15 1 0 0 0 0 0 0 0 0 1 2 0 1 9 0 0 0 0 0 0 0
506 GCT 0 0 0 0 0 0 0 46 0 0 0 1 0 0 0 0 0 0 0 0 1 0 0 2 0 0 0 0 0 0 0 0 0 0 0 7 2 24 10 205937 2 0 0 3 0 1 0 37 0 1 0 0 0 0 0 1 0 0 0 0 0 0 0 0
507 GTC 0 0 0 0 1 0 3 1 0 0 0 2 7 38 2 0 0 0 0 0 0 0 0 0 0 0 0 3 2 0 4 0 0 3 2 1 13 27 7 3 12 9 12 11 19 206967 33 45 0 0 0 0 1 1 2 1 2 0 5 0 2 7 9 1
508 TTC 1 0 0 0 1 7 1 3 0 0 0 0 0 12 0 0 0 0 0 0 1 1 1 1 0 0 0 0 6 17 6 2 1 2 0 2 0 7 2 1 0 0 0 0 7 16 2 4 0 5 0 0 2 14 2 1 1 0 1 0 5 195245 4 7
509 ATT 0 0 0 4 1 2 0 19 0 0 0 1 3 10 3 209136 5 6 1 2 2 2 0 2 3 4 1 2 3 15 12 16 0 0 0 1 2 1 2 1 0 2 0 0 0 2 0 17 1 4 0 2 2 2 0 2 1 1 0 0 10 5 1 6
510 GGG 0 1 0 2 1 1 0 0 1 0 42 2 2 1 0 0 1 0 0 3 0 0 0 2 0 0 2 1 0 1 0 0 0 0 14 0 3 1 0 0 53 1 204287 6 0 0 8 1 0 2 0 3 0 0 1 0 0 1 15 0 0 0 0 0
511 TTC 0 0 0 0 0 0 0 0 0 0 0 0 0 6 0 0 0 0 0 0 0 0 0 0 0 0 0 1 0 8 0 0 0 0 0 0 1 0 0 0 0 0 0 0 0 4 0 0 0 2 0 0 0 6 0 0 0 0 0 0 6 192696 0 10
512 TTA 1 0 1 0 1 0 0 0 0 0 0 0 5 0 0 0 0 0 0 0 0 0 1 0 0 0 0 0 27 10 0 1 1 0 0 0 0 0 0 1 0 0 0 0 2 0 0 1 2 0 0 0 11 0 1 2 7 0 0 0 206826 1 95 0
513 GGA 3 2 3 5 5 11 4 5 28 12 3 1 6 0 0 2 13 19 1 3 0 6 0 3 4 0 2 0 1 0 1 1 29 4 2 0 10 12 8 3 205473 2 18 7 13 3 0 3 1 4 0 0 5 10 4 10 19 2 1 1 0 1 0 2
514 GCA 0 0 0 0 132 1 3 0 1 0 0 0 0 0 0 0 0 2 2 0 3 0 0 1 0 0 0 0 1 1 1 2 3 0 0 0 211174 5 18 1 0 0 0 0 63 3 1 0 0 0 0 1 6 9 1 0 0 0 0 2 0 1 1 0
515 GCA 0 0 0 0 101 0 0 0 0 0 0 0 0 0 0 0 0 0 0 0 0 0 0 0 0 0 0 0 0 0 0 0 9 0 0 0 209850 23 119 8 0 0 0 1 64 1 0 1 0 0 0 0 3 0 0 0 0 0 0 0 0 0 0 0
516 GGA 0 0 0 0 3 2 0 1 47 0 0 0 4 1 1 1 1 7 0 0 1 0 2 1 1 1 0 0 0 1 2 1 40 0 1 0 2 0 2 1 202013 9 31 10 8 2 1 1 7 0 0 1 1 0 0 1 8 1 0 0 0 0 0 1
517 AGC 0 50 0 0 0 2 0 0 4 202483 1 40 0 4 0 1 2 3 0 0 0 1 0 0 0 2 0 0 1 0 0 3 0 0 0 0 0 1 0 0 0 14 0 0 0 2 0 0 1 0 0 0 0 0 0 1 0 11 1 0 0 0 0 0
518 ACT 1 0 0 7 8 74 11 194157 0 0 0 4 0 0 0 7 0 0 0 2 0 0 0 0 0 0 0 0 0 0 0 0 0 0 0 0 0 0 0 1 0 0 0 0 0 0 0 0 0 0 0 0 0 0 1 1 0 0 0 0 0 0 0 0
519 ATG 0 0 4 1 0 0 5 0 0 0 1 0 15 0 191791 7 0 0 0 0 0 0 2 0 0 0 1 0 0 0 2 0 0 0 0 0 0 0 2 0 0 0 1 0 0 0 15 0 0 0 0 0 0 0 2 0 0 0 0 0 0 0 0 0
520 GGC 0 0 0 0 0 0 0 0 0 32 0 0 0 0 0 0 0 0 0 0 0 0 0 0 0 3 0 0 0 0 0 0 0 31 0 0 0 1 0 0 5 179522 0 63 0 3 0 0 0 0 0 0 0 0 0 0 0 17 0 0 0 0 0 0
521 GCG 0 0 0 0 0 0 60 0 0 0 0 0 0 0 0 0 0 0 0 0 0 0 2 0 0 0 0 0 0 1 0 0 0 0 6 0 141 0 209154 9 0 0 0 0 0 3 53 0 0 0 0 0 0 0 3 0 0 0 0 0 0 0 0 0
522 GCG 0 0 0 0 0 0 25 0 0 0 0 0 0 0 0 0 0 0 0 0 0 0 4 0 0 0 0 0 0 0 0 0 0 0 7 0 100 4 185641 10 0 0 2 0 0 0 57 0 0 0 0 0 0 0 6 0 0 0 0 0 0 0 0 0
523 TCA 1 6 1 1 27 7 8 0 1 2 0 10 1 2 7 9 4 2 3 3 51 0 1 0 1 1 1 0 4 3 1 3 7 1 2 5 8 6 4 8 4 2 3 4 18 9 12 9 13 0 9 0 205559 27 143 25 5 10 3 16 42 3 14 7
524 GTA 1 0 1 1 4 4 0 2 0 0 0 5 134 0 3 4 1 1 0 0 0 0 0 0 0 0 0 0 13 5 0 0 2 2 0 0 28 0 0 0 0 0 1 0 201611 2 45 0 1 2 1 0 0 1 0 1 1 0 7 0 13 3 5 6
525 ACG 0 0 4 0 55 3 173944 4 0 0 2 0 0 0 21 0 0 0 1 0 0 0 0 0 0 1 0 0 0 0 0 0 0 0 0 0 0 0 12 0 0 0 0 0 0 0 0 0 0 0 0 0 0 0 0 0 0 0 0 0 0 0 0 0
526 CTG 0 0 0 0 0 0 0 0 0 0 0 0 0 0 4 0 0 0 2 0 0 0 33 0 0 0 3 0 9 0 183360 3 0 0 0 0 0 0 0 0 0 0 0 0 0 0 1 0 0 0 0 0 0 0 0 0 0 0 1 0 0 0 5 0
527 ACG 0 0 2 0 15 0 135092 7 0 0 1 0 0 0 133 0 0 0 0 0 0 0 0 0 0 0 0 0 0 0 0 0 0 1 0 0 0 0 6 0 0 0 0 0 0 0 0 0 0 0 0 0 0 0 1 0 0 0 1 0 0 0 2 0
528 GTA 0 0 0 0 0 0 0 0 0 0 0 0 59 0 0 0 1 0 0 0 0 0 0 0 0 0 0 0 4 0 0 0 7 0 1 0 9 0 0 0 2 0 0 0 182402 0 15 0 0 0 0 0 0 0 0 0 0 0 0 0 4 0 0 0
529 CAG 0 0 4 0 0 0 1 0 0 0 0 0 0 0 0 0 30 0 140339 18 0 0 4 0 0 0 58 0 0 0 9 1 0 0 0 0 0 0 0 0 0 0 0 0 0 0 0 0 1 0 46 0 0 0 0 0 0 0 0 0 0 0 0 0
530 GCC 0 0 0 0 0 79 0 0 0 0 0 0 0 0 0 0 0 0 0 0 0 3 0 0 0 0 0 0 0 0 0 0 0 8 0 0 4 182003 2 18 0 1 0 0 0 43 0 0 0 0 0 0 0 4 0 0 0 0 0 0 0 0 0 0
531 AGA 42 0 1 1 1 0 0 0 204917 0 12 0 0 0 0 0 0 0 0 0 0 0 0 0 0 0 0 0 0 0 0 0 0 0 0 0 0 0 0 0 12 0 1 0 0 0 0 0 0 0 0 0 0 0 0 0 1 0 0 0 0 0 0 0
532 CAA 6 0 0 3 1 2 1 0 0 0 0 1 0 0 0 0 166287 2 4 5 1 1 0 0 5 2 0 0 2 1 0 0 2 0 0 0 0 0 0 2 0 0 0 0 1 0 1 0 11 0 0 4 0 0 0 1 0 0 1 2 2 1 0 2
533 TTA 0 0 0 0 1 3 0 0 0 0 2 1 6 0 1 0 0 0 0 0 0 0 0 0 0 0 0 0 9 0 1 2 0 2 0 0 0 0 0 0 0 0 0 0 2 0 0 0 7 3 0 0 19 0 0 0 2 0 0 0 194048 2 12 4
534 TTG 0 0 0 1 0 0 0 1 0 1 1 2 0 0 7 0 3 0 0 0 0 0 0 0 0 1 0 0 0 0 8 0 0 0 0 0 0 0 3 1 0 0 2 0 0 0 2 2 1 0 3 0 0 0 9 0 0 0 0 0 33 1 193645 3
535 TCT 0 0 0 0 0 0 0 1 0 0 0 0 0 0 0 0 0 0 0 0 0 0 0 6 0 0 0 0 0 0 0 0 0 0 0 1 0 0 0 1 0 0 0 0 0 0 0 0 0 0 0 8 2 14 2 139173 0 0 0 2 0 0 0 38
536 GGT 0 0 0 0 0 0 0 0 0 0 0 22 0 0 0 0 0 0 0 0 0 0 0 0 0 0 0 0 0 0 0 0 0 0 0 40 0 0 0 0 4 8 2 190215 0 0 0 0 0 0 0 0 0 0 0 0 0 0 0 1 0 0 0 0
537 ATA 12 1 0 1 9 0 0 0 1 0 0 0 209732 0 28 3 0 0 0 0 2 0 0 0 0 0 0 0 3 0 0 0 1 0 0 0 0 0 0 0 0 0 0 0 21 0 0 0 0 2 0 1 0 0 0 0 0 0 1 0 0 0 0 0
538 GTG 0 0 0 0 0 0 0 0 0 0 0 0 0 0 21 0 0 0 0 0 0 0 0 0 0 0 0 0 0 0 0 0 0 0 3 0 0 0 9 0 0 0 1 0 57 0 208276 2 0 0 0 0 0 0 1 0 0 0 0 0 0 0 5 0
539 CAA 6 0 0 0 0 0 0 0 0 0 0 0 0 0 0 0 211973 4 53 6 0 0 0 0 11 0 0 0 5 0 2 0 0 0 0 0 0 0 0 0 0 0 0 0 0 0 0 0 30 0 0 0 0 0 0 1 0 1 0 0 0 0 1 0
540 CAG 0 0 7 0 1 2 0 1 0 1 0 0 0 0 0 1 102 5 209713 6 0 0 1 0 0 0 19 0 0 0 1 0 0 0 2 0 1 2 2 0 1 1 1 0 0 0 1 0 0 0 24 0 0 2 1 0 0 0 0 0 0 0 0 1
541 CAA 6 2 3 0 1 0 1 0 1 0 1 0 0 0 0 0 205336 0 14 2 0 1 0 0 9 0 0 0 0 0 0 0 1 0 0 0 0 0 0 0 0 0 1 1 0 0 0 0 25 1 0 0 2 1 0 1 0 1 0 0 1 0 0 0
542 AGC 0 80 0 0 2 1 0 2 16 207366 1 114 0 6 0 0 0 2 1 0 0 0 0 0 1 5 0 1 1 0 0 0 0 2 2 0 1 4 0 1 0 13 0 0 1 2 0 1 0 0 0 0 0 0 0 1 0 4 0 1 1 2 0 0
543 AAT 3 10 12 210229 0 0 3 0 1 2 4 12 2 0 0 4 2 1 1 1 0 0 0 0 0 0 0 2 0 0 0 0 0 0 1 7 0 0 0 0 1 4 1 6 1 0 0 1 1 3 0 2 0 1 0 0 1 0 3 0 0 0 0 1
544 TTG 0 0 0 0 0 0 0 0 0 0 0 0 0 0 2 0 0 1 0 0 0 0 0 0 0 0 0 0 0 1 13 1 0 0 0 0 0 0 0 0 2 0 0 0 0 0 2 2 0 0 3 0 0 0 6 0 0 0 0 0 43 1 210443 1
545 CTG 1 0 0 0 0 0 0 0 0 0 0 0 0 0 2 0 7 9 6 6 2 0 24 0 1 0 5 1 22 5 211800 4 0 0 0 0 2 0 0 0 0 0 0 0 0 0 0 0 0 4 0 0 2 0 0 1 1 2 0 0 1 0 102 0
546 AGG 2 2 72 3 5 0 6 0 43 1 212225 9 0 3 46 1 8 2 4 2 0 2 0 1 1 0 11 0 1 1 4 2 1 0 1 1 3 4 6 5 0 0 79 5 1 2 2 0 2 0 0 2 3 4 0 1 0 0 6 0 1 0 1 0
547 GCT 3 0 0 0 10 8 0 151 0 0 0 2 2 0 1 1 0 0 0 0 0 0 0 2 0 0 0 0 2 0 0 0 2 1 0 15 6 55 5 211545 2 0 2 1 1 0 0 37 0 0 0 2 2 0 1 8 0 1 0 3 2 0 0 0
548 ATA 10 0 3 1 21 1 3 0 1 1 0 0 212551 4 111 16 5 1 3 0 1 0 0 0 1 0 0 0 10 3 1 3 0 0 0 0 0 5 0 0 0 0 0 1 8 1 0 0 1 1 0 3 2 0 1 0 1 0 1 4 7 1 4 2
549 GAG 1 1 24 1 0 0 5 0 4 0 1 4 1 0 2 1 2 0 3 0 0 1 0 0 4 0 1 1 2 0 2 1 28 1 212524 13 2 0 2 0 2 0 55 1 0 0 26 0 0 0 8 4 1 0 3 1 0 0 5 4 2 0 1 0
550 GCT 2 0 0 0 0 0 2 159 0 0 0 4 0 0 0 0 2 0 0 8 0 0 0 9 1 0 0 0 0 2 1 4 0 0 0 7 12 24 4 209655 1 0 1 2 1 1 0 38 0 1 0 0 0 1 1 12 0 1 1 0 4 0 5 2
551 CAA 6 0 0 0 1 0 0 2 0 0 0 1 0 0 0 0 212895 2 26 2 0 0 0 0 31 0 0 0 3 0 1 1 0 0 0 0 0 0 2 0 0 0 0 0 0 0 1 1 9 3 0 0 0 1 1 2 0 0 1 0 0 0 0 0
552 CAG 0 1 1 5 0 3 0 1 0 0 0 2 0 1 0 0 208 6 212494 14 1 0 4 1 2 0 35 0 0 1 5 2 2 0 0 0 0 0 1 0 0 2 2 1 0 0 0 0 0 0 30 2 2 3 2 0 0 2 0 0 0 0 1 0
553 CAT 1 0 0 14 2 0 0 1 0 0 0 2 0 4 0 0 12 11 8 212510 0 0 0 1 1 0 1 5 2 0 1 6 2 0 1 0 0 0 0 5 1 0 0 1 0 0 0 1 0 0 0 74 2 1 0 0 1 0 4 0 0 0 1 0
554 CTG 0 0 0 0 4 0 0 1 0 1 0 1 0 4 25 1 2 0 14 0 0 0 56 0 0 0 12 0 55 1 212491 2 0 0 0 2 0 1 0 2 3 2 3 2 1 1 12 2 0 1 0 1 0 0 1 0 1 0 0 0 0 1 51 0
555 TTG 0 1 0 2 0 0 0 0 0 2 0 1 0 0 4 0 0 1 4 0 1 0 0 0 0 1 0 0 2 1 53 1 0 0 0 1 0 3 0 1 0 1 0 0 0 1 1 3 0 0 0 1 1 1 96 0 0 0 0 1 19 1 212717 2
556 AAA 212635 1 10 2 8 15 1 5 30 7 7 0 0 1 0 2 0 0 6 0 1 1 0 1 1 2 3 5 0 0 1 0 15 1 3 1 2 0 1 1 3 6 6 13 0 1 1 4 0 0 0 0 1 6 0 4 0 1 0 0 0 0 0 0
557 CTC 0 1 0 2 1 2 1 4 0 2 4 2 0 11 1 0 0 7 2 0 0 28 1 2 0 4 2 0 9 212064 4 11 0 0 0 0 4 2 0 3 0 0 1 0 0 5 0 1 0 0 0 3 1 0 5 3 0 0 1 0 1 28 0 3
558 ACG 1 5 11 3 80 6 212299 35 0 5 5 5 0 0 161 2 0 5 0 8 0 0 4 0 1 4 0 0 2 0 0 0 3 2 2 1 3 0 40 2 7 11 13 8 1 0 0 1 0 0 4 2 6 4 7 6 4 1 4 1 0 0 1 1
559 GTC 0 0 0 1 0 3 1 1 1 0 0 0 0 76 0 0 1 1 2 4 1 0 0 0 0 0 1 1 1 6 1 0 0 0 0 0 0 31 0 0 0 0 0 0 11 212601 2 24 0 5 0 2 0 1 0 0 0 0 3 0 2 13 1 0
560 TGG 0 0 0 0 0 0 0 0 0 0 6 0 0 0 0 0 0 0 0 0 1 0 0 0 0 0 102 0 0 0 0 0 0 0 0 2 0 1 0 0 2 0 7 0 0 0 0 0 0 0 23 0 0 0 1 0 38 1 212677 15 0 0 4 0
561 GGC 1 0 0 0 1 2 0 0 0 34 0 0 0 0 0 0 0 1 0 0 1 2 0 0 0 1 1 0 1 0 0 1 0 134 2 0 0 1 0 0 10 212516 4 89 0 2 1 0 0 0 0 0 0 0 0 0 0 2 1 1 1 3 1 0
562 ATT 0 3 0 4 15 7 4 57 1 3 1 3 6 52 4 212509 2 1 0 3 0 3 0 1 0 0 0 0 12 15 8 6 7 1 4 0 13 8 11 5 0 1 0 0 4 13 12 12 0 4 0 0 0 1 0 1 0 0 0 1 1 0 1 3
563 AAA 212159 8 22 8 6 1 0 0 17 1 0 0 2 0 0 0 7 6 1 5 0 0 0 0 1 0 0 1 0 0 0 0 18 1 0 0 1 2 3 1 0 0 2 0 0 0 0 0 1 0 1 1 1 1 0 2 0 0 0 0 0 0 1 0
564 CAG 1 4 14 1 1 9 4 4 6 0 4 4 2 3 0 7 119 5 212703 9 0 1 2 3 3 7 34 4 4 0 3 0 0 1 9 3 1 4 5 2 0 7 7 2 1 3 3 1 3 2 56 8 3 5 0 0 0 0 6 0 4 0 1 3
565 CTC 0 0 0 0 0 0 0 0 0 0 0 0 0 8 0 0 0 4 0 0 1 14 3 1 0 2 0 1 11 212767 4 30 0 1 0 0 0 0 0 0 0 0 0 0 0 2 0 0 0 1 0 0 1 1 0 1 0 0 0 0 1 27 1 2
566 CAG 0 1 9 0 2 6 2 2 2 1 0 0 0 1 1 0 43 0 212888 10 3 0 6 2 2 0 121 0 9 2 13 4 1 0 0 0 1 2 0 4 0 0 0 0 0 0 1 0 0 0 26 3 2 2 4 4 0 0 4 1 3 0 2 3
567 GCA 0 0 3 0 106 1 3 0 0 0 0 2 0 0 2 0 1 1 1 1 2 0 1 1 0 0 0 0 0 2 0 0 9 0 1 4 212655 2 19 4 4 0 1 3 36 2 0 0 1 0 0 0 8 4 0 1 0 1 0 1 1 0 0 0
568 AGA 35 9 3 1 4 2 0 0 213008 0 18 2 13 1 5 2 1 1 0 2 1 0 0 1 13 0 4 1 1 2 0 1 2 1 0 1 2 1 0 0 21 1 0 3 1 0 0 0 0 1 2 0 2 1 1 0 4 0 1 0 1 0 1 0
569 GTC 0 1 0 0 0 0 1 0 0 2 0 0 1 67 0 1 0 2 0 0 0 0 2 1 0 1 0 0 0 12 0 0 0 2 0 0 0 16 0 0 0 3 1 0 3 212415 1 13 0 0 0 0 0 1 0 0 0 2 0 0 0 14 1 0
570 CTA 0 2 0 0 0 16 0 6 0 0 0 1 15 1 0 2 7 4 6 3 3 2 1 4 0 1 0 3 212879 9 69 5 3 0 0 0 3 5 2 1 0 0 0 1 1 0 1 1 3 4 0 1 0 7 0 0 0 2 0 1 7 0 3 0
571 GCT 0 0 0 0 0 1 1 41 0 0 0 0 0 0 1 0 0 0 0 0 0 0 0 1 0 0 0 0 0 0 0 0 0 0 0 3 3 11 3 212993 0 0 0 0 0 0 0 10 0 2 0 0 2 0 0 9 0 0 0 0 0 0 0 0
572 GTG 0 0 0 0 0 5 0 0 0 0 0 0 0 0 36 0 2 2 0 1 0 0 0 0 0 3 0 0 3 1 4 3 0 1 2 0 2 0 39 1 0 3 1 0 27 7 212968 6 0 0 1 0 0 0 0 0 0 1 0 0 0 0 5 0
573 GAA 26 2 0 2 1 0 1 0 0 0 0 0 1 0 1 0 2 0 0 2 1 0 1 1 0 0 0 0 0 1 0 0 212997 1 16 3 1 0 0 1 18 0 0 0 0 0 0 0 6 0 1 0 1 3 0 0 0 0 0 0 1 1 0 0
574 AGA 28 2 1 2 1 1 1 1 212999 5 7 2 2 0 4 0 0 0 1 4 1 0 0 0 4 0 2 0 6 0 1 1 3 0 1 1 1 0 3 0 25 0 0 1 0 0 0 0 0 1 0 2 3 0 1 0 3 0 3 1 3 0 0 0
575 TAC 0 16 0 0 0 1 0 0 0 1 0 0 0 2 0 1 0 7 0 0 0 0 0 0 0 0 0 0 0 0 0 0 0 3 0 0 0 0 1 0 0 0 0 2 0 0 0 0 2 212636 2 18 0 1 0 0 0 33 1 0 0 2 0 0
576 CTA 0 0 0 0 1 2 1 0 0 0 0 1 7 0 0 1 7 0 0 0 44 0 1 2 0 0 0 0 212925 0 17 5 0 0 0 0 0 0 0 1 0 0 2 0 0 0 0 0 0 0 0 0 2 0 2 0 0 0 1 0 9 0 2 0
577 AAG 48 4 212873 30 0 7 16 6 4 1 74 4 4 6 26 4 2 3 4 4 0 0 0 3 0 1 3 7 2 7 13 9 0 0 16 0 0 3 1 3 0 0 0 0 0 5 10 7 0 8 0 8 0 1 0 9 0 0 3 1 1 1 14 12
578 GAT 0 2 0 37 3 3 0 3 0 4 0 0 2 1 1 3 0 1 1 2 0 0 1 0 0 0 2 0 0 0 3 0 15 14 1 212801 0 1 0 0 0 0 0 6 1 1 1 2 0 1 0 7 1 3 1 3 3 1 8 1 1 0 5 0
579 CAA 16 5 4 0 6 2 1 2 5 2 0 4 5 1 1 11 212860 4 15 2 1 5 0 1 49 1 1 1 6 5 2 3 1 2 0 0 2 4 2 4 6 0 0 0 4 2 3 9 23 1 1 1 1 2 4 1 2 2 10 2 6 2 4 3
580 CAG 0 2 4 0 0 0 3 1 0 0 1 0 0 0 4 0 56 3 212776 4 0 0 6 0 1 0 37 0 3 4 5 4 0 0 3 0 4 0 3 4 0 0 0 0 1 1 3 0 0 0 41 1 0 1 0 0 0 0 6 4 0 1 7 0
581 CTC 0 0 0 0 0 0 0 0 1 0 0 0 0 4 0 0 0 4 0 1 0 3 0 0 2 0 0 0 6 212566 1 9 0 0 0 0 0 0 0 0 0 0 0 0 1 1 0 0 0 0 0 0 0 0 1 0 0 0 0 0 0 13 1 1
582 CTA 4 0 0 1 0 0 2 0 0 0 0 2 4 4 1 0 1 0 0 0 38 5 0 0 3 2 0 1 212969 5 49 2 0 1 0 1 0 1 0 0 3 0 1 0 0 0 3 4 1 2 1 0 2 2 1 0 0 0 0 0 14 1 9 2
583 GGA 12 7 7 2 8 5 3 2 55 0 2 0 4 1 2 2 14 7 6 6 3 0 1 1 13 0 5 2 1 2 1 3 21 4 0 1 6 4 4 3 212867 6 14 7 6 2 2 8 4 10 0 3 17 14 0 14 11 1 5 0 1 2 1 1
584 ATT 1 0 0 2 3 0 5 12 0 0 1 8 7 8 8 212953 0 0 1 1 1 0 0 2 0 0 1 1 7 1 2 14 0 0 1 0 2 0 2 2 1 0 0 3 0 2 1 10 0 1 3 1 2 1 3 2 1 0 1 0 4 1 11 8
585 TGG 3 1 2 0 0 0 1 1 1 0 2 0 2 2 9 0 2 5 1 0 0 1 5 2 0 0 42 0 5 4 0 5 1 0 4 1 1 0 1 1 2 4 12 0 0 0 1 1 4 0 36 3 0 0 1 1 56 3 212784 31 4 7 19 9
586 GGC 0 2 2 0 0 0 0 2 0 26 1 1 0 1 0 0 1 2 0 0 0 4 0 1 0 5 0 3 0 0 0 0 0 68 0 0 0 8 0 1 16 212863 15 75 0 6 2 0 0 2 2 0 0 2 1 0 0 9 0 0 0 1 0 1
587 TGC 0 1 0 0 0 2 0 0 0 5 0 2 0 1 0 0 0 1 0 0 0 0 0 0 0 23 0 0 0 0 0 1 0 0 0 0 1 1 0 0 0 2 0 0 0 0 0 0 0 148 0 0 0 0 0 0 3 263503 3 60 0 6 2 0
588 TCT 1 1 0 2 2 0 0 14 0 1 0 5 0 3 1 1 0 1 2 0 0 1 2 27 1 0 0 4 0 1 2 1 2 0 0 2 0 0 1 3 1 0 5 3 1 1 5 0 0 0 0 11 18 186 11 259812 0 1 6 0 1 1 3 19
589 GGA 3 6 1 12 8 3 3 0 54 3 4 5 1 4 3 1 16 21 1 7 0 1 1 1 9 5 7 1 2 2 1 5 61 4 1 0 11 6 4 7 262134 18 40 11 4 0 3 5 2 7 1 4 8 12 1 2 16 2 7 5 4 3 5 10
590 AAA 263654 0 23 0 6 0 2 0 12 0 3 2 2 1 1 0 4 5 0 2 3 1 0 1 7 5 7 3 1 1 0 0 15 3 2 2 0 2 1 0 0 0 0 0 3 0 0 0 3 3 1 1 0 1 0 0 0 0 3 1 0 3 3 1
591 CTC 0 0 1 0 0 3 1 3 0 2 2 0 3 19 2 0 0 2 0 1 0 26 1 2 1 2 3 0 7 263645 3 19 1 0 0 0 1 1 0 0 1 0 1 0 2 4 0 0 0 0 0 0 0 0 1 5 0 0 0 0 1 33 1 1
592 ATC 1 1 1 0 0 6 0 0 2 2 1 2 11 263683 1 25 2 0 0 0 0 0 0 0 0 2 0 2 0 1 0 0 0 1 0 0 0 1 0 0 2 1 1 0 2 28 5 1 0 0 0 1 0 0 1 4 1 0 0 0 1 2 1 1
593 TGC 0 1 1 0 0 4 0 1 0 6 0 0 0 1 1 1 0 1 0 1 3 3 1 2 1 31 0 0 1 2 0 0 0 1 0 0 0 0 0 0 0 1 0 0 1 0 0 2 3 148 0 1 0 3 1 3 8 263417 3 122 0 13 0 0
594 ACC 0 10 0 0 8 263611 2 45 0 1 0 1 1 31 1 3 1 0 2 0 3 11 4 3 3 2 2 0 0 1 2 0 0 0 2 0 0 12 0 0 0 0 0 0 1 2 0 0 0 0 0 0 2 2 1 0 0 0 0 0 1 2 1 0
595 ACT 0 0 0 7 8 89 5 263633 0 0 1 3 0 0 0 12 0 0 0 0 0 0 1 1 0 0 0 0 2 0 1 0 0 0 0 0 0 0 3 2 0 0 0 0 0 0 0 0 0 0 0 0 0 0 1 0 0 0 0 0 0 0 0 0
596 AAT 37 19 3 263585 2 0 1 3 0 0 0 20 9 2 0 3 2 1 2 2 0 0 0 0 3 0 2 12 4 2 0 0 0 3 0 30 0 0 0 1 0 0 0 2 2 3 2 6 1 2 0 0 0 0 0 3 0 2 3 2 3 1 0 0
597 GTG 1 0 0 1 0 2 2 1 1 0 1 0 2 0 61 1 0 2 1 0 2 1 0 0 3 0 0 0 1 2 14 0 3 0 6 3 1 5 10 2 0 1 3 0 96 6 263518 4 0 1 3 2 3 1 1 0 2 1 2 0 1 0 5 0
598 CCC 2 0 1 0 0 3 0 0 0 1 0 0 3 9 1 0 0 10 0 0 24 263565 6 22 2 7 7 0 1 17 0 1 0 0 1 0 0 10 0 2 0 0 0 2 1 0 2 0 0 0 0 0 2 82 0 0 0 1 0 0 1 0 0 1
599 TGG 0 1 0 0 1 0 0 2 1 0 9 2 0 0 1 0 0 0 0 2 0 0 0 0 1 0 180 0 2 1 0 0 0 1 0 1 0 2 4 2 1 0 18 3 3 1 2 2 0 1 64 0 0 0 0 0 37 1 263393 3 1 0 13 2
600 AAC 24 263442 15 51 1 6 0 4 9 15 4 1 0 2 8 0 7 3 1 6 1 0 1 0 2 3 1 8 5 0 4 1 1 9 7 3 0 4 2 3 3 0 3 0 2 2 1 0 1 4 3 2 8 0 3 2 1 0 1 6 3 5 2 2
601 TCT 10 8 18 3 8 6 6 16 6 7 3 8 8 9 5 1 9 7 3 3 19 10 4 14 4 6 9 13 7 1 8 6 5 7 13 6 11 8 3 9 8 4 1 7 6 0 0 5 5 12 7 43 24 49 8 263256 2 6 1 4 4 1 4 31
602 AGT 7 11 15 59 15 4 6 11 34 38 18 263197 5 6 15 27 11 9 16 12 0 0 0 0 13 4 4 7 6 6 1 6 8 7 7 3 5 6 8 10 9 6 11 54 8 1 6 8 3 1 1 9 4 0 7 2 2 8 2 5 10 1 6 4
603 TGG 3 0 2 4 0 0 0 1 2 1 19 0 0 5 3 0 2 0 2 1 3 0 1 0 3 0 12 2 1 0 0 0 1 0 2 1 1 0 0 2 2 1 1 0 0 2 6 3 3 0 50 6 0 0 1 1 39 3 263563 8 3 0 11 4
604 AGT 1 3 0 117 0 2 2 2 10 59 3 263363 0 0 0 3 7 0 0 0 0 3 0 2 0 0 3 2 0 2 0 0 1 0 0 1 0 0 1 0 1 2 6 52 2 4 7 4 0 0 4 0 7 2 9 2 1 0 0 13 0 0 0 1
605 AAT 17 65 7 263479 2 11 2 8 1 2 5 19 0 0 4 4 5 7 0 3 2 4 3 4 4 2 3 4 1 0 1 0 0 0 0 21 6 4 8 4 6 9 3 8 1 3 1 1 1 2 0 7 5 0 4 10 0 0 2 0 0 0 2 0
606 AAA 263620 4 13 6 2 1 0 4 12 2 4 0 1 0 1 0 1 3 0 1 5 0 0 0 1 4 2 4 1 1 0 0 62 0 1 1 0 2 1 0 0 1 2 0 0 0 0 0 1 1 1 0 2 0 2 1 0 2 3 1 2 0 3 0
607 TCC 7 2 5 5 13 17 4 3 3 8 2 24 6 0 3 1 2 3 4 1 2 14 4 2 3 7 4 6 0 1 0 2 4 0 0 2 4 2 3 2 3 0 6 2 1 2 0 9 6 7 5 3 31 263386 6 38 1 3 3 6 2 16 3 3
608 CAG 0 1 15 3 1 4 6 3 1 1 3 9 5 5 11 10 58 6 263224 33 2 5 18 2 0 0 114 1 7 9 29 10 5 0 19 0 4 2 4 5 0 0 2 2 1 6 10 4 4 1 35 5 2 1 2 3 0 5 3 14 3 5 14 7
609 GAT 5 10 4 71 5 11 8 4 2 2 4 9 4 0 0 11 1 9 2 10 5 2 1 4 2 2 6 8 5 6 2 4 20 19 11 263054 16 20 15 6 8 5 7 33 13 8 2 8 1 3 0 14 13 9 0 10 2 4 12 10 4 3 4 8
610 GAG 6 6 84 1 9 8 7 8 9 9 5 4 3 9 5 7 6 2 12 3 4 3 3 6 7 3 1 4 10 3 7 7 96 6 262831 29 9 6 9 4 2 4 89 5 4 14 28 13 0 9 8 17 3 3 4 4 1 5 2 11 3 16 5 11
611 ATA 10 0 1 1 15 0 1 2 4 1 0 0 263400 8 13 24 2 2 0 2 1 0 1 0 0 1 0 2 9 0 0 4 5 2 3 1 0 1 2 0 0 1 3 0 28 2 6 4 3 0 3 3 0 1 0 3 1 0 1 0 5 0 1 0
612 TGG 2 0 1 1 1 2 0 1 5 1 24 1 1 0 3 0 0 0 0 3 0 7 0 1 2 0 4 0 4 3 0 1 1 0 3 1 0 2 3 0 0 0 6 2 0 0 0 0 1 4 50 1 2 1 2 1 37 4 263531 13 2 3 20 1
613 GGA 7 12 8 4 2 7 9 5 110 2 5 4 1 2 3 2 15 24 0 3 3 7 0 0 6 7 15 2 4 16 3 18 98 7 5 7 13 4 5 8 263091 11 48 23 8 2 1 2 1 0 3 3 4 14 1 5 7 2 9 10 4 11 12 3
614 AAC 34 263006 29 92 13 24 17 16 13 52 11 5 5 6 12 10 9 21 11 11 2 5 3 4 13 13 7 5 11 11 9 6 3 15 2 2 7 4 10 9 6 16 23 9 7 4 4 8 1 15 2 19 6 15 9 4 9 6 3 5 24 8 8 10
615 ATG 1 1 6 2 9 9 69 15 0 2 2 3 56 2 263357 16 0 0 1 0 1 1 2 0 2 2 1 1 5 6 12 6 0 2 1 4 1 0 1 0 0 2 8 1 2 1 44 1 1 3 0 7 1 3 1 9 3 2 2 6 5 0 19 6
616 ACC 1 5 0 2 37 263438 9 42 2 11 1 3 1 36 0 3 1 5 0 1 3 8 0 1 1 4 2 1 3 4 1 3 1 4 4 3 0 46 4 1 3 5 3 7 4 4 0 0 3 0 4 2 7 6 4 1 1 1 0 0 3 3 1 5
617 TGG 2 0 6 2 5 1 5 2 0 6 10 5 2 1 10 3 1 3 3 3 0 1 1 2 0 1 15 1 5 8 0 4 2 7 9 3 6 2 8 7 5 3 9 5 1 2 10 6 3 1 53 3 0 2 3 1 105 6 263069 17 2 0 12 2
618 CTG 7 12 5 4 0 7 1 3 10 1 2 2 3 3 45 8 7 2 13 1 1 1 33 2 3 10 15 7 353 9 262596 26 6 1 3 2 0 4 0 1 5 2 4 5 3 2 4 2 2 0 4 2 5 2 0 6 1 3 1 1 4 0 159 3
619 CAA 68 1 4 0 3 2 0 2 5 1 15 7 2 1 5 6 263035 3 35 15 1 2 0 4 26 4 2 5 9 3 3 1 18 9 6 7 9 6 2 15 4 0 0 4 2 0 5 2 127 0 2 1 0 2 1 7 0 0 1 0 5 1 1 0
620 TGG 8 2 5 2 1 2 0 0 1 1 17 4 4 0 1 2 1 0 3 0 1 3 1 1 1 1 8 1 2 0 0 0 1 0 1 0 5 0 0 4 4 2 12 2 1 1 8 2 2 2 51 2 3 2 4 2 57 2 263301 11 2 3 33 0
621 GAT 4 7 6 96 11 11 5 16 3 7 8 8 4 2 8 1 5 4 8 9 1 5 0 1 5 4 2 4 2 1 2 2 17 30 11 263027 21 11 23 14 17 1 18 33 19 14 7 22 1 13 3 15 15 7 13 23 1 2 10 9 3 4 3 6
622 AAA 263261 11 45 6 8 8 1 3 46 2 4 7 2 1 4 5 6 15 1 8 1 5 5 2 2 4 5 4 1 6 6 6 48 2 2 3 4 9 2 9 8 3 7 1 1 0 2 5 2 4 0 7 5 5 8 8 4 3 4 3 9 2 9 5
623 GAA 35 1 1 1 6 3 7 9 0 1 0 0 4 4 3 6 11 4 9 6 0 0 1 4 2 4 6 1 6 8 7 3 263199 0 18 2 11 5 9 6 1 0 5 1 18 9 12 9 5 6 0 5 2 3 7 8 4 2 4 8 3 1 5 3
624 GTT 0 1 3 5 6 7 3 5 2 0 0 0 18 3 8 117 0 1 0 0 1 3 0 0 0 0 1 1 1 7 4 5 1 2 2 13 0 3 2 18 2 3 9 9 14 21 16 263087 7 6 3 1 3 1 2 2 9 0 0 11 4 6 8 8
625 AGC 13 132 2 10 2 8 13 10 54 262697 23 256 3 13 6 2 0 12 4 11 2 2 1 2 4 12 14 9 1 4 4 2 6 1 6 7 11 8 5 7 11 53 16 12 4 1 8 4 1 5 3 6 2 10 5 14 1 12 4 5 3 14 5 6
626 AAT 45 27 9 263302 10 2 7 5 6 5 8 22 3 3 5 12 9 3 7 3 1 4 4 3 6 6 2 10 4 3 1 5 6 5 4 11 5 3 8 10 5 9 15 6 12 4 6 6 0 4 2 4 7 0 7 8 2 1 3 2 3 5 8 8
627 TAC 1 28 6 0 1 2 0 2 0 9 2 2 3 3 0 2 0 35 0 4 1 1 0 0 0 4 2 0 1 0 0 1 3 1 0 1 4 1 3 4 1 0 2 2 6 4 2 6 16 263150 2 102 10 7 8 7 1 32 3 0 0 18 0 13
628 ACA 18 1 1 5 263152 5 38 8 3 8 6 2 53 6 3 4 1 9 2 11 3 2 3 1 6 8 6 4 4 3 0 0 2 0 1 2 30 6 9 1 0 2 2 1 5 3 7 2 0 10 2 8 10 3 2 0 3 1 2 0 4 1 5 9
629 CAG 1 5 27 14 2 2 3 8 0 0 1 6 1 0 1 0 38 11 263269 17 0 1 4 1 0 3 40 12 2 4 10 4 0 5 8 3 5 1 7 1 1 0 4 2 4 1 3 0 1 3 48 4 4 2 0 5 0 0 0 0 1 2 2 2
630 ATA 33 6 2 2 25 4 5 4 6 5 1 6 262997 7 16 7 5 1 3 4 0 1 0 0 4 4 1 1 4 4 3 0 4 1 13 2 1 11 2 4 3 1 7 5 12 4 0 2 1 7 2 7 3 2 0 1 2 1 2 1 9 3 6 3
631 ATA 26 0 0 7 12 2 0 0 0 1 2 2 263117 18 16 11 3 0 1 1 2 2 2 1 2 0 0 1 2 0 0 0 1 0 0 0 1 0 3 1 0 1 2 0 13 0 1 0 0 0 2 0 0 1 2 0 0 0 0 0 6 5 2 2
632 TAT 1 0 1 8 1 0 0 4 3 1 3 1 1 2 4 2 0 3 3 3 0 0 3 0 1 2 2 4 0 1 1 2 2 0 0 3 1 1 0 0 5 0 6 3 2 2 2 1 58 27 9 263163 2 1 3 2 3 0 6 10 8 5 5 13
633 ACT 17 1 2 45 17 23 7 260518 0 5 12 9 1 0 5 48 5 2 5 7 3 1 1 2 7 3 8 3 11 3 0 4 6 3 4 7 4 8 7 33 2 8 0 7 0 2 1 5 2 4 3 3 2 1 2 17 0 4 16 2 8 4 16 2
634 CTA 7 0 1 0 1 1 0 0 3 0 3 1 44 1 2 2 12 3 2 3 22 5 0 1 6 7 3 10 262420 11 11 12 7 1 0 0 1 6 0 8 0 0 0 0 1 3 0 4 3 3 2 2 0 1 4 3 2 1 1 0 45 3 10 1
635 ATT 1 1 0 2 0 1 3 8 0 0 0 3 17 23 15 261812 0 0 2 0 3 0 1 1 3 0 3 0 10 12 6 20 0 0 1 1 0 1 0 0 0 1 3 3 0 0 2 15 2 0 1 0 0 0 0 4 2 0 2 1 12 0 7 0
636 GAA 72 2 0 2 3 2 1 2 0 0 5 7 3 4 13 2 0 0 2 0 1 0 0 0 1 5 1 0 2 1 1 2 261210 9 89 23 2 3 2 0 68 1 6 3 8 0 3 1 24 6 0 4 4 7 5 4 3 0 2 2 4 3 1 5
637 GAA 61 3 2 1 4 1 2 5 3 2 2 3 1 6 4 8 6 8 5 1 4 0 1 1 0 1 3 0 4 4 8 4 261193 7 21 6 5 5 2 0 12 4 2 0 5 3 2 5 7 6 0 1 5 2 10 5 0 3 5 3 12 10 6 12
638 TCG 0 1 1 0 1 0 4 0 0 0 0 1 1 1 0 0 1 0 2 6 1 0 10 1 0 0 1 0 1 1 0 1 0 0 1 0 0 3 5 3 0 1 2 4 1 0 0 7 0 1 3 3 335 7 247237 12 0 1 1 0 1 1 59 8
639 CAG 0 7 6 4 1 0 2 0 3 1 4 2 1 0 13 1 91 2 259499 9 0 0 6 0 0 1 140 8 0 1 7 0 1 2 7 0 12 1 1 1 3 0 0 1 0 1 2 0 0 3 58 16 0 6 1 5 2 0 17 0 3 10 2 18
640 AAC 5 262347 1 59 2 7 4 12 3 19 0 5 1 7 0 0 2 1 2 1 0 0 0 0 0 0 1 0 0 0 1 4 4 17 4 1 2 5 0 2 3 0 1 8 1 5 4 4 0 2 0 0 2 2 0 3 0 3 7 3 6 3 4 3
641 CAG 1 3 17 3 1 0 0 1 2 1 5 6 4 0 1 4 149 2 199216 9 0 0 1 0 1 2 12 2 2 1 8 2 4 0 19 1 1 0 3 1 0 0 6 6 8 1 4 1 1 0 9 0 1 0 3 1 0 2 15 6 9 0 5 2
642 CAA 19 3 1 1 1 0 1 0 2 0 2 3 7 1 3 6 221337 4 9 4 0 2 1 1 8 1 0 0 7 5 5 1 5 0 1 0 5 2 5 1 2 0 1 1 2 1 1 5 90 1 2 1 1 1 0 3 2 1 2 2 3 1 1 0
643 GAA 566 8 2 5 0 1 1 1 3 0 0 0 3 4 0 4 11 0 0 2 2 0 2 0 2 2 0 1 1 0 3 1 248863 2 9 9 2 1 3 5 6 2 0 0 3 3 7 4 7 4 3 7 0 1 0 7 1 2 0 6 0 0 2 2
644 AAA 260909 6 9 17 4 1 1 1 5 2 4 3 11 3 4 14 6 1 8 1 0 0 0 1 7 12 9 2 2 6 3 3 7 1 4 1 1 9 11 5 2 1 1 1 6 1 13 15 1 6 1 7 6 4 1 5 0 0 3 4 10 1 9 11
645 AAT 28 9 1 258766 15 5 2 4 8 1 6 25 1 2 8 73 6 6 9 4 1 1 0 0 8 3 1 0 2 1 3 1 6 4 4 34 3 6 6 6 8 1 6 1 1 1 8 5 3 4 4 5 5 4 6 5 1 1 2 4 6 0 5 1
646 GAA 74 1 1 4 3 0 6 0 6 6 1 10 2 1 4 1 8 1 6 4 2 0 0 0 2 3 2 0 0 3 3 6 259619 3 35 6 7 3 1 3 29 2 12 6 1 0 8 6 5 1 1 7 5 3 7 0 9 0 8 0 8 6 8 11
647 CAA 31 3 10 7 3 3 0 5 4 5 8 6 5 2 8 2 253904 5 34 9 1 0 0 1 27 7 7 2 12 7 10 8 8 2 2 2 10 1 14 5 0 2 2 0 7 8 18 4 27 12 1 15 4 4 5 4 0 1 6 3 14 3 38 14
648 GAC 10 66 1 15 8 3 6 6 3 4 1 2 4 5 10 10 14 3 7 6 2 1 0 3 0 0 0 2 2 4 1 6 40 251596 6 59 5 8 6 6 1 6 1 4 13 10 19 1 2 17 0 7 4 7 3 2 1 1 0 3 7 4 7 10
649 TTA 6 0 0 4 4 2 2 0 2 2 2 1 28 8 9 0 1 1 6 0 0 5 1 0 1 0 0 3 35 0 3 9 18 1 5 1 3 2 0 1 0 0 1 1 6 2 2 4 7 3 0 3 13 0 8 0 4 1 3 2 256528 3 9 6
650 TTA 3 3 0 2 1 2 0 0 1 2 2 0 35 2 12 0 7 2 1 0 1 0 2 2 0 0 1 0 34 3 6 3 1 2 0 1 0 0 2 1 1 1 2 0 3 4 0 1 9 5 2 6 11 0 4 0 1 0 0 0 260559 9 63 21
651 GCA 13 0 11 1 102 2 4 5 5 7 9 7 5 0 9 1 11 0 4 2 6 2 0 0 7 2 8 9 1 3 1 0 30 0 15 3 261520 12 22 22 3 2 6 13 65 1 4 8 1 0 5 1 32 2 12 5 2 3 9 7 8 2 7 7
652 TTG 2 3 6 3 1 12 1 2 1 1 0 5 3 0 40 10 4 3 0 2 4 0 2 2 1 0 3 2 8 7 44 3 3 1 2 4 6 1 4 0 0 3 7 0 1 3 5 0 3 4 8 7 4 3 39 4 1 6 9 5 94 12 255358 35
653 GAC 3 108 7 5 3 5 7 2 4 8 0 5 2 2 0 3 5 3 1 3 1 5 2 4 4 3 5 0 1 1 0 2 60 262036 13 76 5 9 4 2 12 77 20 9 3 4 2 2 2 11 4 0 1 4 6 9 0 1 1 1 0 1 0 0
654 AAG 94 18 262923 16 2 2 19 1 1 4 57 9 10 1 28 5 7 2 10 9 5 1 1 0 3 1 6 7 1 8 5 1 2 7 57 8 2 13 3 3 5 5 6 10 1 2 5 3 1 5 4 7 6 1 2 6 1 1 2 6 2 4 1 1
655 TGG 0 2 3 0 0 0 3 1 1 0 16 1 0 0 2 0 1 6 3 1 1 0 0 1 0 2 10 1 2 0 0 0 3 0 0 0 0 2 7 2 0 0 6 1 0 2 2 3 2 2 57 2 0 0 0 0 48 0 260798 7 2 1 13 11
656 GCA 0 4 3 2 235 5 1 1 6 2 4 3 3 4 6 2 3 4 4 3 1 1 1 0 5 6 5 3 6 3 2 1 12 5 3 2 241404 7 30 14 16 5 9 7 237 11 4 5 2 7 1 4 10 5 6 0 1 9 6 10 2 8 9 7
657 AGT 0 8 1 61 3 1 2 11 1 23 3 260453 12 1 13 11 5 2 19 4 0 1 1 0 0 1 4 1 5 3 0 6 6 0 8 9 3 2 4 4 9 4 6 26 5 6 11 4 2 6 0 5 6 2 0 11 0 6 4 11 4 6 5 3
658 CTG 7 0 1 0 3 0 2 0 2 4 2 1 4 6 10 3 2 1 13 1 2 5 115 0 1 0 9 2 175 15 257636 9 2 0 1 1 0 0 4 3 6 7 1 3 7 2 9 2 1 2 3 2 0 0 0 1 2 0 0 1 7 2 61 2
659 TGG 1 0 1 5 0 1 4 5 1 1 21 8 4 1 17 4 2 2 2 2 0 0 1 0 0 1 53 9 4 1 3 6 2 4 15 4 2 2 3 2 5 6 13 5 9 4 17 9 0 8 39 5 5 0 4 3 45 15 262215 22 3 6 17 5
660 AAT 4 24 4 263219 13 6 13 7 0 13 3 21 3 0 3 5 5 1 2 3 5 0 3 3 4 2 8 2 0 1 6 1 1 4 11 17 2 1 6 3 5 9 27 8 2 0 5 3 2 7 4 5 2 2 3 3 8 5 6 3 4 0 2 0
661 TGG 1 1 1 0 1 11 0 2 1 4 12 3 2 6 3 4 3 2 4 2 8 8 4 2 3 5 7 3 4 6 2 3 3 0 2 0 1 0 3 4 5 3 9 1 2 2 2 0 5 1 35 3 2 6 3 4 49 6 262764 13 5 4 12 2
662 TTT 3 1 4 1 0 0 3 0 1 5 8 5 1 0 0 11 2 1 2 0 6 0 3 1 3 0 11 9 0 1 0 15 0 0 0 1 3 0 4 1 2 1 0 8 1 0 2 9 2 9 2 35 0 3 3 12 2 3 9 6 14 41 2 263146
663 AAC 37 262934 15 61 5 17 8 8 16 82 17 19 5 8 3 5 11 2 12 4 3 2 4 2 5 10 17 0 4 4 7 4 3 30 7 6 15 5 9 8 4 7 21 9 3 5 4 5 2 12 0 10 16 9 7 3 0 8 3 9 2 0 2 2
664 ATC 2 2 3 0 2 23 1 2 5 4 1 4 27 262454 5 78 1 2 0 0 2 1 3 2 2 1 3 1 3 12 12 8 0 0 0 4 2 1 0 0 5 2 3 3 4 21 4 6 4 4 11 10 0 2 3 2 1 0 4 2 7 6 6 4
665 TCA 2 1 1 2 49 5 3 12 3 9 1 6 3 1 5 2 0 0 4 6 53 1 0 0 1 4 3 1 4 3 5 7 2 1 1 0 7 4 7 11 2 1 1 5 10 16 33 9 8 0 3 7 262255 9 53 16 3 2 4 0 29 2 4 4
666 CAA 30 2 4 6 6 5 2 7 14 5 5 8 4 1 3 6 263084 11 49 7 2 3 0 0 56 5 8 4 11 7 7 10 4 2 4 1 2 3 1 8 1 0 0 1 1 2 2 3 37 7 2 6 7 0 2 0 4 3 2 1 8 9 9 2
667 TGG 0 0 0 0 0 0 0 1 1 2 1 0 1 0 1 0 4 0 2 0 0 0 3 0 1 0 3 1 0 0 0 0 1 0 0 2 0 0 0 0 0 1 2 3 0 0 0 0 1 0 45 1 0 0 2 0 93 0 263282 9 0 0 5 1
668 CTG 0 0 1 0 0 3 0 0 4 0 1 1 0 0 3 0 2 1 6 4 0 4 25 1 0 1 4 3 124 9 261581 11 0 0 1 1 0 0 3 0 3 2 0 0 1 0 6 4 0 0 3 0 1 2 0 0 1 0 0 1 3 0 66 2
669 TGG 1 0 0 1 0 3 2 3 0 2 6 4 2 1 5 4 0 4 3 0 0 0 1 0 0 1 16 1 0 2 0 1 0 2 4 0 2 1 1 2 0 0 4 1 1 0 4 2 1 6 35 0 3 7 8 2 60 2 262367 11 0 4 15 5
670 TAT 4 1 11 9 4 5 4 0 5 3 2 1 1 9 0 1 3 2 1 33 0 0 1 3 6 0 4 2 0 0 3 0 1 2 0 1 2 0 1 1 2 3 2 1 4 0 2 0 5 42 2 263480 0 2 0 0 3 1 4 17 4 4 0 7
671 ATA 11 0 1 6 16 9 5 3 3 4 1 4 263505 5 12 8 3 1 3 0 2 3 3 0 0 0 2 1 5 3 2 1 1 3 5 0 2 2 2 0 0 0 5 0 9 0 7 0 1 1 2 3 4 10 1 1 1 12 1 1 8 3 3 3
672 AAG 77 0 263413 15 0 0 5 1 6 2 31 1 0 2 4 4 9 7 5 4 3 0 1 1 10 4 14 3 1 3 2 0 4 0 10 0 4 0 0 2 0 1 0 3 1 2 1 1 2 3 3 7 2 1 1 1 0 3 3 1 1 6 3 3
673 ATA 21 3 2 3 12 8 9 7 11 4 1 7 263330 11 23 16 5 5 1 5 2 0 2 1 4 0 6 4 4 6 7 6 5 4 4 6 1 3 2 5 9 3 4 10 8 2 10 5 2 3 1 6 8 0 6 6 3 3 10 7 17 5 11 10
674 TTT 2 2 1 6 10 4 4 3 0 15 4 4 5 10 7 25 4 7 5 4 2 0 2 0 0 0 0 1 6 3 7 21 2 0 1 1 2 1 4 1 4 5 14 7 9 2 12 18 2 5 2 9 2 5 6 19 2 3 10 11 31 26 8 263084
675 ATA 19 4 3 14 20 3 10 18 3 5 0 6 263262 10 24 14 4 2 1 4 3 4 3 3 1 0 0 2 12 4 2 17 4 0 4 1 1 0 1 0 2 0 10 4 18 6 11 23 1 6 1 11 3 1 5 5 5 5 9 7 8 3 6 6
676 ATA 20 2 1 5 18 0 2 2 7 2 0 4 263506 3 25 5 4 3 9 0 0 3 0 1 0 1 0 0 4 4 2 1 5 2 1 4 2 1 0 1 1 0 12 1 19 3 4 10 2 1 0 3 1 1 7 2 1 2 5 2 3 3 6 6
677 ATA 7 1 6 6 10 3 6 0 5 1 3 5 263445 6 75 4 0 0 5 1 3 5 2 0 1 0 0 1 2 2 4 0 3 2 0 1 5 0 9 1 1 1 6 6 15 1 5 4 0 0 1 2 4 1 1 2 0 1 5 3 15 8 10 6
678 GTA 0 5 0 1 6 0 1 0 0 3 0 2 86 3 2 0 0 0 4 1 0 1 0 1 1 0 0 2 3 4 4 2 11 0 2 0 7 4 7 3 7 7 7 1 263472 7 76 9 0 3 0 0 1 2 5 1 0 2 0 3 8 5 0 2
679 GGA 2 2 2 3 6 4 2 0 41 5 2 2 0 3 1 3 1 8 0 1 2 5 0 3 3 2 0 0 1 6 0 5 60 0 0 0 7 6 4 0 263279 16 64 12 12 0 6 10 0 5 1 3 4 4 5 1 11 1 4 2 4 3 9 1
680 GGC 2 4 1 6 1 7 2 7 1 78 4 6 0 1 5 6 2 6 3 0 2 0 0 0 0 1 0 0 0 0 1 2 1 85 1 0 3 9 7 4 25 262741 6 68 3 7 7 0 0 10 0 6 7 2 3 8 1 13 3 2 5 3 7 1
681 TTA 6 3 3 5 10 2 15 5 1 8 8 3 45 6 5 4 6 2 3 6 3 2 4 1 0 4 0 1 27 5 5 2 0 0 2 2 1 3 8 8 6 23 2 6 15 4 6 2 22 5 1 2 66 4 2 3 3 12 9 15 263018 8 29 11
682 ATA 6 6 3 2 21 6 5 3 0 6 0 14 263382 16 90 15 3 9 8 2 0 0 0 0 0 2 2 3 4 4 6 5 4 1 3 3 11 4 12 2 1 3 13 6 14 4 5 2 0 0 0 0 2 8 3 3 1 6 1 3 12 14 4 3
683 GGA 4 6 0 1 4 0 6 4 40 7 2 7 6 3 0 6 4 1 3 2 5 6 3 3 2 0 0 2 2 2 3 14 53 0 3 0 10 14 11 12 263227 8 17 10 15 6 0 8 2 3 1 4 10 7 5 5 36 7 14 5 8 6 1 6
684 TTA 2 2 1 9 4 8 15 8 0 3 2 3 26 7 1 10 3 11 6 3 7 9 8 6 0 3 1 2 18 10 9 12 9 0 3 3 11 6 5 11 16 8 12 13 30 5 4 20 22 6 1 12 25 9 12 13 1 2 9 1 263021 7 36 21
685 AGA 66 6 12 7 7 3 0 5 263225 7 32 10 28 3 1 6 8 5 4 14 6 8 2 12 2 14 10 15 7 6 3 7 0 2 10 8 1 6 5 5 26 9 10 4 8 4 7 6 2 3 2 5 9 4 7 1 1 3 7 6 6 3 6 7
686 ATA 3 1 0 3 21 0 6 5 2 10 0 4 263369 13 59 16 2 1 4 1 0 2 0 0 2 2 2 2 8 7 11 18 1 0 2 1 5 7 8 9 10 8 10 6 13 2 3 12 2 3 1 2 7 7 4 11 1 6 2 8 12 17 11 13
687 GTT 0 4 1 6 5 16 9 4 0 1 8 8 8 4 4 69 0 0 4 3 3 8 6 2 1 1 2 2 9 1 8 2 4 0 1 0 5 1 9 35 10 13 20 7 25 18 18 263071 2 6 4 10 2 2 4 9 2 7 17 4 9 7 8 29
688 TTT 1 1 3 7 2 5 4 14 2 1 6 12 8 2 2 18 1 9 2 2 4 9 11 5 3 3 5 3 4 10 16 18 1 2 3 7 3 2 8 3 3 2 6 4 3 5 5 6 3 12 2 18 0 3 7 20 1 1 16 2 13 13 7 263333
689 GCA 4 4 3 6 117 5 2 7 0 1 4 5 3 6 0 3 2 10 1 2 7 2 3 0 0 0 0 4 1 2 6 3 23 2 1 4 262779 14 122 14 8 6 9 6 365 5 8 7 2 3 1 0 14 6 2 3 2 8 3 7 1 6 6 6
690 GTG 2 0 0 0 5 5 5 4 2 11 0 8 5 9 104 14 0 2 3 0 1 1 4 2 2 1 0 3 1 9 7 7 0 3 8 0 6 7 9 11 7 7 12 8 383 7 262985 11 1 0 3 2 3 11 4 6 0 4 9 7 11 5 6 9
691 CTT 4 8 4 4 3 5 14 7 6 14 4 5 8 3 0 17 5 12 3 22 7 13 7 27 10 7 14 15 23 35 10 263140 5 4 10 4 5 2 5 3 8 4 4 18 5 3 14 9 2 8 0 7 3 2 6 5 2 4 6 5 2 2 12 53
