site,abs_diffsel,positive_diffsel,negative_diffsel
613,31.9202268895,31.7333900287,-0.186836860835
611,16.4998247009,15.3598486564,-1.13997604446
648,13.6699393583,12.0750371551,-1.59490220327
512,11.1173928137,11.1173928137,0.0
647,10.313966453,9.44050880086,-0.873457652163
484,9.19237889514,3.58131358699,-5.61106530815
637,9.09191385832,8.16642113314,-0.925492725181
612,8.70310610935,6.16521071374,-2.53789539561
641,8.43653723789,6.24832613396,-2.18821110393
639,8.27192786551,6.63641331893,-1.63551454659
629,8.22396943116,2.47993458717,-5.744034844
492,8.20538926986,4.38640764574,-3.81898162413
474,8.16565197528,3.32149998958,-4.84415198569
362,8.14420881703,1.90528218726,-6.23892662977
409,7.94319325925,4.08302090853,-3.86017235072
485,7.94090104889,3.70472755612,-4.23617349277
657,7.91541081305,7.57437331327,-0.341037499782
698,7.91157796618,3.34787052872,-4.56370743746
644,7.81189301369,6.25883714495,-1.55305586874
444,7.79096062263,2.70618318241,-5.08477744021
398,7.77324254289,3.16945370028,-4.60378884261
465,7.74226776757,2.54372644921,-5.19854131836
389,7.72784524594,4.79696631415,-2.93087893179
392,7.69672581145,2.02632902169,-5.67039678976
265,7.44410853311,3.96238911841,-3.48171941469
407,7.3604369854,3.66634126259,-3.69409572281
487,7.27744833402,3.22377132469,-4.05367700933
415,7.23488106228,3.06927874432,-4.16560231797
645,7.2342125534,4.53450753634,-2.69970501706
619,7.23029025151,3.19968080153,-4.03060944998
395a,7.12386876058,3.45805000079,-3.66581875979
674,7.10413220662,2.20012378798,-4.90400841864
448,7.10071841575,1.64828607022,-5.45243234553
699,7.10015394637,4.50182349668,-2.59833044969
691,7.07091038573,2.83169570367,-4.23921468206
406,7.02205975388,3.2423777053,-3.77968204858
360,7.01144532544,3.64543820455,-3.36600712089
430,6.95028476,3.70237564663,-3.24790911338
640,6.94918573452,3.5951422052,-3.35404352932
655,6.94479215457,0.189789550927,-6.75500260365
408,6.85586069849,3.6406052751,-3.2152554234
667,6.8403125326,4.42860459326,-2.41170793934
412,6.83065712397,2.57993703383,-4.25072009014
425,6.81263523436,1.15871488508,-5.65392034928
490,6.81009697179,2.96430059862,-3.84579637317
388,6.79381385831,1.62830814617,-5.16550571215
672,6.75159729147,4.62463003083,-2.12696726064
350,6.72549992603,4.92110662985,-1.80439329618
432,6.66937970664,3.54598696574,-3.1233927409
410,6.65405757491,3.71918725004,-2.93487032487
464,6.64934166248,3.1339272639,-3.51541439858
481,6.63810724168,2.43182982464,-4.20627741704
395,6.62649168912,2.92272584624,-3.70376584288
344,6.59368444831,4.64359042323,-1.95009402507
396,6.59168506794,3.98825601308,-2.60342905486
356,6.59095844043,2.85836761944,-3.73259082099
285,6.58247550358,3.69977201001,-2.88270349357
690,6.56324787528,3.82274984802,-2.74049802726
620,6.54330218638,4.3306141687,-2.21268801769
377,6.53890762471,3.35661324011,-3.18229438461
413,6.51137581088,3.96589920701,-2.54547660387
682,6.50994665476,4.57299388651,-1.93695276825
268,6.42771675349,2.51842496524,-3.90929178825
269,6.41998266422,3.37631756497,-3.04366509926
634,6.39554969268,5.24357099693,-1.15197869574
375,6.38341339966,3.17928251065,-3.20413088901
668,6.34045057192,2.66540790311,-3.67504266881
435,6.32140881643,2.72318247732,-3.59822633911
625,6.31717678129,2.38567205528,-3.93150472601
665,6.30150969622,2.32364967042,-3.9778600258
348,6.28734303647,3.01497670279,-3.27236633368
677,6.25571951548,3.94903113253,-2.30668838295
339,6.25498344021,3.43919187847,-2.81579156174
293,6.21660105656,3.6577159232,-2.55888513336
479,6.21241538122,3.71009653378,-2.50231884743
397,6.19593876634,1.8653538196,-4.33058494675
431,6.17646274072,1.39567924971,-4.78078349101
482,6.16080605211,2.5826816365,-3.5781244156
514,6.11911901933,4.26534326543,-1.8537757539
632,6.11542157186,2.88697845178,-3.22844312007
267,6.11140838874,4.51859993797,-1.59280845077
560,6.10821771866,4.88715831371,-1.22105940495
460,6.10544705764,2.06005982413,-4.0453872335
621,6.101450024,4.71279502482,-1.38865499918
355,6.08967681042,2.94689407473,-3.14278273569
630,6.08485539656,0.956609737921,-5.12824565864
374,6.05468381379,2.5863046828,-3.46837913099
463,6.05062946521,1.8492253034,-4.20140416181
524,6.0465932585,2.87664913463,-3.16994412387
670,6.01946842104,4.37559610111,-1.64387231993
478,6.0068472265,3.07838242239,-2.92846480411
459,5.990346916,3.79474006966,-2.19560684634
476,5.99017216115,3.30835681384,-2.68181534731
399,5.96649774636,2.26260392756,-3.7038938188
358,5.92778035389,2.7408819765,-3.18689837739
341,5.92234178793,1.9220779137,-4.00026387423
345,5.91511399002,3.48447170962,-2.4306422804
376,5.91312082234,3.70032142799,-2.21279939436
701,5.91030790247,3.96731228225,-1.94299562022
462,5.90632553898,3.33309572181,-2.57322981717
436,5.86406775209,2.05267800193,-3.81138975016
596,5.86376661754,4.56265873441,-1.30110788313
486,5.86049363101,3.99919353714,-1.86130009387
411,5.85740641633,5.25790060959,-0.599505806731
386,5.83956105544,2.1321376345,-3.70742342093
475,5.80768540171,1.43810224516,-4.36958315655
513,5.80517898209,4.30808999715,-1.49708898494
660,5.76039109545,3.9863486841,-1.77404241135
624,5.75770630721,2.0406642328,-3.71704207441
509,5.73915971668,3.161346719,-2.57781299768
534,5.73524876909,2.2390316488,-3.49621712029
650,5.71597801128,1.46013317622,-4.25584483505
106,5.70195747886,2.40660978334,-3.29534769552
419,5.70061652353,3.49510785776,-2.20550866577
393,5.68716542716,4.17678889708,-1.51037653008
452,5.6758199088,2.86110836308,-2.81471154572
323,5.64048198281,4.30058684806,-1.33989513475
364,5.63073072065,3.86788146444,-1.76284925622
684,5.61706763658,4.28396054967,-1.33310708691
289,5.59503127066,1.70388440149,-3.89114686917
337,5.56379936142,2.95956459769,-2.60423476373
681,5.55290332522,4.01641123313,-1.53649209209
695,5.54938286562,3.57006505388,-1.97931781173
353,5.53595426344,2.85393191552,-2.68202234792
493,5.53269177445,2.94399698768,-2.58869478678
371,5.49978419422,1.96248959334,-3.53729460088
680,5.49826890967,4.65272894597,-0.845539963692
295,5.46545899145,1.96458223069,-3.50087676077
693,5.44335222079,2.42136150894,-3.02199071185
491,5.43434560836,1.30751683941,-4.12682876895
702,5.42026896533,1.60964366565,-3.81062529969
692,5.41255158019,2.19769815262,-3.21485342757
281,5.38853474043,1.12447421503,-4.2640605254
673,5.38775069498,3.19557582224,-2.19217487275
601,5.34336713398,1.45732139001,-3.88604574397
471,5.32601407887,0.382460492892,-4.94355358598
306,5.30255677559,2.3500540076,-2.952502768
290,5.2822015395,1.95678024604,-3.32542129346
633,5.28096946259,1.91699467217,-3.36397479043
400,5.26460281836,2.53426009301,-2.73034272535
442,5.26355516831,1.4661022083,-3.79745296001
494,5.26321475503,1.20167534452,-4.06153941051
489,5.25870764036,2.7078031188,-2.55090452157
424,5.24019760709,1.10446941973,-4.13572818736
373,5.22352466436,1.49931099344,-3.72421367092
696,5.22139586158,3.17151590442,-2.04987995716
508,5.2020431964,2.10968134904,-3.09236184736
367,5.18088681886,3.26411414086,-1.91677267801
575,5.17823385236,2.75488892029,-2.42334493207
275,5.15834236503,3.68100864609,-1.47733371894
352,5.15113883703,1.39440561365,-3.75673322339
418,5.12573275375,3.82388762006,-1.3018451337
82,5.12292905261,3.52534801216,-1.59758104044
266,5.10882966266,3.2541597199,-1.85466994277
622,5.10764783901,2.62213195052,-2.48551588849
467,5.10284116288,1.2122832508,-3.89055791208
384,5.10172475907,1.73853522292,-3.36318953615
686,5.08437672044,2.48843370526,-2.59594301518
689,5.07938283358,2.93869903746,-2.14068379612
662,5.06800987026,2.47047241543,-2.59753745484
429,5.06727663281,2.60459896307,-2.46267766974
368,5.05810448806,2.33602576398,-2.72207872408
210,5.0477488763,1.62996356998,-3.41778530632
325,5.03628015096,2.36405311399,-2.67222703697
443,5.02853415605,0.671298820008,-4.35723533604
658,5.01925133174,2.13604748629,-2.88320384545
616,5.01160809937,1.6533083386,-3.35829976077
466,5.00264062642,1.82114723184,-3.18149339458
594,4.99796573746,1.42693933873,-3.57102639872
152,4.9844727659,3.94391066747,-1.04056209843
286,4.97612752598,1.95749222171,-3.01863530427
676,4.96660105468,3.53284061297,-1.43376044171
483,4.95646882927,2.20404131028,-2.75242751899
694,4.95375415476,1.39749700976,-3.556257145
420,4.94350852128,3.33790492489,-1.60560359639
688,4.93543274366,3.09246183632,-1.84297090734
569,4.93063171979,1.622835713,-3.30779600679
421,4.93028760646,2.56236871263,-2.36791889384
590,4.92375858434,1.76169523489,-3.16206334946
441,4.91736242465,3.53380394379,-1.38355848086
320,4.91364042451,3.17046703701,-1.7431733875
280,4.90997066075,3.20618380309,-1.70378685765
671,4.90258346163,2.8518349254,-2.05074853623
282,4.89849154143,1.4634590041,-3.43503253733
636,4.89844919998,2.00062810675,-2.89782109323
274,4.89317974555,2.95444796031,-1.93873178524
496,4.89288929105,1.77333749319,-3.11955179787
321,4.88785551729,2.82537686259,-2.0624786547
238,4.86799005218,3.49113076719,-1.37685928499
278,4.85747440428,2.94399586463,-1.91347853965
49,4.83558007497,3.61938547916,-1.2161945958
117,4.82303768037,1.4855993174,-3.33743836297
151,4.80628785351,2.12236005713,-2.68392779638
166,4.78286147922,1.85125573842,-2.9316057408
120,4.77940048051,2.50155389917,-2.27784658134
675,4.76680174171,1.8613659548,-2.9054357869
334,4.76501346141,1.10601649964,-3.65899696177
140,4.75799026483,1.96768622139,-2.79030404345
346,4.74890898837,3.30864198683,-1.44026700153
319,4.74777375088,1.88264979535,-2.86512395553
328,4.73206768624,2.19895354056,-2.53311414568
503,4.71736821127,2.19743479702,-2.51993341425
330,4.71202334482,3.17357472353,-1.53844862129
423,4.70812673679,2.72395796937,-1.98416876743
626,4.69997130985,2.10759295454,-2.59237835531
383,4.68893525831,1.81798594489,-2.87094931342
64,4.67795766568,1.06579034547,-3.61216732021
685,4.67677270255,1.44199996372,-3.23477273883
480,4.67301663376,2.95641638653,-1.71660024723
336,4.67234109097,3.06878956281,-1.60355152815
378,4.65835463285,2.31640607843,-2.34194855442
497,4.6535076393,2.08171083656,-2.57179680274
428,4.65115679594,0.815444556267,-3.83571223967
628,4.64446816074,1.08426000242,-3.56020815831
472,4.63189604503,2.16297831509,-2.46891772994
488,4.62363748733,2.81187018829,-1.81176729904
252,4.62145107631,1.3686251762,-3.25282590011
359,4.607364797,2.02933008423,-2.57803471276
369,4.60605586245,3.32326350242,-1.28279236003
669,4.59799158614,1.71940284365,-2.87858874249
333,4.59778987452,2.69270606678,-1.90508380774
307,4.58445369093,2.5954457265,-1.98900796444
390,4.57874105868,1.68147663158,-2.89726442709
504,4.57596805159,2.73305367641,-1.84291437517
340,4.57285785467,3.35525992571,-1.21759792896
116,4.5642778786,1.91743231746,-2.64684556114
382,4.55073739729,3.19958031848,-1.35115707881
440,4.54032203181,2.12700499907,-2.41331703274
361,4.52396544678,1.17775772086,-3.34620772592
515,4.51634628444,1.06869520626,-3.44765107819
663,4.51305041681,2.52219962326,-1.99085079355
297,4.50337478999,3.61487247939,-0.8885023106
271,4.48745420457,1.18286338847,-3.3045908161
343,4.48302148898,2.56356353762,-1.91945795135
595,4.47417992354,2.57502474663,-1.8991551769
659,4.45082777885,2.86357018865,-1.5872575902
347,4.43970455431,2.1486432165,-2.29106133781
287,4.43305356282,1.40463144824,-3.02842211457
385,4.41102887083,1.54153734202,-2.86949152881
417,4.39666932134,1.86635047526,-2.53031884608
263,4.39472726508,1.09758664904,-3.29714061604
458,4.3864610855,1.63244900979,-2.75401207571
615,4.3787817389,2.18013522996,-2.19864650895
461,4.37183906888,2.142773001,-2.22906606787
617,4.37036393877,1.25267535777,-3.117688581
38,4.36232706429,2.21061854002,-2.15170852426
118,4.36045309237,1.1844146572,-3.17603843517
455,4.3571981293,1.65784985119,-2.69934827811
635,4.35394906061,2.10889362479,-2.24505543581
184b,4.35196454837,2.53440628908,-1.81755825929
697,4.35095756071,2.08955041791,-2.2614071428
237,4.34764586364,1.68891439181,-2.65873147183
567,4.34524810839,1.81203487744,-2.53321323095
599,4.33900871845,2.46007044791,-1.87893827054
240,4.33373037039,2.62820291884,-1.70552745156
627,4.32331578871,0.541567893298,-3.78174789542
687,4.32115001014,2.78847682685,-1.53267318329
473,4.31328339948,1.99694251773,-2.31634088175
258,4.30750300886,2.36217119687,-1.945331812
379,4.30353588448,1.81519204792,-2.48834383656
380,4.3025439768,2.02223423125,-2.28030974555
600,4.30234118788,1.39806323995,-2.90427794793
664,4.28246108833,2.38866009002,-1.89380099831
231,4.28005784382,2.11837701153,-2.16168083229
279,4.28002221323,2.74924293565,-1.53077927757
651,4.27427636493,2.42780182842,-1.8464745365
260,4.27142221096,2.45362193284,-1.81780027812
304,4.26737560423,1.16416253559,-3.10321306865
43,4.26362521203,2.87939613463,-1.3842290774
301,4.26341187811,1.52378955559,-2.73962232252
700,4.25883072459,2.98724751391,-1.27158321068
638,4.25855263258,2.5606565402,-1.69789609238
302,4.24082671844,1.02162412829,-3.21920259016
357,4.23757488251,1.57986308436,-2.65771179815
108,4.23385614677,2.01260914713,-2.22124699964
470,4.20799615115,1.84923470914,-2.35876144201
121,4.195824723,2.46310044072,-1.73272428228
277,4.1924021225,0.795241670617,-3.39716045189
447,4.19124391944,1.69174855267,-2.49949536678
309,4.1911231622,1.25512593631,-2.93599722589
351,4.18522655847,2.69623376872,-1.48899278975
656,4.18428940118,0.626973833961,-3.55731556722
438,4.18080853497,2.89574200573,-1.28506652925
381,4.1711618039,1.99176330199,-2.17939850191
39,4.17097936606,3.48198606246,-0.688993303605
414,4.16772208402,1.19112160218,-2.97660048185
326,4.15175887969,2.31162380239,-1.84013507731
502,4.15152266878,1.89838093237,-2.25314173641
679,4.14901958439,2.49733233704,-1.65168724735
564,4.1464757039,3.11046081706,-1.03601488684
439,4.13404865828,1.78386245009,-2.35018620819
291,4.11778820998,1.808095791,-2.30969241898
588,4.11757628349,2.17993688294,-1.93763940055
292,4.11711996484,1.31767375197,-2.79944621288
65,4.111174089,0.735242591159,-3.37593149784
521,4.08056503835,3.34578568552,-0.734779352829
70,4.07219217552,0.601440773297,-3.47075140222
105,4.07073538833,1.59057517403,-2.4801602143
450,4.06627998618,2.38921716377,-1.67706282242
314,4.06152439336,2.72222062067,-1.33930377269
137,4.04406940091,3.20664934667,-0.837420054234
535,4.04320908268,0.921972802239,-3.12123628044
372,4.04270386301,1.83994007825,-2.20276378475
434,4.04192074065,1.79447491464,-2.24744582602
81,4.04141112806,2.61433611932,-1.42707500875
342,4.04074973686,3.00770522497,-1.03304451189
236,4.02868344588,2.2482100505,-1.78047339538
133,4.02390004682,2.01524319849,-2.00865684833
273,4.02364551834,1.94866672055,-2.07497879779
305,4.0120421078,0.739118581677,-3.27292352612
370,4.00911024448,0.981728057006,-3.02738218747
354,3.99855320437,1.52948084301,-2.46907236136
78,3.99430330116,1.72999467591,-2.26430862526
63,3.96781532682,2.27158663447,-1.69622869235
213,3.96268081168,0.937864258654,-3.02481655302
62,3.95648372907,1.70937186353,-2.24711186554
623,3.95235970816,1.37964917696,-2.5727105312
553,3.9506139055,1.90320073862,-2.04741316688
241,3.94624238491,1.45479304457,-2.49144934034
608,3.94455323583,1.03937620863,-2.9051770272
317a,3.94451748447,1.16370492962,-2.78081255485
74,3.93174690944,1.11510267175,-2.81664423769
426,3.93028774936,2.61748574846,-1.3128020009
308,3.92982053459,0.429694874537,-3.50012566006
134,3.92851053844,2.41343233584,-1.51507820261
510,3.92719600894,2.29850446243,-1.62869154651
187,3.92673338395,0.810886951149,-3.1158464328
427,3.90080631402,1.23940633423,-2.66139997979
255,3.89464815653,0.510629191956,-3.38401896458
394,3.89069231984,2.12491259037,-1.76577972947
270,3.88960423904,2.61737824889,-1.27222599015
416,3.88837069646,1.72079181889,-2.16757887757
453,3.88382828598,1.73317473775,-2.15065354823
573,3.87686120381,1.91023027336,-1.96663093046
666,3.87417121484,2.60626360518,-1.26790760966
661,3.85950831744,1.66310849372,-2.19639982372
219,3.85941319738,0.852567954292,-3.00684524309
327,3.83781393886,0.862562322233,-2.97525161662
300,3.82625888471,1.021689381,-2.80456950371
433,3.81843671828,0.489293358318,-3.32914335996
296,3.81600510037,1.68977042818,-2.12623467219
607,3.81392422546,1.07818655996,-2.7357376655
168,3.81240497447,1.00576504943,-2.80663992504
500,3.79842458243,2.4065642223,-1.39186036013
335,3.79621308661,1.15214014528,-2.64407294133
527,3.79204631547,2.00249020105,-1.78955611443
283,3.78769202212,1.62616858188,-2.16152344024
155,3.78706682553,0.359271603502,-3.42779522202
363,3.7845206269,2.57252547435,-1.21199515255
422,3.77438265369,1.60036476967,-2.17401788401
113,3.77414007725,1.2229325277,-2.55120754955
520,3.77280233328,2.52434162531,-1.24846070797
234,3.76787474079,1.50801873866,-2.25985600213
568,3.76612449737,0.502864146979,-3.26326035039
577,3.75047141037,1.47787763669,-2.27259377368
451,3.74131337434,0.92907759805,-2.81223577629
259,3.73860476417,1.32783604911,-2.41076871505
294,3.73119626945,2.21546763571,-1.51572863374
449,3.72079806514,2.3571061076,-1.36369195754
454,3.71907814584,1.55788454726,-2.16119359858
216,3.70574626992,1.34897593748,-2.35677033244
232,3.69029230686,2.07657797432,-1.61371433254
299,3.6854875962,2.12109652665,-1.56439106955
119,3.67959047258,1.02894565464,-2.65064481794
507,3.67179845475,2.14005252187,-1.53174593288
41,3.67039461257,1.7704797701,-1.89991484246
643,3.66593193055,1.07447273671,-2.59145919384
501,3.65821650938,2.61684397865,-1.04137253073
207,3.64241033019,1.15155992333,-2.49085040686
387,3.62660859517,1.1357656306,-2.49084296457
604,3.62327114286,1.277543514,-2.34572762886
518,3.62093151227,0.991510024417,-2.62942148786
44,3.6180240306,2.05873959927,-1.55928443133
211,3.61089476599,0.948813170906,-2.66208159508
107,3.60778308048,2.11141057406,-1.49637250642
276,3.6065453287,1.49712275204,-2.10942257666
477,3.60341145301,0.467210491187,-3.13620096182
112,3.60279694012,1.88584302749,-1.71695391264
349,3.5858659779,1.27956104525,-2.30630493265
366,3.58326023483,0.946457909332,-2.6368023255
100,3.57469667134,2.57519944114,-0.999497230195
135,3.57402222094,2.72883309815,-0.845189122792
559,3.57243406588,1.0014738563,-2.57096020958
332,3.55769255136,1.597048595,-1.96064395636
194,3.55252418384,0.221697000225,-3.33082718361
551,3.5457024374,2.58719687279,-0.958505564609
97,3.53870045789,1.5670421518,-1.97165830609
316,3.53527721782,1.88737979301,-1.64789742481
245,3.52928314889,2.42386969645,-1.10541345243
585,3.52867475899,2.04926578071,-1.47940897828
227,3.49987270318,3.04601212667,-0.453860576505
593,3.49874131052,1.8435837483,-1.65515756223
298,3.49144589425,2.07643104793,-1.41501484633
71,3.48636096664,2.34978110922,-1.13657985742
683,3.485429227,1.59271403681,-1.89271519019
272,3.48111890475,0.921314003379,-2.55980490138
653,3.46789207381,1.05816052077,-2.40973155304
579,3.46754065223,1.12586749928,-2.34167315295
243,3.46233606993,1.09384712609,-2.36848894384
153,3.45733415216,2.11161005983,-1.34572409233
115,3.45578223197,0.189299440122,-3.26648279185
457,3.4543100242,0.825584807435,-2.62872521676
652,3.44192686507,0.295785701354,-3.14614116372
69,3.41146615632,0.644706195359,-2.76675996096
329,3.41139265764,1.06529281495,-2.34609984268
614,3.39871158986,1.55237208831,-1.84633950155
33,3.38753815301,2.22414034033,-1.16339781268
589,3.36605207136,1.59847863017,-1.76757344119
226,3.3649246863,0.756705393104,-2.60821929319
99,3.32292871195,1.23581721304,-2.08711149892
114,3.31370857777,1.75748135007,-1.5562272277
47,3.30903509797,1.68972699697,-1.619308101
469,3.30370543395,2.74373452972,-0.559970904233
495,3.30352548456,1.63968312274,-1.66384236182
631,3.29959326817,1.89528909709,-1.40430417108
303,3.29896553634,0.830341293987,-2.46862424235
254,3.29384160621,0.925643594155,-2.36819801206
178,3.29126328669,1.37910629696,-1.91215698973
498,3.28717885784,1.72984284094,-1.55733601689
584,3.2851883567,0.780057477864,-2.50513087884
578,3.28309372876,0.962449333725,-2.32064439504
610,3.28183242184,1.00867597499,-2.27315644685
446,3.27954301786,1.02443615565,-2.25510686221
331,3.27664189686,1.50550506973,-1.77113682713
247,3.27592869049,1.84164511392,-1.43428357657
77,3.25769351467,1.12740828664,-2.13028522802
197,3.25653037994,1.3860192933,-1.87051108664
141,3.25566114898,1.95640564918,-1.2992554998
188,3.250904948,1.75310364752,-1.49780130047
642,3.24689198893,0.956331261143,-2.29056072779
288,3.24473043212,1.04424437753,-2.20048605459
215,3.22408648465,1.81515570571,-1.40893077894
605,3.2099338593,2.198785878,-1.0111479813
437,3.19958660752,0.585441618773,-2.61414498874
324,3.19615989342,1.44609102611,-1.75006886731
603,3.19452663869,1.21534592469,-1.97918071401
208,3.18384272043,0.776914560976,-2.40692815946
468,3.18177835062,1.58003988479,-1.60173846583
221,3.17322153432,1.07996169121,-2.09325984311
169,3.15599138533,0.731755691585,-2.42423569375
48,3.15358796574,1.37090209586,-1.78268586989
224,3.14552292417,1.61978170786,-1.5257412163
98,3.14095471109,1.76735359472,-1.37360111637
46,3.13813448116,0.858830243718,-2.27930423744
122,3.13788853825,1.31569902607,-1.82218951218
570,3.12194922078,1.83477237209,-1.28717684869
591,3.11563071139,1.05208423138,-2.06354648001
284,3.11466087099,1.36806788386,-1.74659298713
34,3.1144317379,1.75191456866,-1.36251716925
103,3.11235484702,1.02039326356,-2.09196158346
606,3.097067165,2.27431330831,-0.82275385669
264,3.09400201197,1.47263492707,-1.6213670849
646,3.07808034363,0.642049150067,-2.43603119357
92,3.0713212662,1.80862618066,-1.26269508554
581,3.06881633742,1.07221990768,-1.99659642974
228,3.06358025698,1.71453849672,-1.34904176026
558,3.05878004494,1.55611214426,-1.50266790068
139,3.05587356572,1.13487314409,-1.92100042163
445,3.05527175278,1.25478599807,-1.80048575471
90,3.04221695048,1.82925093484,-1.21296601564
654,3.03110372644,0.928700316255,-2.10240341019
618,3.02449570723,1.27866403745,-1.74583166978
66,3.01927817327,0.375364447228,-2.64391372604
184a,3.01889467198,2.35657560009,-0.662319071887
158,3.0030375449,1.68960683532,-1.31343070958
391,2.99681031296,2.18350630472,-0.813304008237
223,2.99617926225,1.25686994661,-1.73930931564
318,2.99495502955,2.3781812524,-0.61677377715
572,2.99287792126,0.751972757288,-2.24090516398
73,2.98553424163,0.848813389243,-2.13672085239
75,2.97412194476,1.03564705075,-1.93847489401
602,2.97171917988,2.49850831369,-0.473210866194
563,2.96869612407,1.76473329605,-1.20396282802
532,2.96611020846,2.44088210694,-0.525228101519
365,2.95873737599,1.65871283487,-1.30002454112
511,2.95381974786,0.0709605796785,-2.88285916818
196,2.94247170962,1.62941722398,-1.31305448563
519,2.92482046255,1.86036039153,-1.06446007102
251,2.92233921292,1.61757610358,-1.30476310935
244,2.91946009029,1.77926373516,-1.14019635513
160,2.91548528585,1.5550900351,-1.36039525075
229,2.89676156975,0.764088952655,-2.13267261709
249,2.89362711636,1.15820006206,-1.73542705429
557,2.88716161503,0.752489354859,-2.13467226017
580,2.88201102447,0.610525214705,-2.27148580976
209,2.87801361483,0.844523733216,-2.03348988162
171,2.87612481998,1.21930964766,-1.65681517232
261,2.87392212399,1.1160837417,-1.75783838229
230,2.86806638858,2.31143840388,-0.556627984702
185,2.86248551068,1.87168759927,-0.990797911408
312,2.86224822888,1.17471455392,-1.68753367496
87,2.85257901271,1.63658732672,-1.21599168599
136,2.84678762424,0.285600917286,-2.56118670695
79,2.83061010571,1.98807610791,-0.842533997801
42,2.81646055468,1.43587752382,-1.38058303086
165,2.81423737946,0.541324122197,-2.27291325727
190a,2.80047099947,0.986510558134,-1.81396044134
110,2.79457178182,1.13477431832,-1.65979746351
94,2.78242541997,0.949415537884,-1.83300988208
338,2.77059276794,0.725655498592,-2.04493726935
102,2.764245168,1.68361043338,-1.08063473462
132,2.76215053788,1.25003782809,-1.51211270979
138,2.75925513118,1.85253128224,-0.906723848939
248,2.75324068477,1.23871676537,-1.5145239194
239,2.7501456801,1.48159095583,-1.26855472427
127,2.74764968341,1.33138187942,-1.416267804
128,2.7464459759,1.2753971311,-1.47104884481
130,2.74413456939,1.42371932351,-1.32041524588
163,2.73833820913,1.84209028675,-0.896247922375
91,2.71974350581,2.05732269361,-0.662420812197
222,2.68943312294,0.67542319883,-2.01400992411
242,2.6856294454,1.46501873577,-1.22061070963
157,2.68399580468,1.95896313009,-0.72503267459
204,2.67886509168,0.866457082056,-1.81240800962
95,2.67159293245,0.713305487354,-1.9582874451
172,2.67073810302,1.50193043295,-1.16880767007
186,2.6679743663,0.874678771637,-1.79329559466
80,2.66734477547,0.985316104017,-1.68202867146
257,2.66307192633,1.81851634225,-0.844555584082
649,2.64515659097,1.01499782563,-1.63015876534
56,2.63527332361,1.28958198304,-1.34569134058
456,2.63333286696,0.853897698588,-1.77943516837
54,2.6303209673,1.57694011299,-1.05338085431
101,2.62611583954,1.03285749884,-1.5932583407
179,2.61729863301,1.39181486428,-1.22548376873
190,2.61170337718,1.83817772694,-0.773525650248
565,2.6105534244,1.40148159482,-1.20907182958
35,2.61051696665,1.72943273826,-0.881084228383
129,2.60972059843,1.23746853393,-1.3722520645
543,2.60587309628,1.29084681594,-1.31502628034
233,2.58794618354,1.61961109714,-0.968335086399
322,2.58105814122,2.08028075091,-0.500777390314
566,2.56732291957,0.75355244521,-1.81377047436
89,2.56520806011,1.4547087338,-1.11049932632
193,2.56458366416,1.13285476879,-1.43172889537
214,2.56350312312,1.61354637162,-0.949956751495
45,2.56231796632,1.68940809678,-0.872909869536
561,2.55692569509,1.66528884574,-0.891636849348
538,2.54176130882,1.13676585492,-1.4049954539
142,2.53832304484,0.740470976192,-1.79785206865
545,2.5350361182,1.63382929349,-0.901206824717
131,2.52941084533,0.922745408358,-1.60666543697
195,2.51994662496,1.01155922734,-1.50838739761
76,2.51665797707,0.790557570541,-1.72610040653
40,2.51148019407,1.49897739144,-1.01250280263
124,2.51142000655,0.84303467759,-1.66838532895
36,2.51005559613,1.93124238254,-0.578813213585
678,2.50032225979,1.40552147834,-1.09480078145
554,2.4965633326,0.381686545343,-2.11487678725
72,2.4943470351,1.09623514137,-1.39811189373
262,2.47754422016,0.867420808973,-1.61012341119
317,2.47190635981,0.589667162394,-1.88223919741
182,2.46173188044,1.49718281091,-0.96454906953
313,2.45827613293,1.50292327809,-0.955352854845
32,2.4581439254,0.550813548708,-1.90733037669
597,2.45076359751,0.362398559857,-2.08836503765
235,2.44465123757,1.69897572938,-0.745675508183
576,2.43991894602,1.47708524563,-0.962833700398
217,2.43905387232,0.587878939411,-1.85117493291
84,2.42872049475,1.3007974059,-1.12792308885
189,2.40922610409,1.15421002439,-1.2550160797
68,2.38660465039,0.863002051857,-1.52360259854
499,2.38633700922,0.760224751693,-1.62611225753
552,2.38089779986,1.97220214331,-0.408695656551
51,2.36081357239,0.72332037739,-1.637493195
505,2.33499251358,1.69538159707,-0.639610916506
587,2.33048310167,1.20271889094,-1.12776421074
123,2.33039018057,0.889669943968,-1.4407202366
250,2.32641303867,0.679852457056,-1.64656058162
61,2.32250077255,1.03339175449,-1.28910901806
203,2.32242154711,1.11768707846,-1.20473446865
111,2.32070182646,1.12742235936,-1.19327946711
37,2.30503212561,0.497889634828,-1.80714249078
109,2.27915028283,1.07832645623,-1.2008238266
173,2.27769370895,1.11390184233,-1.16379186662
548,2.24347286871,1.45462741895,-0.788845449765
609,2.23958957797,1.32219465364,-0.91739492433
246,2.21909528391,1.13924419344,-1.07985109047
183,2.2135125451,1.03177067573,-1.18174186937
170,2.19273860356,1.19224953584,-1.00048906772
517,2.18792569262,1.83116882326,-0.356756869356
546,2.16827309923,1.46946624762,-0.698806851611
315,2.15723414093,1.43836632727,-0.718867813657
162,2.15634641488,0.629821982162,-1.52652443271
516,2.1318667928,1.46222369896,-0.669643093839
104,2.11507976051,0.644448383293,-1.47063137722
574,2.10116248644,1.12840228722,-0.972760199229
174,2.10061106424,0.731205847608,-1.36940521664
154,2.08534684587,0.804654355889,-1.28069248998
506,2.06549359088,1.30125309656,-0.764240494322
220,2.0569269423,1.35888565034,-0.698041291956
184,2.04886079699,1.31620601175,-0.732654785239
167,2.0319777896,0.802398228437,-1.22957956116
202,2.02999257062,0.619178909862,-1.41081366076
212,2.01633782553,0.821279611499,-1.19505821403
126,2.00105224307,1.25399448219,-0.74705776088
192,2.00078712801,0.997973831666,-1.00281329634
528,1.99797668203,1.04874620217,-0.949230479864
177,1.98338638832,0.882314856728,-1.10107153159
181,1.96427549851,1.14494777117,-0.819327727334
96,1.96412929786,1.10788588255,-0.856243415308
180,1.92522574124,1.028585324,-0.896640417233
253,1.90514982451,0.669186077944,-1.23596374657
537,1.89663396197,1.5242879571,-0.372346004867
256,1.89530624919,0.417471412074,-1.47783483712
60,1.88324569018,1.35619996498,-0.527045725199
206,1.8716074227,0.777093679635,-1.09451374306
58,1.86881917662,0.912227589248,-0.956591587368
67,1.86482853573,0.398445339098,-1.46638319663
175,1.84131260745,0.410327387766,-1.43098521969
191,1.82125836522,0.98477181116,-0.836486554057
200,1.80895719378,0.352170520276,-1.45678667351
218,1.80055662318,0.492204799457,-1.30835182372
586,1.7936574423,0.923549932727,-0.870107509573
583,1.78638824996,0.737158775472,-1.04922947449
55,1.78603435378,0.850143148307,-0.935891205477
541,1.76335119039,0.698833423504,-1.06451776689
555,1.73107092941,1.33505804605,-0.396012883365
540,1.72385382856,1.15917178065,-0.564682047907
86,1.72169813095,0.487143908366,-1.23455422258
125,1.69050143096,0.77566838398,-0.914833046978
156,1.68508561011,1.06397955294,-0.621106057172
225,1.67111003063,0.729485051332,-0.941624979301
161,1.63051286702,0.605524975142,-1.02498789188
525,1.62871643806,0.944431034025,-0.684285404034
539,1.61018668191,0.71947470488,-0.890711977034
164,1.58903400844,0.520985194309,-1.06804881413
549,1.57527443365,0.919368445084,-0.655905988564
544,1.57367585952,0.806553328803,-0.767122530713
52,1.56221856165,0.37292915408,-1.18928940757
176,1.53795971446,0.987546636848,-0.550413077614
205,1.50166657421,0.647938828262,-0.853727745946
50,1.49213184991,0.754161288279,-0.737970561634
159,1.46223040527,1.08770739045,-0.374523014824
523,1.45758851497,0.687076666706,-0.770511848265
199,1.42663660706,0.521221116335,-0.90541549072
562,1.3976373072,0.183161147231,-1.21447615997
598,1.39698158995,0.3241921342,-1.07278945575
57,1.38111947027,0.0157624751515,-1.36535699512
201,1.34264083054,0.380707763612,-0.96193306693
53,1.30739700526,0.574338132502,-0.733058872762
522,1.29756496686,0.492460391395,-0.805104575469
550,1.2897549303,0.513262206412,-0.776492723892
531,1.27620501677,1.00662768648,-0.269577330288
198,1.26860492289,0.766260368416,-0.502344554477
582,1.25909360624,0.406313081103,-0.85278052514
526,1.18664802522,0.604946665922,-0.581701359303
536,1.16681295959,0.8386807843,-0.32813217529
571,1.15690923134,0.660854448806,-0.496054782531
556,1.15420445821,0.44994058322,-0.704263874989
85,1.1154730168,0.483594668562,-0.631878348242
88,1.10479758746,0.387743588924,-0.717053998532
542,1.04303188201,0.880864409838,-0.162167472174
59,0.915202045361,0.0,-0.915202045361
93,0.897795969275,0.142031020362,-0.755764948913
83,0.826165009127,0.0961167408959,-0.730048268232
530,0.779323502422,0.538709526106,-0.240613976316
592,0.714913939291,0.0872332025878,-0.627680736703
529,0.660654766417,0.134682972251,-0.525971794166
547,0.52945765885,0.436986708909,-0.092470949941
533,0.422361375983,0.0685753688007,-0.353786007182
