site,abs_diffsel,positive_diffsel,negative_diffsel
613,54.9126487726,54.5601850864,-0.352463686243
406,28.6928210853,13.6965217139,-14.9962993714
611,27.224895455,25.7272542976,-1.49764115743
462,27.1349218648,2.0056349517,-25.1292869131
392,26.3978677374,10.8106594844,-15.587208253
647,25.8452492945,24.0627537374,-1.78249555715
398,25.8373712177,3.38789497319,-22.4494762445
492,25.2880584379,8.36530157988,-16.9227568581
389,24.5850887546,11.5661947976,-13.018893957
400,24.3526326016,5.88366867012,-18.4689639315
620,23.7853565819,12.3200372222,-11.4653193597
396,23.5953150824,6.47784638217,-17.1174687003
490,23.4354084243,6.05923833329,-17.376170091
485,23.2034220381,5.17574137435,-18.0276806637
395a,22.7451934657,5.68479271536,-17.0604007503
289,22.6275433907,12.3251944429,-10.3023489478
417,22.2766413178,6.52581204513,-15.7508292727
648,22.1883421278,15.7008897302,-6.48745239755
409,22.0952349265,8.535092978,-13.5601419486
407,21.8100626343,4.96913012174,-16.8409325126
463,21.8079809354,5.00515645825,-16.8028244771
430,21.7084494763,2.94038095297,-18.7680685234
394,21.5492469302,8.92467378704,-12.6245731432
464,21.538108062,5.21067762189,-16.3274304401
686,21.4706122006,8.91109941218,-12.5595127884
637,21.4339285512,16.1482720963,-5.28565645488
410,21.4103822179,6.90696608068,-14.5034161372
612,21.317833452,9.39905961978,-11.9187738322
386,21.2551694672,8.2025751904,-13.0525942768
461,21.2312124478,4.8403686788,-16.390843769
293,20.9888639277,6.30521260946,-14.6836513183
484,20.876842568,4.68462050799,-16.19222206
395,20.744336229,5.43875809466,-15.3055781344
644,20.6141619558,14.5398458005,-6.07431615526
698,20.5547494766,9.44863553584,-11.1061139408
373,20.4360049804,6.18311597337,-14.2528890071
702,20.3007412513,7.23683694811,-13.0639043032
471,20.2513297262,5.56801339654,-14.6833163297
476,20.2428604023,4.00940043715,-16.2334599651
360,20.1172445763,6.09532660178,-14.0219179745
267,20.1168235657,5.71650030499,-14.4003232607
694,19.8726049377,7.6208775464,-12.2517273913
393,19.8198098305,6.06206982829,-13.7577400022
695,19.7292944467,4.53179547544,-15.1974989713
344,19.6504405598,5.41811211891,-14.2323284409
467,19.6245942463,7.96928247839,-11.6553117679
372,19.4306056019,8.9860791662,-10.4445264357
388,19.426739166,1.81099726727,-17.6157418987
397,19.3081336148,6.11885406684,-13.1892795479
460,19.182579257,6.35007913455,-12.8325001225
432,19.13386869,6.80777260399,-12.326096086
674,19.1092244632,6.6571479047,-12.4520765585
274,18.9743945316,5.66919600384,-13.3051985278
412,18.8918327586,4.16298704484,-14.7288457138
411,18.8908373885,9.13535390744,-9.75548348111
408,18.8166848389,4.09285823507,-14.7238266038
341,18.7475837401,6.6948894916,-12.0526942485
385,18.6705065196,9.38537630467,-9.28513021492
285,18.6059882572,8.85145004944,-9.75453820772
348,18.5138892267,5.81103670891,-12.7028525177
443,18.3163938583,7.09702465652,-11.2193692018
295,18.305425888,5.71754234726,-12.5878835407
632,18.3003730638,5.91877392801,-12.3815991358
475,18.2864175348,1.63973930055,-16.6466782342
634,18.2761793326,10.8252836676,-7.45089566498
657,18.2291004143,14.3577681769,-3.87133223735
625,18.2287971226,3.80762155811,-14.4211755645
481,18.097242614,10.1839931453,-7.91324946873
448,18.0922270832,7.11002024026,-10.9822068429
399,18.0199598096,7.78003198544,-10.2399278242
671,17.9149646562,8.03056677616,-9.88439788005
436,17.8052981235,7.04685089348,-10.7584472301
340,17.800034828,3.39530467503,-14.404730153
624,17.63020155,4.08714097122,-13.5430605788
465,17.6174248233,7.51948952618,-10.0979352971
619,17.5986148133,7.82745399556,-9.77116081773
375,17.4429794927,4.84934938663,-12.5936301061
362,17.3318146407,10.8836469577,-6.44816768308
696,17.2879595691,5.33702916122,-11.9509304079
275,17.2345077855,3.22898427425,-14.0055235113
352,17.2105170479,6.87174389299,-10.3387731549
431,17.1853362263,2.52807512368,-14.6572611027
413,17.1704773867,7.86111552363,-9.30936186306
600,17.0527239822,7.13619260222,-9.91653137999
621,16.97234831,7.81867744724,-9.1536708628
276,16.9466117825,6.86312099841,-10.0834907841
356,16.8501965248,3.88349318837,-12.9667033364
351,16.8414080975,6.74310005861,-10.0983080389
268,16.7792367116,3.88601696487,-12.8932197467
636,16.7528724337,7.50384491105,-9.24902752266
269,16.7094613582,5.28620782281,-11.4232535353
667,16.6613477751,3.65969079733,-13.0016569778
512,16.5704676127,16.5704676127,0.0
662,16.4803330604,9.73305523267,-6.74727782776
684,16.4661915928,4.11424031896,-12.3519512739
380,16.450581574,6.37086874963,-10.0797128243
354,16.4372346732,6.60569247792,-9.83154219526
690,16.4165517198,8.50599357734,-7.91055814248
278,16.4116144815,9.0494539172,-7.36216056433
335,16.4079197535,4.44317057082,-11.9647491827
699,16.2539044628,6.13257601736,-10.1213284455
265,16.2466193557,5.9992670776,-10.2473522781
477,16.2315398823,5.54479958371,-10.6867402986
240,16.1430459072,6.87995844931,-9.26308745785
665,16.1054735571,7.40832661423,-8.69714694285
442,15.9756338426,6.24515910656,-9.73047473603
363,15.8728686947,3.58152423263,-12.2913444621
428,15.8520752153,5.90439389252,-9.94768132275
441,15.8333861547,10.7882817659,-5.04510438885
290,15.8163398633,5.95362695137,-9.8627129119
282,15.8122857225,3.77495347119,-12.0373322513
216,15.7873134737,9.4950328881,-6.29228058561
641,15.7113457264,12.0420390234,-3.66930670303
350,15.6592235021,5.55739985776,-10.1018236444
347,15.6558668331,6.16188441249,-9.49398242057
374,15.4269684013,4.25440570202,-11.1725626993
650,15.4047539303,11.9078307286,-3.49692320172
691,15.3860828418,7.15943604496,-8.22664679689
444,15.3538788613,5.96468839398,-9.38919046733
479,15.2685893765,5.33476667342,-9.93382270312
677,15.2090826266,6.93122675287,-8.27785587375
659,15.1682891678,8.1221127713,-7.04617639645
433,15.1521072455,5.47926840175,-9.67283884372
390,15.1292573944,4.67031425704,-10.4589431373
152,15.0533403011,8.34083020501,-6.71251009605
369,15.0532274711,0.0,-15.0532274711
453,15.0439144116,7.00051926641,-8.0433951452
700,14.9949773573,3.53864338567,-11.4563339716
478,14.9716657755,3.76553154826,-11.2061342273
314,14.7748839229,9.04295891363,-5.7319250093
629,14.6842192606,3.35091452435,-11.3333047362
645,14.6487324758,9.06304229398,-5.58569018181
664,14.6339104452,8.60834212179,-6.02556832345
166,14.5314231046,8.81360273744,-5.71782036712
249,14.5126377372,9.40883509107,-5.10380264617
633,14.4562784267,6.06551790821,-8.39076051853
77,14.4439129911,4.11828699765,-10.3256259935
425,14.4278345147,1.23072789179,-13.1971066229
682,14.4094383828,4.11003751028,-10.2994008726
627,14.3090401391,6.73754587964,-7.57149425945
692,14.2991356044,4.42546033543,-9.873675269
382,14.2729074477,5.14002013239,-9.13288731534
355,14.2642546505,3.8727779384,-10.3914767121
440,14.2599381911,5.27830384809,-8.98163434297
133,14.2551213417,2.48555983838,-11.7695615034
638,14.2167857122,8.26367310112,-5.95311261104
697,14.1645643877,6.36294284045,-7.8016215472
184b,14.1434067878,9.30981455959,-4.83359222824
231,14.1217174468,2.68179658051,-11.4399208663
229,14.116048362,5.63838546482,-8.47766289723
254,14.1002179729,3.79387271132,-10.3063452616
628,14.0950560102,5.32401231226,-8.77104369795
64,14.0466378609,4.09299279437,-9.95364506651
437,14.0364120788,6.60409949499,-7.43231258379
281,14.0273643657,4.0587712815,-9.96859308419
270,14.0126251277,7.426417233,-6.58620789471
651,13.9699567225,7.1771838591,-6.79277286339
339,13.9523298011,5.23947137803,-8.71285842307
658,13.9361870681,2.98044541546,-10.9557416526
383,13.9140091776,3.01271098071,-10.9012981969
480,13.899236393,3.95984224953,-9.93939414344
304,13.8916039199,4.40566677245,-9.48593714748
343,13.8213546285,2.97963427617,-10.8417203523
271,13.8055667217,1.49094844413,-12.3146182776
435,13.7771511121,5.58279590813,-8.19435520396
673,13.6966243456,4.1224566225,-9.57416772314
391,13.6892671821,5.50921869566,-8.18004848642
323,13.6805081153,6.28785596775,-7.39265214757
321,13.6637553486,2.99050037669,-10.6732549719
358,13.6403312042,1.84531619404,-11.7950150102
266,13.638865825,6.89333751281,-6.74552831215
186,13.6100787108,6.71548513231,-6.89459357851
474,13.6074037712,1.62333544572,-11.9840683255
336,13.5640308225,4.758203628,-8.80582719454
466,13.5639538721,3.78726558392,-9.77668828816
491,13.5534381045,5.4317096482,-8.12172845634
337,13.5524901416,6.59695658798,-6.95553355359
607,13.5254056923,8.64736322268,-4.87804246966
663,13.4660408959,3.98296850991,-9.48307238601
419,13.4596198734,7.65034934171,-5.80927053173
668,13.4296335165,5.59496089816,-7.8346726183
302,13.4022419623,2.80227996908,-10.5999619933
317a,13.3489481681,7.93295265705,-5.41599551101
238,13.25574348,7.95508275651,-5.30066072345
328,13.2423413902,2.63008789379,-10.6122534964
639,13.1960778305,9.03753873426,-4.15853909626
626,13.1575104776,6.58114639056,-6.576364087
676,13.1477388933,1.55342867701,-11.5943102163
693,13.136252772,4.36440049506,-8.77185227694
106,13.1311465831,3.1206096136,-10.0105369695
99,13.1003563809,4.29288022236,-8.80747615849
701,13.0990740111,4.25555690218,-8.84351710897
670,13.0851785432,6.88522236119,-6.19995618199
353,13.0465680419,7.71773438099,-5.32883366089
135,13.0462150707,5.25652136619,-7.78969370456
379,13.0373728776,2.32160339884,-10.7157694787
675,13.0210461101,6.85144234994,-6.16960376015
640,13.0162602206,5.88347972411,-7.13278049649
287,13.0126439993,5.83789375559,-7.17475024374
434,12.9907414668,3.92590794708,-9.06483351974
241,12.9799539708,5.79661386486,-7.18334010597
482,12.9781284206,7.06175296895,-5.91637545167
422,12.8924966174,3.98254383133,-8.9099527861
452,12.878593044,7.85352483612,-5.02506820785
46,12.8646947302,6.04976134317,-6.81493338699
190a,12.8487433116,7.02378208014,-5.82496123143
332,12.7407399378,5.74293949828,-6.99780043954
49,12.7390615484,5.30893183335,-7.43012971503
346,12.7100854457,3.36168670951,-9.34839873614
312,12.6618630112,3.06565916921,-9.59620384196
635,12.6059130561,3.38263361183,-9.22327944432
451,12.5904823677,7.03169918888,-5.55878317881
325,12.5491699368,4.83086519259,-7.71830474424
415,12.525259843,3.85869415112,-8.66656569184
615,12.4990579445,8.24604408215,-4.25301386238
132,12.4525984443,6.31545739166,-6.13714105267
483,12.4239316741,4.40508323016,-8.01884844396
306,12.416806167,6.81910152202,-5.59770464501
320,12.3895282305,5.29143234146,-7.09809588908
429,12.319948386,2.59248417909,-9.72746420688
82,12.3142801152,6.31047867322,-6.00380144195
370,12.2795146412,3.90844669402,-8.37106794714
70,12.1753522937,4.56715630309,-7.60819599066
656,12.1611677426,5.09446030488,-7.06670743777
630,12.1223447308,1.9234708809,-10.1988738499
234,12.1206316366,1.9308916719,-10.1897399647
683,12.107996729,5.58208745176,-6.52590927728
660,12.0948488611,7.6856775593,-4.40917130184
319,12.0613538195,7.33195571791,-4.7293981016
187,11.998566915,4.70499420573,-7.29357270923
284,11.9847641407,4.56006690696,-7.42469723374
273,11.9699487379,2.71993598586,-9.25001275204
468,11.8988100749,5.17125636837,-6.72755370648
376,11.8507276787,2.14457089063,-9.70615678807
252,11.8057946149,5.23941278587,-6.56638182907
210,11.7938690136,5.89159648569,-5.90227252794
446,11.7829623223,4.10469522029,-7.67826710202
141,11.7609261627,1.23630838497,-10.5246177777
308,11.7480455314,5.49257231179,-6.25547321965
472,11.7259307165,4.67549129467,-7.05043942181
214,11.7040169152,6.28568787776,-5.41832903748
305,11.6507731969,3.42690784422,-8.22386535272
616,11.6359544644,3.52501994956,-8.11093451479
357,11.615181443,1.80565385208,-9.80952759088
689,11.6141357406,2.54552791007,-9.06860783056
688,11.6001194149,5.79860493667,-5.80151447823
666,11.5848254985,8.7462495143,-2.83857598421
117,11.5824725708,3.58942391832,-7.99304865248
213,11.5426009163,2.30242015685,-9.24018075948
685,11.5151060253,2.43223463784,-9.08287138745
236,11.4212142604,5.03091824477,-6.39029601559
330,11.4120812638,5.71549838509,-5.6965828787
297,11.4070584977,5.0181955342,-6.38886296352
655,11.3770221072,6.77595856681,-4.60106354036
232,11.3749064601,4.69725629317,-6.67765016691
286,11.3736192069,2.70926553775,-8.66435366911
151,11.3673803232,3.11948935833,-8.24789096492
364,11.3160361509,4.35627830639,-6.9597578445
439,11.2789206965,3.62842137788,-7.65049931859
687,11.2721949785,3.84928593361,-7.42290904485
424,11.2032785457,2.48477642332,-8.71850212241
361,11.1845718451,5.30179514252,-5.88277670257
222,11.1665199189,2.33267173776,-8.8338481811
377,11.1245101177,3.67641040173,-7.44809971595
283,11.0899517155,4.80695542413,-6.28299629137
381,11.0861448439,2.29887563891,-8.78726920502
345,11.0715389885,4.60696555652,-6.46457343193
110,11.0578838723,5.26887881174,-5.78900506054
246,11.0385298743,5.85634965064,-5.18218022365
168,10.8746261999,2.77065527819,-8.10397092174
81,10.8737948442,0.838458385337,-10.0353364589
371,10.8311348396,1.92168721427,-8.90944762531
109,10.8276288065,5.38057270393,-5.44705610259
142,10.7904731401,7.2374947017,-3.55297843841
204,10.6756751617,6.12687065102,-4.54880451071
618,10.6616824998,2.61581464129,-8.04586785851
493,10.6614501138,1.78648942071,-8.87496069313
258,10.6382714194,1.99667915455,-8.64159226486
449,10.5864435309,6.62069525733,-3.96574827359
488,10.5203383146,0.0,-10.5203383146
445,10.4994066592,5.41910221907,-5.08030444012
489,10.4867277897,5.27635157971,-5.21037621002
272,10.4844557173,4.8059836226,-5.67847209468
631,10.4309241044,3.51318701698,-6.91773708741
669,10.4277961886,4.63876343772,-5.78903275086
387,10.3983237759,1.36813182567,-9.03019195022
75,10.3750247948,5.00320249298,-5.37182230177
317,10.3297160588,6.76327638121,-3.56643967761
291,10.2912463607,5.71363783245,-4.57760852828
63,10.2889805956,3.35327408704,-6.93570650855
47,10.2786482938,3.93822457003,-6.34042372381
458,10.2269556927,5.78566004748,-4.44129564526
113,10.2252405523,5.2522245625,-4.97301598981
80,10.2150379895,5.63213444594,-4.58290354355
326,10.2089848376,1.9451137446,-8.26387109298
118,10.1705384181,6.7092395929,-3.46129882524
172,10.1578786209,7.65656729648,-2.50131132442
327,10.1532382748,5.63140312133,-4.52183515345
438,10.1145483842,4.00601922882,-6.10852915539
426,10.1096870243,4.17860331052,-5.93108371375
182,10.0797827688,8.21432473065,-1.8654580382
414,10.0054201434,0.0,-10.0054201434
316,10.0053971432,1.01982083187,-8.98557631129
447,9.99116617895,3.99957374495,-5.991592434
103,9.97860885562,6.73311696373,-3.24549189188
194,9.96996047981,1.7221213394,-8.24783914041
44,9.96402758468,4.85497379133,-5.10905379334
672,9.94788279562,2.54384903776,-7.40403375787
349,9.92514370047,4.37539443877,-5.54974926171
224,9.92220732906,6.43159444703,-3.49061288204
300,9.90697230029,2.91440485698,-6.99256744331
333,9.87584170728,1.82300694002,-8.05283476726
264,9.81804843043,7.19578156465,-2.62226686578
211,9.81729459504,4.38648482831,-5.43080976673
318,9.79732177971,2.89344292325,-6.90387885646
470,9.79663509091,3.15441124571,-6.64222384519
192,9.7329182384,4.57249816523,-5.16042007317
296,9.72761910119,3.97865113398,-5.74896796721
277,9.69127170088,1.27938528353,-8.41188641735
155,9.67457581044,5.61094646765,-4.06362934278
469,9.61557129843,4.4110416592,-5.20452963923
90,9.58883651378,7.56185182248,-2.0269846913
51,9.52094847524,0.605983873954,-8.91496460129
105,9.48782789065,3.70182071992,-5.78600717074
623,9.43517984593,2.95091782869,-6.48426201725
509,9.41813610245,5.2348851479,-4.18325095455
255,9.40410476413,5.82732072707,-3.57678403706
459,9.34356708895,1.27292762572,-8.07063946323
384,9.33735785974,2.30777697999,-7.02958087974
368,9.32930938664,5.15539775623,-4.17391163041
160,9.28924090603,4.8956918824,-4.39354902363
594,9.26992520473,0.97163009663,-8.2982951081
614,9.2240710929,3.75655501189,-5.46751608101
242,9.21919740722,5.11307234929,-4.10612505792
65,9.20737935688,1.92152257148,-7.2858567854
365,9.19945106815,4.69308526098,-4.50636580718
207,9.1958003663,2.54301412607,-6.65278624023
245,9.15198665358,3.14197128647,-6.01001536712
171,9.140211995,3.58200529049,-5.5582067045
294,9.11340822126,1.36431820474,-7.74909001652
181,9.04497256719,4.29623698669,-4.7487355805
366,9.00730081558,3.49126679886,-5.51603401672
454,8.99082238864,0.0,-8.99082238864
190,8.98165139184,2.99478290763,-5.98686848421
643,8.97700801843,1.12820404375,-7.84880397468
649,8.93882892843,3.65642170292,-5.28240722551
130,8.91631032943,4.86856724239,-4.04774308705
599,8.91335471993,2.64108744359,-6.27226727634
622,8.8548095099,4.35505641376,-4.49975309614
457,8.82290002045,4.23275909488,-4.59014092557
610,8.81737399306,4.79943540735,-4.01793858571
191,8.8158257987,5.29703810839,-3.51878769031
119,8.77746437667,4.90646244027,-3.8710019364
33,8.75576549096,2.37978634234,-6.37597914862
367,8.73615624135,4.67171237928,-4.06444386207
487,8.73009086285,0.0,-8.73009086285
48,8.71743650507,4.2677499046,-4.44968660047
244,8.70499243223,2.2709106162,-6.43408181603
253,8.6599049757,3.47405825509,-5.18584672061
589,8.62604647015,3.51107841774,-5.11496805241
421,8.61665340265,0.0,-8.61665340265
280,8.60851470598,3.1171703662,-5.49134433978
590,8.58743666011,4.19614200846,-4.39129465165
185,8.54582417444,0.0,-8.54582417444
91,8.53486429588,4.56004984135,-3.97481445453
455,8.53265423751,1.99223404152,-6.54042019598
416,8.49516180062,2.73526009793,-5.75990170269
334,8.45819251124,4.19818363734,-4.2600088739
329,8.28494916043,4.08438606452,-4.20056309591
418,8.27672004124,1.68374567548,-6.59297436577
107,8.27177282341,4.59551252121,-3.67626030219
230,8.25624846303,2.05969506815,-6.19655339488
114,8.23237784142,3.00680966149,-5.22556817993
680,8.21092197433,3.08391541472,-5.12700655961
111,8.19648298537,3.29060106138,-4.905881924
183,8.1861023177,2.54501204902,-5.64109026867
95,8.18349277687,1.36748794575,-6.81600483112
420,8.05896153045,0.658871819899,-7.40008971055
359,8.05240262258,2.31040464892,-5.74199797366
534,8.05237653169,0.810335121204,-7.24204141048
288,7.99220289752,3.89666620302,-4.0955366945
560,7.94463696667,4.57909136979,-3.36554559688
196,7.87126323961,5.68055329735,-2.19070994226
206,7.84690580092,3.63330862391,-4.213597177
661,7.84465381864,4.69059161647,-3.15406220216
189,7.83981845731,1.66790223938,-6.17191621793
101,7.8270370334,6.00543556213,-1.82160147126
76,7.81059950599,5.11055514856,-2.70004435743
243,7.78608507718,1.71434668585,-6.07173839133
292,7.78403692417,0.0,-7.78403692417
167,7.75053316879,6.22795843482,-1.52257473398
121,7.74703291398,2.63123934061,-5.11579357337
208,7.72433274101,3.29954906111,-4.4247836799
161,7.69559139779,2.974053498,-4.7215378998
569,7.65077261825,2.57259183681,-5.07818078143
324,7.6506841347,1.32905192295,-6.32163221175
74,7.64342705351,4.4155487527,-3.22787830082
602,7.63776018916,3.55714743862,-4.08061275054
223,7.58295598086,2.10376447028,-5.47919151058
510,7.57691343487,2.92897382574,-4.64793960913
61,7.53324445907,1.76517950243,-5.76806495665
557,7.48881718931,4.47566125671,-3.0131559326
219,7.48352052445,0.101157437652,-7.3823630868
108,7.46613649237,2.87417713112,-4.59195936124
94,7.46225061296,2.63265182181,-4.82959879115
195,7.45301404054,4.0059245718,-3.44708946874
504,7.44676218291,3.68641537716,-3.76034680575
120,7.42569790598,2.68719727358,-4.7385006324
62,7.42132143136,1.43812271561,-5.98319871575
66,7.39508007973,0.561585793107,-6.83349428662
173,7.37498579542,4.33494336632,-3.0400424291
205,7.37470779647,5.39477887637,-1.9799289201
43,7.3567644973,3.59386651519,-3.76289798211
123,7.34264944073,3.26899819778,-4.07365124295
642,7.33465282914,3.01160871164,-4.3230441175
237,7.27002089373,3.79959427932,-3.47042661441
218,7.25478746434,3.68088557707,-3.57390188727
603,7.23031961053,4.30068772785,-2.92963188268
486,7.20858894121,3.29886498228,-3.90972395893
98,7.17195304378,4.95837938896,-2.21357365482
137,7.16569088294,5.37924090419,-1.78644997875
342,7.11974823118,1.2914689092,-5.82827932199
129,7.11709450556,5.08720534852,-2.02988915703
200,7.10416935398,2.33354221203,-4.77062714195
588,7.08725145834,2.17703670044,-4.9102147579
513,7.08109760688,3.61182313466,-3.46927447221
500,7.05089708072,3.77685703525,-3.27404004547
313,7.03241457086,2.85841594525,-4.17399862562
653,7.02818436824,4.1019617325,-2.92622263574
260,7.01946293874,2.91607559537,-4.10338734337
69,6.998595994,2.8407649101,-4.15783108391
259,6.97850774149,2.83018646268,-4.14832127881
170,6.96910152887,2.68367157944,-4.28542994943
162,6.95857305704,3.13138311834,-3.8271899387
88,6.95578243018,3.7719659227,-3.18381650748
303,6.94254843584,2.22100403689,-4.72154439895
104,6.91622796877,2.60675863579,-4.30946933298
227,6.91099016807,1.31508237354,-5.59590779453
427,6.91073732467,1.94823190533,-4.96250541934
97,6.90919512874,1.74763436573,-5.16156076301
169,6.85764593018,2.21253167101,-4.64511425917
165,6.84468277384,3.12623743197,-3.71844534187
322,6.82652316617,2.88421671119,-3.94230645497
247,6.81431606284,2.03553764222,-4.77877842062
609,6.79344292741,0.393029693325,-6.40041323408
93,6.7875767393,5.25533932589,-1.5322374134
233,6.78236045564,1.66315476219,-5.11920569345
473,6.76060359584,0.332975546763,-6.42762804908
226,6.73919589271,3.14056073108,-3.59863516163
585,6.69619905241,4.22745356972,-2.46874548269
39,6.69611780972,2.70141280719,-3.99470500254
72,6.68945736276,3.23702195839,-3.45243540437
60,6.68019385804,3.41011234469,-3.27008151335
250,6.67438985735,4.63009235673,-2.04429750062
115,6.65832051272,1.25970760044,-5.39861291228
215,6.64704092035,1.88335149459,-4.76368942576
45,6.64392078657,2.54964828565,-4.09427250092
573,6.62547374265,1.54944831372,-5.07602542893
156,6.61962902147,4.87517392615,-1.74445509532
221,6.59735582392,1.20401713224,-5.39333869168
112,6.55384343559,4.26604471225,-2.28779872334
565,6.55193232401,3.20677238917,-3.34515993484
164,6.53242726326,1.3281108527,-5.20431641056
514,6.47581603866,3.08388568702,-3.39193035164
154,6.47209204455,3.31802297202,-3.15406907253
575,6.46968984423,1.40708782374,-5.06260202049
73,6.39853419697,1.92886971752,-4.46966447944
535,6.34528543136,2.9941630518,-3.35112237956
577,6.31199796231,3.08323036172,-3.22876760059
681,6.29857959654,0.350283746769,-5.94829584977
567,6.29331821394,4.20454805896,-2.08877015498
251,6.27013668098,1.31390256376,-4.95623411722
515,6.2655118083,1.41825148069,-4.84726032761
263,6.19836261711,1.32740652382,-4.87095609329
153,6.15047017251,1.89083162385,-4.25963854866
34,6.13032252724,1.24341181549,-4.88691071174
331,6.1233679661,0.0865251580324,-6.03684280807
450,6.10571150538,2.05326737583,-4.05244412955
301,6.09892231909,1.80258993033,-4.29633238876
591,6.08919727789,2.96654699065,-3.12265028723
556,6.08080844494,2.43039722692,-3.65041121803
209,6.07143470363,0.258374227148,-5.81306047648
654,6.05769987263,3.53107156564,-2.526628307
456,6.04636157113,1.84690125343,-4.19946031769
159,5.9619022192,3.40950505788,-2.55239716132
256,5.91550026401,1.62514016072,-4.29036010329
86,5.9087931184,0.967608077378,-4.94118504102
423,5.84131587384,0.0,-5.84131587384
87,5.83597300881,1.36629985881,-4.46967315
309,5.82495180583,0.00114272243932,-5.82380908339
79,5.80876083377,0.496785768181,-5.31197506559
140,5.78736556603,1.68122150818,-4.10614405785
92,5.78271223867,2.68967519555,-3.09303704312
177,5.78097912501,3.35265459408,-2.42832453093
126,5.77873042313,4.05634005375,-1.72239036938
604,5.77313749036,3.29431981159,-2.47881767877
36,5.72540443011,3.81713478829,-1.90826964182
605,5.70042045176,1.92400104224,-3.77641940952
184a,5.69329129516,1.99713841455,-3.69615288061
248,5.68250210081,1.4900748492,-4.19242725161
203,5.66781284322,2.34138930886,-3.32642353437
678,5.65533119389,3.27850817662,-2.37682301727
102,5.6475300713,3.1119257506,-2.5356043207
378,5.57021906894,0.58475535039,-4.98546371855
601,5.56217788442,0.0343484533763,-5.52782943105
257,5.55656499931,1.47916305057,-4.07740194874
157,5.54785395485,3.96960671865,-1.5782472362
84,5.54301909273,2.30506861493,-3.2379504778
56,5.51374850041,2.42736545218,-3.08638304823
100,5.48855571343,2.48585077545,-3.00270493798
54,5.48294198698,3.86637290128,-1.6165690857
124,5.46310876692,2.93433041853,-2.52877834839
559,5.43335041966,2.09303858907,-3.3403118306
188,5.42349618935,0.543940404301,-4.87955578505
608,5.4186737047,1.82800368317,-3.59067002153
652,5.41619451142,3.0364742849,-2.37972022652
617,5.33162908142,0.901838085852,-4.42979099557
78,5.32368812656,1.14282441167,-4.1808637149
520,5.29919196417,2.54329461867,-2.7558973455
524,5.29244430699,2.47786566166,-2.81457864534
212,5.22652153326,2.21579275503,-3.01072877824
178,5.22044769775,1.08757838781,-4.13286930994
507,5.16780348552,2.29451488621,-2.87328859931
563,5.11787917023,1.59053406566,-3.52734510457
581,5.11329981001,1.76394515314,-3.34935465687
502,5.10327056883,1.66537737699,-3.43789319184
338,5.09496783564,1.37841789903,-3.71654993661
307,5.08161370792,0.0,-5.08161370792
561,5.06213438664,0.828461405119,-4.23367298152
174,5.05682416764,2.72144543753,-2.33537873012
298,5.04315875613,1.56107981353,-3.4820789426
496,4.9887953281,0.877274226803,-4.11152110129
217,4.96185942987,0.0,-4.96185942987
220,4.94675196271,0.78368197474,-4.16306998797
553,4.90846340083,2.77077684268,-2.13768655815
501,4.90227969348,3.11235361354,-1.78992607994
158,4.88866806354,2.23493900657,-2.65372905696
163,4.88508603947,1.69284475543,-3.19224128404
279,4.87715489871,0.817508209051,-4.05964668966
197,4.86610295602,2.38298755173,-2.48311540429
38,4.84864384495,0.0,-4.84864384495
551,4.80206989943,2.85563345653,-1.9464364429
57,4.79043060703,1.57394442498,-3.21648618204
134,4.7367005437,1.18867368312,-3.54802686057
198,4.65585381244,2.60148613527,-2.05436767717
586,4.59698699872,3.41325275235,-1.18373424638
125,4.58956062067,1.18454982567,-3.40501079499
71,4.58566736522,1.23206772274,-3.35359964247
239,4.57693282728,1.37587478399,-3.20105804329
578,4.54115633903,1.87011608041,-2.67104025861
42,4.53615740942,1.77315478027,-2.76300262914
525,4.51591514924,2.76877288787,-1.74714226137
40,4.51455299913,1.67611829511,-2.83843470402
519,4.4906490468,2.23020582491,-2.26044322188
128,4.47968892574,0.0,-4.47968892574
175,4.45318755508,1.82428537688,-2.6289021782
180,4.40494709606,1.57890766999,-2.82603942607
679,4.35425490219,0.0307772177268,-4.32347768446
646,4.30084312708,0.571843568867,-3.72899955821
41,4.28767595021,1.56184777004,-2.72582818017
138,4.24181852532,1.39149679633,-2.85032172898
570,4.22577305487,1.94522628921,-2.28054676567
497,4.20930300529,3.70656250128,-0.502740504012
261,4.1989954782,1.68157225145,-2.51742322675
50,4.18807682157,0.978745057022,-3.20933176454
315,4.15888089202,1.29777377656,-2.86110711546
596,4.15018956322,2.39881411008,-1.75137545314
530,4.14183675149,4.13061931145,-0.0112174400409
96,4.11002857847,1.34561783449,-2.76441074398
53,4.09422193087,0.0,-4.09422193087
179,4.07011888421,2.14984477399,-1.92027411023
127,4.06622783124,1.50608546858,-2.56014236266
55,4.03938832141,2.0654843484,-1.97390397301
67,3.9835104463,1.53391812454,-2.44959232176
37,3.94747922828,1.1708267897,-2.77665243858
494,3.93004135043,0.82037352918,-3.10966782125
116,3.9178492097,0.0,-3.9178492097
498,3.91512120448,1.17807028694,-2.73705091753
554,3.91205257517,0.984594253556,-2.92745832161
228,3.8870003938,2.60945335938,-1.27754703442
508,3.85457812072,2.36131103769,-1.49326708303
568,3.82357685304,1.69959921403,-2.12397763901
131,3.82141365803,1.79560742834,-2.02580622969
32,3.76494399794,0.0,-3.76494399794
593,3.60210150597,2.02428079028,-1.57782071569
122,3.60025163458,0.677896801998,-2.92235483259
598,3.58967796877,2.46080981824,-1.12886815053
299,3.57587107548,1.51535609107,-2.0605149844
503,3.48951599841,1.00962012737,-2.47989587104
518,3.46931405348,1.65731872953,-1.81199532395
235,3.4510061561,2.06686636227,-1.38413979382
516,3.42400654658,1.60007957181,-1.82392697476
562,3.34296133327,2.20544776658,-1.13751356669
566,3.32995940191,1.55243514113,-1.77752426078
136,3.25492262789,0.827192025494,-2.4277306024
499,3.23583813917,1.29199278478,-1.94384535439
583,3.23463202088,1.23099731204,-2.00363470885
202,3.21500054332,1.48219977342,-1.73280076991
521,3.07122212271,2.29940225121,-0.771819871505
606,3.00545856248,1.95264963994,-1.05280892254
517,2.96159297517,1.41940046904,-1.54219250613
558,2.9410781361,0.157119632838,-2.78395850326
85,2.94092425881,1.14389827758,-1.79702598123
225,2.93206290868,0.0,-2.93206290868
199,2.92583282945,0.962722647473,-1.96311018197
597,2.92039876074,1.15110859228,-1.76929016846
89,2.8743613857,0.6378239378,-2.2365374479
527,2.85744435825,0.894907387039,-1.96253697121
139,2.76474214537,0.0,-2.76474214537
595,2.76417910658,0.0,-2.76417910658
564,2.72732984667,0.651376073001,-2.07595377367
580,2.67720855436,2.14239287337,-0.534815680995
262,2.66820689502,0.0,-2.66820689502
505,2.64221880082,2.09354657905,-0.548672221767
548,2.61317378075,1.0015416331,-1.61163214765
543,2.60612925905,0.978443928593,-1.62768533046
582,2.5121996197,1.14319612817,-1.36900349153
59,2.49664610757,0.98616954108,-1.51047656649
579,2.46807402315,0.478585649722,-1.98948837343
574,2.46472667574,0.265777344937,-2.19894933081
83,2.46199837999,2.0181815864,-0.443816793589
584,2.37331108659,0.401489220914,-1.97182186568
58,2.33827244048,0.392620050308,-1.94565239017
528,2.31612603631,1.62340572753,-0.692720308781
193,2.27254550129,0.117748792571,-2.15479670872
68,2.17131577328,0.0,-2.17131577328
587,2.16365342605,0.69587268355,-1.4677807425
201,2.09223919493,0.192720400067,-1.89951879486
52,2.08007424914,0.545119526606,-1.53495472253
555,2.04046975605,1.10504732317,-0.935422432876
495,2.02987554836,0.932242372434,-1.09763317593
184,2.00296911374,0.0,-2.00296911374
532,1.99277450599,1.46838537658,-0.524389129415
544,1.93213784823,1.00490926563,-0.927228582604
35,1.85858029742,0.0,-1.85858029742
576,1.77519426581,1.01525266548,-0.759941600336
531,1.71697376606,1.44283440276,-0.274139363299
526,1.71507321483,1.50374684762,-0.211326367211
533,1.68515761163,1.54807253609,-0.137085075538
549,1.62354264706,0.420222638465,-1.20332000859
571,1.56562241548,0.317950801923,-1.24767161356
522,1.56341935409,0.876493803736,-0.686925550357
176,1.43028389266,0.0,-1.43028389266
506,1.41931911911,0.869802786728,-0.549516332383
511,1.37397004646,0.572531404043,-0.80143864242
540,1.36444583312,1.08274848825,-0.281697344868
547,1.3132336039,1.3132336039,0.0
538,1.30538942336,0.640843430511,-0.664545992854
523,1.30391030629,0.0,-1.30391030629
536,1.28445034887,1.19281685864,-0.0916334902311
572,1.28288769743,0.456034331943,-0.826853365489
545,1.02710085658,0.350627935207,-0.676472921376
546,0.959008489893,0.119873620805,-0.839134869088
552,0.94972830044,0.0,-0.94972830044
592,0.920348510077,0.207987563827,-0.71236094625
537,0.580195329834,0.442769108647,-0.137426221188
542,0.580047631812,0.0,-0.580047631812
529,0.515739513613,0.370073810519,-0.145665703093
541,0.51087380686,0.0,-0.51087380686
539,0.490458838166,0.227262627287,-0.263196210879
550,0.42128171452,0.0,-0.42128171452
