site,abs_diffsel,positive_diffsel,negative_diffsel
613,36.8489321341,36.8489321341,0.0
492,25.3487759447,15.2145624749,-10.1342134698
509,22.7475919752,15.374665399,-7.37292657623
485,22.0318617704,6.60767673024,-15.4241850401
512,21.9765265034,21.5759849793,-0.400541524115
484,21.1421981119,9.62351684355,-11.5186812684
406,19.005565548,10.0078008705,-8.99776467751
463,18.9622037388,9.40911933471,-9.55308440408
490,17.9664043505,0.365686244871,-17.6007181056
594,17.5821403788,1.26784835055,-16.3142920282
513,17.5200773469,8.85509199785,-8.6649853491
611,17.4822004718,16.2978046355,-1.18439583635
590,17.2680934162,5.25233937499,-12.0157540412
504,17.1121108294,8.13055379838,-8.98155703105
425,16.8294065789,5.11215351758,-11.7172530613
388,16.8174408459,6.03231817906,-10.7851226668
399,16.5983681325,7.33408113161,-9.26428700093
386,16.4519174538,7.52461521961,-8.92730223421
398,16.3087638125,5.05799173382,-11.2507720786
410,16.3082931323,5.53193188793,-10.7763612443
397,16.2409002873,7.85148175612,-8.38941853116
395a,15.9942180639,3.94717613824,-12.0470419256
491,15.7979051769,10.7702857989,-5.02761937805
389,15.7289073724,4.66050876133,-11.068398611
407,15.6113105496,5.84774766141,-9.7635628882
392,15.5428322332,4.28615463643,-11.2566775967
394,15.2749589676,4.22028809233,-11.0546708753
462,15.2233623082,4.0795186782,-11.14384363
612,15.0287855914,8.59201691645,-6.43676867498
534,15.0079617088,6.8508062718,-8.15715543695
448,14.8627049494,5.2197722115,-9.64293273792
408,14.6253890068,7.85567698636,-6.7697120204
648,14.550525465,12.89849638,-1.65202908492
575,14.2924638171,4.9759023413,-9.31656147584
637,14.2110366279,10.2471525974,-3.96388403052
647,14.1651757952,12.1578266272,-2.00734916801
559,14.0188797258,8.18557959111,-5.8333001347
510,14.0121467114,5.5138203631,-8.49832634826
240,13.981767468,6.78626924229,-7.19549822571
634,13.9202179706,12.5968959295,-1.3233220411
569,13.8638227112,8.38651748821,-5.47730522302
461,13.7965032308,6.21519962799,-7.58130360284
465,13.7499111116,2.82022728597,-10.9296838256
400,13.7343757085,5.59280152274,-8.14157418572
395,13.6707937866,10.163691766,-3.50710202059
440,13.6473654684,6.74338730253,-6.90397816584
232,13.6452755937,5.62892785917,-8.01634773457
481,13.3255877729,8.21262744842,-5.11296032446
374,13.1323663886,3.2388486585,-9.89351773013
483,13.0880881349,4.84625130739,-8.24183682748
464,13.0398290562,5.30514248642,-7.73468656979
557,12.9715262084,3.43943228134,-9.53209392705
417,12.9257354457,6.94841664916,-5.97731879654
588,12.8331942898,2.87545225118,-9.95774203866
412,12.7129617964,4.10790392798,-8.60505786843
471,12.6618668656,4.02781826377,-8.63404860186
488,12.6041020534,4.62567801266,-7.97842404074
476,12.5536912556,8.36721596776,-4.18647528779
507,12.506323985,2.96021138728,-9.54611259773
396,12.453786825,4.80310611682,-7.65068070823
414,12.4192121523,7.57030921442,-4.84890293786
432,12.3822826346,7.28513653901,-5.09714609554
636,12.3114743204,7.14224352764,-5.16923079277
524,12.2792816089,1.99480440713,-10.2844772018
393,12.2607596101,7.01378728464,-5.2469723255
442,12.2575176242,2.10505726426,-10.15246036
413,12.1796114251,4.36889461884,-7.8107168063
500,12.171534741,3.89813271141,-8.27340202957
433,12.1009553447,1.26096237054,-10.8399929742
453,12.0856512275,7.17701228204,-4.90863894547
702,11.9524416082,2.27333914096,-9.67910246726
429,11.9511081846,4.21174462092,-7.73936356367
644,11.9084559278,8.21937448834,-3.68908143949
372,11.9034205959,4.49230093038,-7.41111966554
621,11.8828391488,6.60817861737,-5.27466053144
496,11.828049114,5.8355323711,-5.99251674287
238,11.7545580033,6.84275028394,-4.9118077194
439,11.6917229215,5.14374022992,-6.54798269162
474,11.6620698107,4.12763456436,-7.53443524635
514,11.6566739167,8.6873991956,-2.96927472113
596,11.6490233215,1.81226560752,-9.83675771396
502,11.6151143688,3.84785424697,-7.76726012187
373,11.614256583,6.01456122161,-5.59969536137
595,11.5228847201,5.73540532583,-5.78747939427
411,11.5130598942,2.62351984391,-8.88954005028
684,11.4848006646,4.38976203166,-7.09503863296
460,11.4614534097,5.03735872606,-6.42409468366
620,11.456328997,5.18715373092,-6.26917526605
434,11.4293475187,3.35920886123,-8.07013865751
585,11.4213652946,6.01640430806,-5.40496098657
444,11.3764521515,6.03711387219,-5.33933827929
589,11.3353007564,3.58792327502,-7.74737748143
391,11.3227029457,6.33315298268,-4.98954996301
561,11.2707093586,3.86433222904,-7.40637712951
362,11.2328721723,4.0992624548,-7.1336097175
633,11.1921120285,5.15867274703,-6.03343928149
354,11.1482251712,4.5564193612,-6.59180580997
508,11.0986140445,5.28024538926,-5.81836865522
668,11.0884909727,5.92207963677,-5.16641133593
431,11.0685111284,5.99810153465,-5.07040959375
468,11.0615464915,7.11428134253,-3.94726514893
441,11.0488453504,4.99613721489,-6.05270813549
487,10.9531829081,4.33007659581,-6.62310631231
335,10.9413038983,4.00155597243,-6.93974792592
469,10.905450432,7.05210755937,-3.85334287267
234,10.803481595,3.66231152539,-7.14117006963
360,10.7945861679,5.4809941633,-5.31359200459
553,10.7514916943,6.3373175182,-4.41417417606
515,10.7271832032,0.736653294139,-9.99052990908
293,10.6228250428,1.51107461374,-9.11175042905
563,10.622408151,7.29867781957,-3.32373033146
695,10.6190829997,3.1422874828,-7.4767955169
478,10.6034218535,3.13231421493,-7.4711076386
600,10.5624462206,4.3242201383,-6.23822608231
493,10.5375774413,3.77402917708,-6.76354826417
375,10.5155504721,2.58784172515,-7.92770874693
694,10.4450341188,4.70197050607,-5.74306361269
231,10.4366592013,5.65187980696,-4.78477939435
700,10.4120937649,5.82665564505,-4.58543811984
565,10.4072350119,2.51020883221,-7.89702617974
572,10.3765121572,7.66728884119,-2.70922331597
486,10.3699929008,1.51154836661,-8.85844453417
409,10.3561235559,3.90290472585,-6.45321883003
573,10.3537404671,4.72998676963,-5.62375369747
639,10.3354212792,9.15397315654,-1.18144812264
419,10.3300013166,5.79742858422,-4.53257273241
436,10.3234277147,2.53708071561,-7.78634699906
503,10.2225439114,6.01882020383,-4.20372370752
82,10.2214383595,4.76783384186,-5.4536045176
330,10.2168506698,7.08541394876,-3.13143672099
482,10.1779233223,1.88457496755,-8.2933483548
385,10.170211482,5.38914430653,-4.78106717544
520,10.1630355669,3.17961450698,-6.98342105988
356,10.1600629097,3.88336727436,-6.27669563535
428,10.1372205363,3.75007398224,-6.38714655403
632,10.0804337046,4.12388069058,-5.95655301401
574,10.0750663105,4.60450505257,-5.4705612579
141,10.0298207877,4.96842461237,-5.06139617532
498,10.0114976646,6.40620742873,-3.60529023591
518,10.0022617017,7.36570515703,-2.63655654468
663,9.98697274855,4.44091941857,-5.54605332998
581,9.94682183857,3.19011038006,-6.75671145851
479,9.88468268759,1.69127117773,-8.19341150986
351,9.88157803665,5.00476461939,-4.87681341726
236,9.86221863459,3.02083835233,-6.84138028226
657,9.81780419054,6.66380464735,-3.15399954319
347,9.80570769894,4.55029772368,-5.25540997526
577,9.77339021037,0.0,-9.77339021037
304,9.73664414384,3.76087089586,-5.97577324798
269,9.72256292809,1.93263636121,-7.78992656689
348,9.69784619274,2.08517678063,-7.61266941211
619,9.63691079511,4.15585397372,-5.48105682139
430,9.62911961359,2.2344457535,-7.39467386009
489,9.58070168739,3.02337119775,-6.55733048964
77,9.57893045884,4.84230298122,-4.73662747762
570,9.53459953771,5.16839692804,-4.36620260968
696,9.4733571166,4.40814743769,-5.0652096789
443,9.43777204144,4.81885792556,-4.61891411588
670,9.40855117535,3.913928142,-5.49462303336
630,9.39745895752,4.7853725236,-4.61208643393
473,9.37159637286,4.22949307783,-5.14210329503
467,9.37011686943,4.52636295221,-4.84375391722
383,9.36418842976,4.4343406214,-4.92984780836
325,9.36372174764,3.35643899096,-6.00728275667
268,9.35468908748,3.4303241921,-5.92436489538
209,9.33165319347,3.45317390721,-5.87847928627
241,9.33130277385,4.53927394143,-4.79202883242
656,9.32860913104,5.45591100659,-3.87269812445
323,9.32117536539,3.53378275932,-5.78739260607
355,9.29542817373,4.32404370031,-4.97138447342
271,9.2935830076,3.73051770491,-5.56306530269
295,9.27214065021,2.48728647807,-6.78485417214
698,9.25467777381,3.49041138836,-5.76426638545
289,9.20833348519,4.03016427248,-5.17816921271
659,9.20562908176,3.95560625438,-5.25002282738
305,9.19801066667,1.99457901048,-7.20343165618
641,9.18649294452,4.70993051426,-4.47656243026
321,9.1262299083,3.08482667443,-6.04140323386
616,9.10616083782,3.6563736368,-5.44978720101
320,9.08256180673,4.27437153372,-4.80819027301
142,9.07220916476,1.86488184136,-7.2073273234
451,9.04141550563,6.36366150524,-2.67775400039
387,9.02328353679,3.98350454912,-5.03977898768
624,9.02181484848,2.70190712166,-6.31990772682
328,9.01522291105,2.90943997481,-6.10578293624
501,9.01468451507,4.5773845141,-4.43730000096
316,9.01280189262,2.43642731959,-6.57637457302
384,9.004397975,4.35271501537,-4.65168295964
495,8.99298932399,4.82616395265,-4.16682537133
184a,8.99207393482,5.20192133082,-3.790152604
186,8.94568494336,4.9879888085,-3.95769613486
494,8.93910036789,2.38456777591,-6.55453259198
363,8.89069850361,2.24145068558,-6.64924781803
580,8.88905734155,5.2783607311,-3.61069661045
306,8.87272176305,5.94604436584,-2.92667739721
275,8.86100239705,5.57312142012,-3.28788097694
276,8.82348790428,4.82355115121,-3.99993675306
435,8.82332860447,2.80031394336,-6.0230146611
242,8.81613656919,5.0264603535,-3.78967621569
692,8.78674776243,1.51968288872,-7.26706487371
665,8.77331846612,3.0980595639,-5.67525890221
655,8.77234046915,5.58302714906,-3.18931332009
184b,8.77044632629,1.80564764688,-6.96479867941
346,8.74592364784,4.77324477618,-3.97267887167
152,8.72824656882,4.36263382319,-4.36561274563
699,8.72427801584,5.01698882437,-3.70728919147
166,8.70501563429,4.36188230345,-4.34313333084
618,8.69580144422,3.16015893486,-5.53564250935
343,8.69336596156,2.23614888885,-6.45721707271
691,8.67505556952,2.13510755045,-6.53994801907
216,8.66639491335,4.03466382976,-4.6317310836
415,8.64723208678,2.48978166284,-6.15745042394
213,8.64599620289,3.3524716798,-5.29352452309
211,8.64468724033,3.86859659756,-4.77609064277
350,8.62686332584,3.60935862331,-5.01750470253
207,8.61804722136,3.35583308562,-5.26221413574
267,8.6109096904,2.42882167319,-6.18208801721
377,8.59471960057,4.55947770581,-4.03524189477
676,8.59326248313,5.24935434316,-3.34390813996
560,8.56776040983,3.75446239537,-4.81329801446
558,8.56444198532,5.28084824875,-3.28359373657
651,8.54856225913,5.27533893545,-3.27322332368
340,8.54161454172,3.54813162986,-4.99348291186
194,8.51344820405,4.32055627596,-4.19289192809
200,8.50587826623,5.22343921174,-3.28243905449
480,8.4992201158,4.09337080758,-4.40584930822
686,8.49444161536,4.84936347504,-3.64507814033
381,8.4796711244,4.50731116283,-3.97235996157
671,8.45630746116,4.45394850373,-4.00235895743
579,8.45598510446,3.14593957337,-5.31004553109
662,8.44951777355,3.37920257573,-5.07031519782
357,8.44172536479,3.08970991343,-5.35201545137
255,8.39323754939,0.0,-8.39323754939
628,8.38794936526,3.08569874416,-5.3022506211
190a,8.38227092856,3.48580608549,-4.89646484306
446,8.3641834512,2.17426318844,-6.18992026276
578,8.34620942088,2.5115072922,-5.83470212868
168,8.34361038334,3.49203661788,-4.85157376546
591,8.3284065163,4.58143351379,-3.74697300251
416,8.3206969501,3.76697700755,-4.55371994255
210,8.28905328686,0.885502145473,-7.40355114139
185,8.28487943703,5.70723854645,-2.57764089058
281,8.26312328052,5.04505205021,-3.21807123032
567,8.21411311503,0.507167696797,-7.70694541823
701,8.19762748512,3.95638663683,-4.2412408483
84,8.1889376092,4.77326611848,-3.41567149073
458,8.11974430791,4.64966610456,-3.47007820335
681,8.10338492248,4.95454617494,-3.14883874754
190,8.0952521059,2.85165194242,-5.24360016348
266,8.09514948669,5.30498001609,-2.7901694706
221,8.07917400545,1.5076533028,-6.57152070265
165,8.05827894277,3.63139596484,-4.42688297793
353,8.05392851568,4.33681652998,-3.71711198571
229,8.02996742611,2.27766332074,-5.75230410537
245,8.02305954176,2.32108312417,-5.70197641758
282,8.00390382625,2.39465355413,-5.60925027212
344,8.00050904341,1.59096280203,-6.40954624139
629,7.97427966186,2.54201832045,-5.43226134141
332,7.93998135508,4.10476530392,-3.83521605116
254,7.92670000948,2.28154986525,-5.64515014422
318,7.91936201549,1.97425952562,-5.94510248987
426,7.90014829471,1.43876847454,-6.46137982016
554,7.89872473152,2.6509750902,-5.24774964132
674,7.8859808349,1.06099480355,-6.82498603135
252,7.86981510845,1.30338993902,-6.56642516942
543,7.83115992803,3.51042470688,-4.32073522115
81,7.81888028232,3.98124785559,-3.83763242672
274,7.80935107455,3.05621000502,-4.75314106953
189,7.80612514445,4.42702854916,-3.37909659528
597,7.77101508087,3.96656290362,-3.80445217724
270,7.76296818017,2.96625452742,-4.79671365275
63,7.74475270649,5.18861633241,-2.55613637408
528,7.71949939798,4.79895235427,-2.9205470437
658,7.71528510369,4.40722730395,-3.30805779974
454,7.70003792623,3.71025017166,-3.98978775457
477,7.6982615443,0.840282385613,-6.85797915869
475,7.69607574597,1.6635928505,-6.03248289547
249,7.69555334005,5.33394100948,-2.36161233057
65,7.69224500395,2.04851947384,-5.64372553011
664,7.6714015434,4.34683814258,-3.32456340082
614,7.66564993254,5.38993597976,-2.27571395278
287,7.64561088249,3.1766545284,-4.46895635409
250,7.62352747243,4.15497497254,-3.46855249989
438,7.55689590878,1.80231073631,-5.75458517247
697,7.53823131458,2.16085789428,-5.3773734203
447,7.53071849419,4.45988944238,-3.07082905181
206,7.49606945749,3.73575041293,-3.76031904456
445,7.49447262157,3.44213417705,-4.05233844453
80,7.45730817959,0.774761225954,-6.68254695363
341,7.43681704233,3.51019464368,-3.92662239865
358,7.39999166637,3.37775122097,-4.0222404454
290,7.3778143108,3.41176541845,-3.96604889235
422,7.37473846036,2.24663710127,-5.1281013591
294,7.36571044808,4.6026858671,-2.76302458098
642,7.35452340854,5.18567725166,-2.16884615688
285,7.34943816312,3.91559279955,-3.43384536357
151,7.34693774681,2.09099535773,-5.25594238907
336,7.34423341289,1.05908469673,-6.28514871616
680,7.3225039018,3.83156695959,-3.4909369422
277,7.30705935385,3.62026716931,-3.68679218454
638,7.30634426067,2.65883034183,-4.64751391883
317a,7.29908768721,3.18169755342,-4.11739013379
85,7.28441322482,6.67029180726,-0.614121417563
667,7.26243482814,2.52466234039,-4.73777248774
297,7.23337052503,4.54984830109,-2.68352222394
173,7.23207519709,4.09088731818,-3.14118787891
46,7.22790601691,1.61812290624,-5.60978311067
308,7.21648612747,3.47019417244,-3.74629195504
133,7.20186925142,1.66212116057,-5.53974809085
140,7.19920379144,5.06388046117,-2.13532333027
519,7.18740969816,3.53245807222,-3.65495162593
342,7.18101000451,3.68242372127,-3.49858628325
117,7.14227315982,2.31304393078,-4.82922922905
169,7.13422558717,3.65059656604,-3.48362902113
654,7.13018206734,4.08009116758,-3.05009089976
693,7.12520623341,4.04919063758,-3.07601559583
366,7.10167665455,3.26874521181,-3.83293144274
688,7.09741358267,2.6862053888,-4.41120819387
568,7.08715665019,0.0,-7.08715665019
690,7.06437929694,4.11072150337,-2.95365779357
246,7.05652682973,3.982932878,-3.07359395172
334,7.0476626463,4.72827259261,-2.31939005369
424,7.02784248565,2.31688824028,-4.71095424537
685,7.01817739419,1.50354878957,-5.51462860462
352,6.96006156379,1.30295917056,-5.65710239322
278,6.95465256486,1.16519100935,-5.78946155551
677,6.93008606728,4.69056140233,-2.23952466495
99,6.91144292946,2.57994920405,-4.33149372542
499,6.89666247408,3.6695737075,-3.22708876658
505,6.88964752954,1.9342048376,-4.95544269194
593,6.88883265559,1.86722340761,-5.02160924798
51,6.88193201956,2.5533483989,-4.32858362066
49,6.86659727097,2.46941879719,-4.39717847379
466,6.86300710582,0.751338828981,-6.11166827684
227,6.86032325949,4.28149263924,-2.57883062025
265,6.84606754599,2.05598300395,-4.79008454204
302,6.83942959287,3.4850179256,-3.35441166727
244,6.78907529072,3.91937385161,-2.86970143911
527,6.77836086542,1.31417245785,-5.46418840758
635,6.76669616455,3.87546656237,-2.89122960218
312,6.74775368291,1.79325135478,-4.95450232813
303,6.73341767911,3.43325977308,-3.30015790603
283,6.72629379156,3.70696528024,-3.01932851132
135,6.7115435075,3.65406008725,-3.05748342025
521,6.70919929265,1.98262351917,-4.72657577348
687,6.7030998402,3.36092276021,-3.34217707999
313,6.68955888228,4.14813399291,-2.54142488938
689,6.65040144135,3.26430901298,-3.38609242837
208,6.64691578145,2.47781671963,-4.16909906182
607,6.64138373795,4.42274124841,-2.21864248953
450,6.63731321861,4.33385154655,-2.30346167206
625,6.6355389102,1.50778198712,-5.12775692308
643,6.62677086801,2.92343442955,-3.70333643846
132,6.61709876404,3.21550671607,-3.40159204797
622,6.60194931641,2.79972243364,-3.80222688277
309,6.57546359171,4.04477533543,-2.53068825628
640,6.53624517614,3.18728527441,-3.34895990173
219,6.51010138058,1.04277836131,-5.46732301927
110,6.50902786712,3.19416554687,-3.31486232026
626,6.50070719004,1.15174279213,-5.34896439792
273,6.49329264193,1.17621923574,-5.31707340619
230,6.49039405016,1.27535026412,-5.21504378604
457,6.48659688785,1.81226531776,-4.67433157009
202,6.47950839662,3.51460740208,-2.96490099454
179,6.47779576784,4.92517795239,-1.55261781545
203,6.47608536345,4.07325100335,-2.4028343601
286,6.46907137236,1.8160639222,-4.65300745016
66,6.46487453976,1.6769973612,-4.78787717857
73,6.46011437115,4.21412728525,-2.2459870859
204,6.44301124867,0.823789548718,-5.61922169995
497,6.43749695373,3.15673887893,-3.2807580748
673,6.38119055438,2.43619374034,-3.94499681404
370,6.37666295728,3.11368403821,-3.26297891907
369,6.3747986413,2.06177376576,-4.31302487554
164,6.37167824013,2.19557253637,-4.17610570375
247,6.37063525962,4.24757555034,-2.12305970929
437,6.35041126506,0.839603202964,-5.5108080621
333,6.33770748872,3.77624886187,-2.56145862686
459,6.33476811012,1.47928394751,-4.8554841626
106,6.32742366294,1.55206118857,-4.77536247437
380,6.31521836363,2.15511527121,-4.16010309243
214,6.31099792102,2.68805638324,-3.62294153778
32,6.30406426355,1.98817702434,-4.31588723921
564,6.286206611,1.37153160538,-4.91467500562
222,6.27643597668,3.09542058911,-3.18101538757
74,6.27422850919,4.3869093691,-1.88731914009
551,6.270063542,4.22094132712,-2.04912221487
423,6.26572711932,4.30853295417,-1.95719416515
653,6.23227635935,4.2761125119,-1.95616384744
90,6.20393102077,2.76636005714,-3.43757096363
171,6.20015666651,0.699685616934,-5.50047104958
157,6.19570806214,3.50926702263,-2.68644103951
672,6.19452714838,1.64400684224,-4.55052030614
215,6.11550378424,2.20116300128,-3.91434078295
470,6.08049793682,3.05624478245,-3.02425315437
506,6.07177205495,1.72739500655,-4.34437704841
452,6.0579968393,1.72042005319,-4.33757678611
70,6.05265482372,1.12240436731,-4.93025045642
382,6.05213833097,1.55837569532,-4.49376263565
322,6.04552511247,3.63053115795,-2.41499395452
91,6.03366353527,3.38563365186,-2.64802988341
646,6.02641710834,3.48655395568,-2.53986315267
652,6.01604740513,2.37711695005,-3.63893045509
44,6.0043784941,3.56656181733,-2.43781667677
683,6.00063539232,1.98079768347,-4.01983770885
535,5.99511608428,0.950841997623,-5.04427408666
197,5.98758944251,2.49435953005,-3.49322991246
525,5.98689110064,2.78653422479,-3.20035687586
615,5.97569340171,3.04461239926,-2.93108100245
610,5.94756382896,3.91022586717,-2.03733796179
390,5.92972257871,1.58464756437,-4.34507501434
192,5.92616146727,4.11629365016,-1.8098678171
33,5.92277828541,3.4456044452,-2.47717384022
379,5.89709994884,2.87797609658,-3.01912385226
682,5.87308818238,2.64877419183,-3.22431399056
188,5.85715069008,1.94286361402,-3.91428707606
455,5.84488469831,1.37476844207,-4.47011625624
337,5.84102689175,2.72486801099,-3.11615888076
669,5.83793243426,0.924680004766,-4.91325242949
45,5.83194055495,2.86268100631,-2.96925954864
650,5.8257858464,3.08083329528,-2.74495255112
187,5.82220941486,0.610571476031,-5.21163793883
627,5.80195711705,1.08926036242,-4.71269675463
368,5.78891465731,3.19758944738,-2.59132520993
420,5.78443137936,2.59745216067,-3.18697921869
418,5.76486448918,3.06535579631,-2.69950869287
92,5.75643353357,1.27456804233,-4.48186549124
339,5.74782015289,2.61149028242,-3.13632987048
64,5.74406319163,1.87063222093,-3.8734309707
361,5.74149765716,2.22806271993,-3.51343493722
599,5.72175589591,3.77196893763,-1.94978695828
526,5.72164918355,5.72164918355,0.0
114,5.70854467266,2.97287090265,-2.73567377001
243,5.70210249681,3.62728591625,-2.07481658055
183,5.7008620541,1.00392294522,-4.69693910888
329,5.67807076269,2.98737703765,-2.69069372504
75,5.67029791939,3.55855378022,-2.11174413917
178,5.66461087202,0.97108379715,-4.69352707487
153,5.66272280121,2.17079273351,-3.4919300677
155,5.62052742272,0.410379579647,-5.21014784307
288,5.60976460734,2.46806613589,-3.14169847146
170,5.60112748429,1.79806764026,-3.80305984403
263,5.56645592309,3.03690391513,-2.52955200796
532,5.52662500119,5.26790429283,-0.258720708361
666,5.50768381909,2.12418014288,-3.38350367621
218,5.49662768656,2.26516709743,-3.23146058913
472,5.4932921168,2.19847685615,-3.29481526064
364,5.48599309641,3.03115800996,-2.45483508646
193,5.48233172222,3.40222920598,-2.08010251624
645,5.45342916569,2.15832003305,-3.29510913264
224,5.44843278561,3.47513747032,-1.97329531529
675,5.44375492197,0.854663343911,-4.58909157806
154,5.42314074691,4.17358022247,-1.24956052443
195,5.40275313244,3.36722116939,-2.03553196305
326,5.38617169983,1.75462961319,-3.63154208664
115,5.37756666558,3.21799365359,-2.15957301199
217,5.36973828994,1.22421450682,-4.14552378312
62,5.29033543782,2.68568606011,-2.60464937771
86,5.2833061926,1.81537024062,-3.46793595197
562,5.24055679457,2.49800608486,-2.74255070971
251,5.21790056135,2.02457588258,-3.19332467877
584,5.18410361477,1.14234060356,-4.04176301121
661,5.17724590888,2.02091007308,-3.1563358358
220,5.1707664525,2.39829581361,-2.77247063889
94,5.16818469133,0.942658676232,-4.2255260151
300,5.16551828813,0.89171440688,-4.27380388125
34,5.16162002793,2.06854042103,-3.0930796069
660,5.15317342674,1.54087176939,-3.61230165735
105,5.12753968621,1.50544682925,-3.62209285696
319,5.12376352028,1.33954783734,-3.78421568294
631,5.0899355128,1.74203769159,-3.34789782121
421,5.08914767871,0.822507313623,-4.26664036509
376,5.07229828796,2.85700309697,-2.21529519099
327,5.06380270805,2.23039339313,-2.83340931492
260,5.04865112515,2.52292480899,-2.52572631617
113,5.04435752124,0.681556724382,-4.36280079686
233,5.03141011511,2.27415242852,-2.75725768659
107,5.03030809213,3.02329154117,-2.00701655096
76,5.01808447275,2.41443034884,-2.60365412391
103,5.00375501931,2.43264055577,-2.57111446353
608,4.99388891475,2.40999483239,-2.58389408236
259,4.98613336183,2.28396076529,-2.70217259655
109,4.98563500597,1.24667472291,-3.73896028306
549,4.95266378325,4.35915776308,-0.593506020163
552,4.94559780911,2.48721982066,-2.45837798845
248,4.93759705072,1.41418973286,-3.52340731786
331,4.92810137854,2.21760190983,-2.71049946871
582,4.89088540755,2.44750250191,-2.44338290564
87,4.86056501548,3.30067153156,-1.55989348392
516,4.85037141675,1.97869267535,-2.87167874139
235,4.82341065682,3.76316105631,-1.06024960051
547,4.82280724783,3.70708529751,-1.11572195032
121,4.81693215412,1.82325071088,-2.99368144324
601,4.81404218859,2.20134284458,-2.612699344
298,4.74684392376,2.56740288031,-2.17944104345
182,4.74579560261,2.71863116771,-2.0271644349
47,4.73063637155,2.25688306162,-2.47375330994
124,4.71451760045,3.31885999787,-1.39565760258
78,4.70808083217,1.82737196662,-2.88070886555
198,4.70119410817,1.99479244717,-2.706401661
97,4.68842484979,2.31786477754,-2.37056007226
301,4.67281545295,2.64416867634,-2.02864677661
257,4.67177391558,2.25410815244,-2.41766576314
239,4.62316050133,1.02877168563,-3.5943888157
583,4.60184332502,0.528921129541,-4.07292219548
345,4.5904978793,2.87825695875,-1.71224092055
256,4.57382033861,0.823633828497,-3.75018651011
61,4.56115217963,2.85334260972,-1.70780956991
296,4.55870850421,0.948554911675,-3.61015359254
605,4.54861174275,3.44294183044,-1.1056699123
212,4.49092276227,2.81720286425,-1.67371989802
118,4.48870325885,3.12015107431,-1.36855218454
119,4.48812613647,2.3120149304,-2.17611120607
566,4.45386246285,1.4073547687,-3.04650769415
111,4.45366502539,0.668054585301,-3.78561044009
314,4.44013235103,0.0,-4.44013235103
160,4.43771132934,1.04714536564,-3.3905659637
120,4.43055885072,1.19725980038,-3.23329905034
95,4.4261058657,1.39458258903,-3.03152327668
199,4.42215394853,1.93318396113,-2.4889699874
367,4.41687231615,2.61615800626,-1.80071430989
108,4.40885269646,0.654394351581,-3.75445834488
603,4.40591157849,2.48916790175,-1.91674367674
541,4.4043394567,3.79847809807,-0.605861358634
237,4.38430666244,1.60524350844,-2.779063154
349,4.38349034188,1.65126795098,-2.7322223909
623,4.36921643618,1.68986747059,-2.67934896559
427,4.36774743363,1.65270480418,-2.71504262945
253,4.35761979289,2.03078683567,-2.32683295722
223,4.31949343227,1.1704827115,-3.14901072077
315,4.29999029825,2.01016891316,-2.28982138509
571,4.23840001471,2.98051578834,-1.25788422637
292,4.2107609962,1.72937513786,-2.48138585834
98,4.20060095945,1.08918902889,-3.11141193056
137,4.19464933844,2.3140924247,-1.88055691374
41,4.19312390731,1.96267309208,-2.23045081523
167,4.16295382844,1.37973677279,-2.78321705565
116,4.15610300738,3.10075653463,-1.05534647275
172,4.1442597179,1.90007452324,-2.24418519466
83,4.12338700551,1.49682891357,-2.62655809194
72,4.09399056235,2.1603026435,-1.93368791885
576,4.08031618152,0.0,-4.08031618152
617,4.05723872328,2.02244637852,-2.03479234476
307,4.05517321032,2.21965659482,-1.8355166155
134,4.05398402018,1.42511028355,-2.62887373663
338,4.04843193248,1.67844674336,-2.36998518912
89,4.01371271082,2.76167736591,-1.25203534491
43,4.01327155992,1.73817404071,-2.27509751921
544,3.99071402068,1.10332370206,-2.88739031862
284,3.97974356628,0.0,-3.97974356628
291,3.97532028899,0.0,-3.97532028899
531,3.93795851439,1.70397360909,-2.23398490531
93,3.92832805169,2.12767783316,-1.80065021853
162,3.91682936896,0.323670263085,-3.59315910587
540,3.91339648282,3.18034889966,-0.733047583155
536,3.89935351279,3.6252907535,-0.274062759299
365,3.8893090832,2.67398414927,-1.21532493393
317,3.88482300886,1.0102881041,-2.87453490476
50,3.88172347074,1.75958320539,-2.12214026535
545,3.8807723211,1.97691056118,-1.90386175992
587,3.86877516293,0.0,-3.86877516293
556,3.84615353361,0.783420081846,-3.06273345176
517,3.83787608735,1.73616009422,-2.10171599313
122,3.80525076682,2.71659102428,-1.08865974254
88,3.78465922878,1.53735917166,-2.24730005712
101,3.77669705699,2.16075172462,-1.61594533237
129,3.77545645653,1.69829039714,-2.07716605939
378,3.73430752959,1.03363670009,-2.70067082951
181,3.71377928431,0.057803572452,-3.65597571186
371,3.69794340951,0.336831342805,-3.36111206671
523,3.66226467949,2.22180233924,-1.44046234024
36,3.65475185923,2.09373129802,-1.5610205612
38,3.62229983471,0.288278759119,-3.33402107559
67,3.56773446135,1.59141352082,-1.97632094053
609,3.50288454699,1.25945958876,-2.24342495823
191,3.47373886573,1.75974606866,-1.71399279707
205,3.41733783918,1.48013549788,-1.9372023413
100,3.41663009331,1.34987455616,-2.06675553716
272,3.41551707267,1.18201393473,-2.23350313794
69,3.41550474435,1.12761525458,-2.28788948977
530,3.40735410429,1.84342909651,-1.56392500778
604,3.38087571693,0.137022256954,-3.24385345998
53,3.36747292617,1.59316037996,-1.77431254621
163,3.36389372127,0.0,-3.36389372127
127,3.35139258072,1.97810437158,-1.37328820914
226,3.34755734397,0.84208962951,-2.50546771446
262,3.33555559312,2.17076260148,-1.16479299163
161,3.31515531496,0.705349605937,-2.60980570903
158,3.29992762817,1.42206921965,-1.87785840852
548,3.29912244226,0.0,-3.29912244226
261,3.26110210921,1.07026925248,-2.19083285673
35,3.25318988299,1.71465723001,-1.53853265298
258,3.20777344381,1.34641132855,-1.86136211526
156,3.18842042863,1.6238518123,-1.56456861632
104,3.17036312902,1.55695250266,-1.61341062637
533,3.13471822265,2.78350171702,-0.351216505626
264,3.10234865064,0.631785839278,-2.47056281137
602,3.09979607659,1.51360025913,-1.58619581746
649,3.07479729128,0.694915025502,-2.37988226578
280,3.05822907088,0.779391184126,-2.27883788676
538,3.02438067533,2.44047549213,-0.583905183202
174,3.01259919619,0.232743967085,-2.7798552291
136,2.95082612934,1.80630474278,-1.14452138657
130,2.9160852004,0.121697309216,-2.79438789119
37,2.90540917639,0.964178015867,-1.94123116053
58,2.9036245896,0.782374719801,-2.12124986979
586,2.88791875522,0.531267308875,-2.35665144634
131,2.86099991258,1.19619541666,-1.66480449592
48,2.8604870348,1.28349135767,-1.57699567713
112,2.82554808305,1.39198142032,-1.43356666273
201,2.78741269947,1.57587385051,-1.21153884896
324,2.76656090668,0.478035940971,-2.28852496571
96,2.74226495292,0.745332575377,-1.99693237754
126,2.73978928292,1.71849909446,-1.02129018846
592,2.73812544184,1.7557773097,-0.982348132134
128,2.73723707644,0.273080848289,-2.46415622815
228,2.7242127879,1.39832003314,-1.32589275475
184,2.63958400912,1.07723511868,-1.56234889045
102,2.59718260499,0.0,-2.59718260499
279,2.57658838565,0.514690607577,-2.06189777807
359,2.50753264835,1.01405720365,-1.49347544471
177,2.50037557634,0.940094914486,-1.56028066185
176,2.43324566395,1.51987739247,-0.913368271485
449,2.42076396545,0.0,-2.42076396545
196,2.38024813958,0.687033238868,-1.69321490071
42,2.35848564186,0.485202954186,-1.87328268768
606,2.35306831784,1.97879783177,-0.374270486064
125,2.33738585658,0.405338716413,-1.93204714017
678,2.32873571152,1.17177948518,-1.15695622634
39,2.31713278363,0.929449193719,-1.38768358991
546,2.30575197165,0.0,-2.30575197165
175,2.28324224526,0.339937659798,-1.94330458546
542,2.26526052653,1.41595913752,-0.849301389008
123,2.25262988316,0.793506437987,-1.45912344517
679,2.24570879711,0.636706325707,-1.6090024714
511,2.20423359135,0.859617977985,-1.34461561337
60,2.17770963887,1.60553191075,-0.572177728128
598,2.16265725729,1.31226500519,-0.850392252106
71,2.16205632965,0.601417126898,-1.56063920276
225,2.02423818675,0.356302189594,-1.66793599716
159,2.02322642334,0.102505456625,-1.92072096672
79,2.00439989956,0.310911386134,-1.69348851342
56,1.95926410758,0.641614522235,-1.31764958535
539,1.95865297351,0.0,-1.95865297351
139,1.94908564498,0.89758267566,-1.05150296932
555,1.92084116015,1.05972873901,-0.861112421143
522,1.92082249326,0.0,-1.92082249326
299,1.90909628883,0.713883019415,-1.19521326942
550,1.87078345329,0.839402434143,-1.03138101915
54,1.85915311131,0.537843691404,-1.32130941991
180,1.73390954721,0.0,-1.73390954721
40,1.62467582743,0.195678186259,-1.42899764117
68,1.53067610152,0.0,-1.53067610152
52,1.37353647664,0.192235155303,-1.18130132134
138,1.2674252433,0.238582095485,-1.02884314781
57,0.902499603955,0.0,-0.902499603955
55,0.829823673044,0.0,-0.829823673044
456,0.814086049366,0.0,-0.814086049366
529,0.75792552105,0.0,-0.75792552105
537,0.687785908058,0.14524808644,-0.542537821618
59,0.317104305523,0.0,-0.317104305523
